1.000000000 0.000000000 0.000000000 0.000000000 0.000000000 1.000000000 0.000000000 0.000000000 0.000000000 0.000000000 1.000000000 0.000000000
0.999978960 0.000420853 -0.006473001 -0.008220525 -0.000418198 0.999999821 0.000411424 -0.002099499 0.006473173 -0.000408709 0.999978960 0.091714330
0.999907136 0.000960585 -0.013595472 -0.016326135 -0.000958845 0.999999523 0.000134443 -0.001579100 0.013595595 -0.000121395 0.999907553 0.188669309
0.999772549 0.001384493 -0.021283578 -0.026130777 -0.001396748 0.999998868 -0.000560909 -0.002125544 0.021282777 0.000590509 0.999773324 0.285379112
0.999541819 0.001719739 -0.030219445 -0.043012168 -0.001779766 0.999996483 -0.001959560 -0.002139570 0.030215969 0.002012446 0.999541342 0.390548915
0.999125481 0.001927419 -0.041767918 -0.058984578 -0.002072486 0.999991953 -0.003430140 -0.004871408 0.041760970 0.003513703 0.999121428 0.501246929
0.998479664 0.001742919 -0.055094108 -0.084370717 -0.001969060 0.999989867 -0.004050609 -0.007826652 0.055086490 0.004152934 0.998472929 0.626039326
0.997427702 0.001822795 -0.071656138 -0.108566970 -0.002145967 0.999987841 -0.004433316 -0.004185112 0.071647190 0.004575684 0.997419536 0.761438847
0.995904207 0.000219852 -0.090414241 -0.134630263 -0.000600948 0.999991059 -0.004187803 -0.009152641 0.090412512 0.004224985 0.995895445 0.917007685
0.993913472 -0.000750608 -0.110161267 -0.176213041 0.000271163 0.999990404 -0.004367123 -0.012625592 0.110163487 0.004310671 0.993904114 1.075298071
0.991242647 -0.000867301 -0.132049650 -0.216071457 0.000240355 0.999988616 -0.004763670 -0.012649443 0.132052302 0.004690213 0.991231680 1.223530173
0.987729311 0.002707820 -0.156151697 -0.270756006 -0.003700402 0.999974847 -0.006066180 -0.017758591 0.156131312 0.006569568 0.987714469 1.392178893
0.983344972 0.007080550 -0.181610733 -0.337018967 -0.008567776 0.999935746 -0.007405862 -0.024856845 0.181546628 0.008838519 0.983342648 1.566805363
0.977956116 0.010011640 -0.208570212 -0.410314798 -0.012051085 0.999891102 -0.008509755 -0.027959920 0.208462343 0.010835664 0.977970421 1.748943686
0.971269011 0.010715055 -0.237743258 -0.489280283 -0.013194092 0.999873817 -0.008838555 -0.028953090 0.237618566 0.011721419 0.971287906 1.934401631
0.963192582 0.012422418 -0.268524915 -0.576503277 -0.015202189 0.999850154 -0.008275133 -0.033465393 0.268381894 0.012052715 0.963237226 2.129884005
0.953788459 0.014522359 -0.300127715 -0.668555558 -0.017532868 0.999819279 -0.007339913 -0.035312045 0.299966902 0.012262823 0.953870773 2.306326151
0.942492962 0.016329853 -0.333826572 -0.767080843 -0.019529093 0.999789834 -0.006229623 -0.035899151 0.333654702 0.012390708 0.942613959 2.494497299
0.929977715 0.018449090 -0.367152691 -0.870830059 -0.022023935 0.999741971 -0.005549291 -0.041184988 0.366955549 0.013246863 0.930144131 2.673830748
0.916137934 0.021383123 -0.400292516 -0.994999588 -0.025502061 0.999662399 -0.004965119 -0.041085295 0.400051236 0.014757017 0.916374028 2.858183861
0.900064051 0.022163644 -0.435193539 -1.107676744 -0.026673956 0.999635041 -0.004257213 -0.042546269 0.434940398 0.015440097 0.900326908 3.027885914
0.881676078 0.017914357 -0.471515119 -1.229601860 -0.022799399 0.999729216 -0.004649216 -0.046088152 0.471304178 0.014849365 0.881845772 3.202145100
0.860454500 0.013519520 -0.509347856 -1.367048502 -0.018548230 0.999816597 -0.004796074 -0.051595502 0.509189546 0.013574308 0.860547304 3.379946709
0.835397422 0.015069146 -0.549439907 -1.527777910 -0.019103497 0.999816179 -0.001624622 -0.054568809 0.549314320 0.011853425 0.835531652 3.559662342
0.806239188 0.020778961 -0.591224790 -1.704963684 -0.023816058 0.999712825 0.002658140 -0.063123137 0.591110229 0.011937545 0.806502461 3.723343372
0.773670197 0.023828760 -0.633140326 -1.907877922 -0.027198970 0.999620438 0.004385573 -0.063240014 0.633004546 0.013827775 0.774024606 3.898757696
0.737811029 0.022792356 -0.674622297 -2.117237568 -0.026058748 0.999646604 0.005273858 -0.066334918 0.674504101 0.013688702 0.738144279 4.064324379
0.697734833 0.018359117 -0.716120839 -2.334082603 -0.020018084 0.999780834 0.006127154 -0.062450852 0.716076434 0.010060238 0.697949409 4.232849121
0.654720426 0.014765513 -0.755726814 -2.572311878 -0.014615834 0.999869585 0.006873248 -0.063181289 0.755729795 0.006545526 0.654850781 4.397181034
0.610442042 0.014481419 -0.791928530 -2.832424879 -0.012032019 0.999887049 0.009009563 -0.063352399 0.791969538 0.004028682 0.610547304 4.538438797
0.561936557 0.015002612 -0.827044308 -3.111454487 -0.009689424 0.999886334 0.011554478 -0.059395317 0.827123642 0.001520700 0.562018037 4.680394173
0.510957301 0.015688777 -0.859462976 -3.406334400 -0.007841541 0.999876916 0.013590060 -0.056476288 0.859570324 -0.000204426 0.511017442 4.803260326
0.458613873 0.016746486 -0.888477862 -3.710386038 -0.007578081 0.999859750 0.014934221 -0.044218801 0.888603330 -0.000116084 0.458676428 4.900599480
0.403931528 0.018941011 -0.914593041 -4.044215202 -0.006080859 0.999819040 0.018020403 -0.042590968 0.914768934 -0.001717497 0.403973669 4.997963428
0.348316252 0.020837475 -0.937145472 -4.397667885 -0.005815357 0.999781609 0.020068754 -0.035129122 0.937358975 -0.001540439 0.348361433 5.083772659
0.292918384 0.023961086 -0.955837131 -4.775641918 -0.003193126 0.999704897 0.024082229 -0.029403716 0.956132054 -0.004002019 0.292908460 5.157799721
0.239213169 0.025895564 -0.970621705 -5.121284962 0.001543047 0.999632895 0.027049858 -0.033750653 0.970965862 -0.007968397 0.239085391 5.213994503
0.188298821 0.026342597 -0.981758475 -5.512821198 0.003806453 0.999613106 0.027551742 -0.028964490 0.982104421 -0.008924980 0.188125700 5.248693466
0.140570164 0.027363278 -0.989692509 -5.928779602 0.001314705 0.999611855 0.027824268 -0.021436259 0.990069866 -0.005212415 0.140479654 5.271152020
0.098231614 0.027672110 -0.994778752 -6.357956886 0.000123418 0.999612987 0.027818775 -0.011712253 0.995163620 -0.002855458 0.098190159 5.272266865
0.060437053 0.026353767 -0.997824132 -6.795053482 -0.001716448 0.999652684 0.026298100 -0.003850564 0.998170495 0.000123334 0.060461298 5.259400845
0.025851661 0.023459846 -0.999390483 -7.264557838 0.000373245 0.999724329 0.023477336 0.003360689 0.999665737 -0.000979946 0.025835779 5.257752895
-0.005204327 0.020840684 -0.999769211 -7.738996029 0.000676051 0.999782681 0.020837439 0.007324755 0.999986291 -0.000567450 -0.005217288 5.226702213
-0.032048769 0.019004293 -0.999305546 -8.230792999 0.000519110 0.999819398 0.018997416 0.014045790 0.999486148 0.000090094 -0.032052841 5.189384937
-0.052419487 0.016529065 -0.998488426 -8.738877296 -0.000838128 0.999862015 0.016595801 0.025512442 0.998624802 0.001706804 -0.052398399 5.139100075
-0.069197372 0.015491678 -0.997482717 -9.256991386 0.000299397 0.999879658 0.015508139 0.039372630 0.997602880 0.000774479 -0.069193691 5.100291252
-0.082203485 0.015771691 -0.996490836 -9.794541359 0.000624336 0.999875367 0.015773756 0.048439853 0.996615350 0.000674513 -0.082203090 5.044628620
-0.091686353 0.017261149 -0.995638371 -10.350760460 0.000879854 0.999850750 0.017253155 0.051320404 0.995787561 0.000705862 -0.091687828 4.984397888
-0.098809600 0.018493162 -0.994934440 -10.922597885 -0.001253937 0.999824166 0.018708583 0.048915282 0.995105565 0.003096173 -0.098769046 4.922876835
-0.103188269 0.019473583 -0.994471252 -11.514779091 -0.001152470 0.999805331 0.019697618 0.055646107 0.994661152 0.003178661 -0.103145741 4.853048325
-0.104690157 0.020159913 -0.994300604 -12.121139526 0.000966677 0.999796093 0.020169558 0.066801384 0.994504452 0.001150387 -0.104688309 4.788045406
-0.103790291 0.022393536 -0.994347155 -12.735287666 0.002849061 0.999749005 0.022217808 0.071859866 0.994595170 -0.000526963 -0.103828043 4.727989197
-0.102016747 0.024779018 -0.994474053 -13.399792671 0.002003708 0.999692798 0.024703506 0.081995815 0.994780779 0.000527535 -0.102035046 4.650945663
-0.100394294 0.024792610 -0.994638801 -14.053527832 -0.000223357 0.999688864 0.024941036 0.088655889 0.994947672 0.002726097 -0.100357533 4.580553055
-0.098759137 0.022398038 -0.994859338 -14.718579292 -0.001582135 0.999741793 0.022665024 0.099248216 0.995110095 0.003812380 -0.098698214 4.511355877
-0.097315423 0.022045800 -0.995009422 -15.397474289 -0.002281996 0.999746978 0.022373959 0.110674769 0.995250940 0.004447938 -0.097240493 4.438998222
-0.095671281 0.024749435 -0.995105267 -16.094242096 -0.002176823 0.999683380 0.025072578 0.121951133 0.995410621 0.004564894 -0.095587105 4.370902538
-0.093790554 0.028408064 -0.995186567 -16.815305710 -0.003194022 0.999579072 0.028834471 0.131889910 0.995586812 0.005883050 -0.093660347 4.299541473
-0.092045531 0.030288551 -0.995294034 -17.544094086 -0.003059419 0.999523878 0.030700210 0.144798547 0.995750129 0.005870839 -0.091909043 4.226898193
-0.090356320 0.029585201 -0.995469987 -18.282592773 -0.005509880 0.999528468 0.030205937 0.159208059 0.995894372 0.008214218 -0.090150714 4.152006149
-0.088492654 0.026729370 -0.995718122 -19.038141251 -0.007650150 0.999592185 0.027513258 0.170991540 0.996047437 0.010052115 -0.088252082 4.080425262
-0.086777195 0.026022818 -0.995887816 -19.813060760 -0.008531223 0.999602675 0.026863264 0.187711865 0.996191144 0.010827260 -0.086520717 4.003664017
-0.085463144 0.028223325 -0.995941401 -20.594753265 -0.006092555 0.999565303 0.028848823 0.204915911 0.996322691 0.008533340 -0.085254028 3.936684847
-0.084417589 0.030617988 -0.995959878 -21.391830444 -0.003973538 0.999509513 0.031063905 0.214123219 0.996422529 0.006579824 -0.084254526 3.872075081
-0.082681611 0.032171730 -0.996056497 -22.186311722 -0.003397483 0.999463916 0.032563802 0.230212480 0.996570170 0.006076515 -0.082527973 3.787972212
-0.082342342 0.027551917 -0.996223211 -22.979249954 -0.003432297 0.999603987 0.027929116 0.238614380 0.996598184 0.005719082 -0.082215168 3.736173630
-0.081847288 0.020728953 -0.996429384 -23.786849976 -0.002159142 0.999777615 0.020975962 0.247348487 0.996642470 0.003868259 -0.081784323 3.665270805
-0.082234047 0.016136818 -0.996482313 -24.609214783 0.001276333 0.999869823 0.016086342 0.259221017 0.996612191 0.000051002 -0.082243934 3.602539062
-0.082943022 0.016675543 -0.996414781 -25.443063736 0.002380486 0.999860406 0.016535055 0.271190554 0.996551394 -0.001000483 -0.082971148 3.532213926
-0.082770780 0.024263490 -0.996273160 -26.292032242 0.001421036 0.999705434 0.024229020 0.274769515 0.996567607 0.000589714 -0.082780868 3.451823473
-0.083257161 0.031277128 -0.996037126 -27.126817703 0.000035201 0.999507427 0.031383157 0.284579694 0.996528089 0.002577811 -0.083217233 3.386781216
-0.083714075 0.036921289 -0.995805562 -27.971199036 -0.001884065 0.999305725 0.037209444 0.294083118 0.996487975 0.004991116 -0.083586395 3.310454369
-0.083938599 0.037331533 -0.995771289 -28.813095093 -0.003639211 0.999279797 0.037769832 0.303707898 0.996464252 0.006794169 -0.083742291 3.228442192
-0.084264249 0.033446848 -0.995881915 -29.647476196 -0.003655481 0.999419391 0.033874955 0.322269261 0.996436775 0.006494874 -0.084093049 3.154481411
-0.084419534 0.030599575 -0.995960295 -30.487522125 -0.003476600 0.999513209 0.031003414 0.341685593 0.996424198 0.006079850 -0.084272042 3.073109150
-0.084482707 0.031990074 -0.995911300 -31.317708969 -0.005177251 0.999456942 0.032543149 0.355391145 0.996411502 0.007905416 -0.084271222 2.998212814
-0.084699765 0.034447957 -0.995810807 -32.158782959 -0.005964962 0.999366820 0.035078324 0.365189970 0.996388733 0.008911099 -0.084440649 2.927646160
-0.084306158 0.033014297 -0.995892823 -32.987419128 -0.007273306 0.999403894 0.033746410 0.371343434 0.996413469 0.010088462 -0.084015772 2.845752478
-0.084125817 0.027810374 -0.996067047 -33.811344147 -0.007825301 0.999561131 0.028568849 0.383577228 0.996424496 0.010197900 -0.083871260 2.775797844
-0.083687447 0.023437101 -0.996216416 -34.647403717 -0.009401497 0.999660254 0.024307903 0.397705078 0.996447802 0.011400191 -0.083438642 2.692830801
-0.083175480 0.024532173 -0.996232867 -35.471546173 -0.009260281 0.999634743 0.025389083 0.400184870 0.996491849 0.011337145 -0.082917914 2.623690844
-0.082662836 0.027083319 -0.996209502 -36.299484253 -0.007931472 0.999581099 0.027833115 0.406502306 0.996546030 0.010202173 -0.082413405 2.553765535
-0.082130961 0.031970181 -0.996108651 -37.148998260 -0.007770703 0.999434412 0.032717630 0.418173790 0.996591210 0.010427596 -0.081836075 2.474173546
-0.081685387 0.037375212 -0.995957077 -37.985473633 -0.007274271 0.999247611 0.038095310 0.437047541 0.996631622 0.010356694 -0.081352048 2.406876326
-0.081563182 0.040471870 -0.995846033 -38.820655823 -0.007591191 0.999120951 0.041226704 0.454428911 0.996639252 0.010922239 -0.081184261 2.329414368
-0.081268519 0.040552944 -0.995866954 -39.653179169 -0.007201540 0.999121904 0.041273177 0.471666813 0.996666253 0.010525985 -0.080905117 2.257264376
-0.081249095 0.036015328 -0.996042907 -40.477649689 -0.007317022 0.999298394 0.036729902 0.493293822 0.996666968 0.010272341 -0.080928564 2.187228441
-0.080770470 0.031804759 -0.996225178 -41.308849335 -0.008130309 0.999436557 0.032566465 0.506647468 0.996699572 0.010730027 -0.080466367 2.106434345
-0.080571026 0.029203821 -0.996320844 -42.130889893 -0.012320542 0.999465168 0.030292323 0.517921448 0.996672690 0.014715897 -0.080168128 2.027538300
-0.080733605 0.027133338 -0.996366262 -42.956542969 -0.015169344 0.999480188 0.028447282 0.531257987 0.996620297 0.017410876 -0.080280036 1.944300175
-0.081788003 0.025244873 -0.996329904 -43.767883301 -0.013541058 0.999558747 0.026438253 0.535808206 0.996557772 0.015653694 -0.081410065 1.893119574
-0.083168291 0.021790786 -0.996297181 -44.596439362 -0.010142831 0.999690652 0.022711698 0.540486097 0.996483922 0.011994170 -0.082921542 1.829168081
-0.083530575 0.020170409 -0.996300995 -45.419376373 -0.005820245 0.999768198 0.020728577 0.551096499 0.996488214 0.007530185 -0.083393827 1.751910448
-0.085869364 0.023926429 -0.996019065 -46.241546631 -0.005676310 0.999683619 0.024503829 0.552748203 0.996290147 0.007757843 -0.085706383 1.681765079
-0.087516718 0.030494073 -0.995696247 -47.060733795 -0.003393732 0.999516368 0.030909363 0.552971005 0.996157289 0.006084211 -0.087370910 1.604783058
-0.089081801 0.034006506 -0.995443583 -47.870578766 -0.001212874 0.999412537 0.034250632 0.566869140 0.996023655 0.004258455 -0.088988230 1.529544830
-0.090357848 0.033309806 -0.995352149 -48.661396027 -0.001957596 0.999432743 0.033624064 0.569041491 0.995907426 0.004986696 -0.090241387 1.456752300
-0.091265656 0.029149003 -0.995399952 -49.457336426 -0.005094762 0.999544799 0.029737506 0.581993043 0.995813489 0.007785338 -0.091075607 1.372436523
-0.092258774 0.025533238 -0.995407641 -50.249919891 -0.009861799 0.999598682 0.026554778 0.588884890 0.995686233 0.012266421 -0.091969937 1.282649994
-0.093805455 0.024333047 -0.995293200 -51.045925140 -0.014168078 0.999567389 0.025772870 0.594477236 0.995489717 0.016519029 -0.093420126 1.193752289
-0.094826967 0.025308043 -0.995172024 -51.835338593 -0.015834926 0.999511898 0.026927276 0.602939188 0.995367765 0.018311903 -0.094379932 1.115584850
-0.095998906 0.026834304 -0.995019615 -52.622741699 -0.015784139 0.999469817 0.028477162 0.610757887 0.995256245 0.018439304 -0.095524453 1.037145138
-0.096800476 0.026394080 -0.994953692 -53.405212402 -0.017480928 0.999448955 0.028214077 0.616402984 0.995150208 0.020123851 -0.096285738 0.953011513
-0.097217813 0.026195420 -0.994918227 -54.182735443 -0.018243417 0.999438703 0.028097078 0.624221861 0.995095909 0.020882247 -0.096685335 0.868806839
-0.098027669 0.028013339 -0.994789362 -54.961750031 -0.016632164 0.999417961 0.029782638 0.632898092 0.995044708 0.019465024 -0.097504683 0.793987274
-0.098350056 0.030853258 -0.994673491 -55.726528168 -0.015956819 0.999341846 0.032575820 0.644284129 0.995023906 0.019075658 -0.097793020 0.721100330
-0.098485604 0.035169132 -0.994516850 -56.514526367 -0.015777308 0.999194503 0.036896955 0.652349353 0.995013416 0.019324617 -0.097851388 0.633625984
-0.099016421 0.037158553 -0.994391799 -57.275146484 -0.015960401 0.999114692 0.038924295 0.666166425 0.994957745 0.019725038 -0.098335691 0.555712700
-0.099918827 0.037221409 -0.994299173 -58.031257629 -0.015461087 0.999121308 0.038955629 0.677569032 0.994875491 0.019265350 -0.099255547 0.480545521
-0.100000955 0.035515118 -0.994353294 -58.769340515 -0.015091364 0.999193668 0.037205718 0.684024334 0.994872868 0.018726753 -0.099384353 0.403518677
-0.100254476 0.031658277 -0.994458079 -59.497871399 -0.014691733 0.999337614 0.033294730 0.700526834 0.994853377 0.017948257 -0.099722959 0.326645374
-0.099893562 0.028783120 -0.994581699 -60.242881775 -0.015169285 0.999421239 0.030446745 0.708975554 0.994882464 0.018128525 -0.099399135 0.241012096
-0.098873623 0.026491921 -0.994747281 -60.948749542 -0.015558081 0.999482214 0.028164428 0.718532324 0.994978309 0.018261079 -0.098410271 0.170078754
-0.096373282 0.025690377 -0.995013654 -61.643253326 -0.018400565 0.999450028 0.027587133 0.722640216 0.995175064 0.020967476 -0.095847562 0.093465328
-0.091887712 0.026498782 -0.995416701 -62.333534241 -0.018253366 0.999433100 0.028290683 0.729517698 0.995602071 0.020769270 -0.091351919 0.022679329
-0.086338349 0.028253209 -0.995865226 -62.985904694 -0.017974084 0.999390841 0.029911535 0.731423974 0.996103764 0.020482274 -0.085777931 -0.030587673
-0.079364263 0.029890724 -0.996397436 -63.635013580 -0.016970605 0.999364972 0.031331476 0.735849023 0.996701241 0.019396067 -0.078806594 -0.073975086
-0.070497669 0.031077631 -0.997027695 -64.273384094 -0.018186532 0.999308467 0.032434653 0.742034435 0.997346103 0.020419043 -0.069883712 -0.120837212
-0.058648512 0.033040095 -0.997731745 -64.898475647 -0.020329935 0.999205351 0.034283921 0.747670054 0.998071671 0.022294521 -0.057930201 -0.161926746
-0.043735091 0.034360304 -0.998452127 -65.501770020 -0.023396805 0.999099016 0.035407417 0.756385922 0.998769164 0.024909133 -0.042891771 -0.190047264
-0.025355395 0.035651933 -0.999042571 -66.101051331 -0.024472261 0.999042273 0.036273025 0.765356183 0.999378920 0.025368549 -0.024458624 -0.200084329
-0.003255077 0.036644462 -0.999323010 -66.662277222 -0.025611157 0.998997509 0.036715947 0.773564935 0.999666691 0.025713334 -0.002313308 -0.189384013
0.021905897 0.036959209 -0.999076605 -67.188941956 -0.025013151 0.999023914 0.036408812 0.778723121 0.999447107 0.024192484 0.022808978 -0.152765512
0.051375605 0.036283590 -0.998020053 -67.713211060 -0.023624124 0.999104321 0.035106890 0.788952112 0.998399973 0.021773709 0.052186750 -0.108658552
0.085836798 0.036006939 -0.995658338 -68.220703125 -0.022428239 0.999163389 0.034200124 0.798575401 0.996056795 0.019395238 0.086572543 -0.045928001
0.123038583 0.035892628 -0.991752565 -68.696090698 -0.021990087 0.999198973 0.033433996 0.809917450 0.992158234 0.017695058 0.123729311 0.043720245
0.164407581 0.036279600 -0.985725045 -69.143234253 -0.021841120 0.999212325 0.033133157 0.805026531 0.986150563 0.016081998 0.165070444 0.132515907
0.209338576 0.037049383 -0.977141082 -69.566680908 -0.021619946 0.999213099 0.033254504 0.816934228 0.977604151 0.014164289 0.209974840 0.246697426
0.257556766 0.036288619 -0.965581477 -69.999122620 -0.017646138 0.999304533 0.032849122 0.803660631 0.966102004 0.008578273 0.258018017 0.401590347
0.307181001 0.031065274 -0.951143861 -70.398017883 -0.010201319 0.999517202 0.029350571 0.808243513 0.951596498 0.000686985 0.307349563 0.579767227
0.358491004 0.026538186 -0.933155894 -70.761062622 -0.005300903 0.999637544 0.026392423 0.799693704 0.933518112 -0.004514876 0.358501762 0.760128021
0.410781711 0.021983320 -0.911468685 -71.145393372 -0.000480035 0.999714375 0.023895334 0.805851638 0.911733508 -0.009378229 0.410674900 0.976415634
0.462236434 0.020965423 -0.886508822 -71.527709961 -0.000713947 0.999728918 0.023270752 0.821415126 0.886756361 -0.010123669 0.462126136 1.210994720
0.510407448 0.020214591 -0.859695077 -71.895652771 0.000799493 0.999712050 0.023981575 0.820348263 0.859932363 -0.012927692 0.510244370 1.467903137
0.555247426 0.015239214 -0.831545532 -72.249580383 0.008957269 0.999664485 0.024301253 0.833653748 0.831636965 -0.020941587 0.554924607 1.759971619
0.598519027 0.008768938 -0.801060557 -72.561073303 0.019465495 0.999485672 0.025484834 0.831888795 0.800872087 -0.030846192 0.598040462 2.068084717
0.641609907 0.003870750 -0.767021418 -72.891235352 0.020520546 0.999542773 0.022209503 0.834317327 0.766756535 -0.029989529 0.641237020 2.379985809
0.682408571 0.000121817 -0.730970979 -73.147109985 0.017120812 0.999723017 0.016149992 0.821929455 0.730770469 -0.023535714 0.682217419 2.675865173
0.723295271 -0.007087475 -0.690502524 -73.432754517 0.014081768 0.999890864 0.004487424 0.827634871 0.690395236 -0.012969234 0.723316133 3.014976501
0.762722194 -0.009678693 -0.646653771 -73.706489563 0.009425337 0.999948204 -0.003849477 0.831534326 0.646657526 -0.003158853 0.762773931 3.380325317
0.799626052 -0.010476623 -0.600406826 -73.960311890 0.007874878 0.999944806 -0.006960427 0.828877807 0.600446641 0.000837600 0.799664378 3.776699066
0.833575726 -0.011057371 -0.552294493 -74.186965942 0.008163268 0.999937057 -0.007698743 0.811424255 0.552344918 0.001908956 0.833613634 4.192844391
0.864640832 -0.009260336 -0.502304971 -74.436195374 0.004603756 0.999934196 -0.010509807 0.810569763 0.502369225 0.006774719 0.864626586 4.645185471
0.890734792 -0.007836712 -0.454455823 -74.647232056 0.004133203 0.999949694 -0.009142205 0.798198342 0.454504639 0.006264923 0.890722394 5.122512817
0.911959887 -0.002036471 -0.410274267 -74.842330933 -0.001516597 0.999964178 -0.008334599 0.789291263 0.410276532 0.008223041 0.911924124 5.617271423
0.929589868 0.002393721 -0.368587762 -75.033798218 -0.006516618 0.999929368 -0.009941267 0.782915831 0.368537903 0.011643246 0.929539800 6.134016037
0.943079889 0.007228936 -0.332487822 -75.206871033 -0.010683176 0.999906301 -0.008562207 0.773544371 0.332394838 0.011626872 0.943068624 6.669939041
0.953135014 0.007876663 -0.302443057 -75.372329712 -0.010438626 0.999921978 -0.006855406 0.763739765 0.302365482 0.009691217 0.953142822 7.220678329
0.960519314 0.007159598 -0.278120995 -75.524055481 -0.009023067 0.999944687 -0.005420764 0.753835559 0.278066814 0.007716253 0.960530698 7.801525116
0.966382444 0.007506086 -0.256999314 -75.668991089 -0.008622874 0.999957740 -0.003218781 0.742374539 0.256964266 0.005326647 0.966406167 8.397027969
0.971064985 0.010276030 -0.238594234 -75.815147400 -0.010716958 0.999942422 -0.000550827 0.733746588 0.238574818 0.003091893 0.971119225 9.010351181
0.974655271 0.015252319 -0.223191589 -75.963401794 -0.015499252 0.999879777 0.000645442 0.732112408 0.223174602 0.002830221 0.974774361 9.643657684
0.977418303 0.018902579 -0.210466713 -76.092292786 -0.018856641 0.999819756 0.002225270 0.718890727 0.210470825 0.001793676 0.977598488 10.279451370
0.980191410 0.017207194 -0.197303519 -76.231796265 -0.017158972 0.999850869 0.001954097 0.710718632 0.197307691 0.001470137 0.980340481 10.962400436
0.982811332 0.017122652 -0.183816880 -76.349411011 -0.017114891 0.999852180 0.001628853 0.703854620 0.183817610 0.001545152 0.982959151 11.641336441
0.985497952 0.017294530 -0.168804079 -76.468727112 -0.017197521 0.999850035 0.002036783 0.702649236 0.168814003 0.000895766 0.985647500 12.337013245
0.987757266 0.018706549 -0.154873475 -76.573944092 -0.018530682 0.999824941 0.002579270 0.696751475 0.154894605 0.000322218 0.987930894 13.042222977
0.989681900 0.019314134 -0.141974807 -76.684387207 -0.019520672 0.999809444 -0.000061982 0.683987439 0.141946569 0.002832786 0.989870250 13.770422935
0.991153181 0.019960875 -0.131213143 -76.784561157 -0.020797746 0.999771178 -0.005010519 0.662137449 0.131083086 0.007695131 0.991341472 14.508559227
0.992456853 0.018120317 -0.121247493 -76.877159119 -0.019627392 0.999744058 -0.011246934 0.654588640 0.121012673 0.013541870 0.992558599 15.248413086
0.993413508 0.018027054 -0.113156736 -76.962547302 -0.019457353 0.999743938 -0.011548208 0.645530939 0.112919584 0.013673877 0.993510067 16.004556656
0.994120002 0.019736065 -0.106470324 -77.046073914 -0.020411991 0.999777853 -0.005262370 0.629294336 0.106342793 0.007404699 0.994301975 16.771835327
0.994565964 0.024639849 -0.101150185 -77.132766724 -0.024486018 0.999696374 0.002762299 0.610367537 0.101187527 -0.000270523 0.994867384 17.537857056
0.994945407 0.025319833 -0.097171910 -77.222084045 -0.024810806 0.999671400 0.006443365 0.601240635 0.097303115 -0.003999882 0.995246768 18.341205597
0.995295227 0.024243519 -0.093806133 -77.293296814 -0.023838455 0.999701083 0.005436367 0.590564847 0.093909875 -0.003174598 0.995575666 19.109718323
0.995587468 0.024358079 -0.090621561 -77.365280151 -0.024046034 0.999700606 0.004533704 0.579448760 0.090704866 -0.002334610 0.995875180 19.874046326
0.995931804 0.023340488 -0.087035097 -77.444129944 -0.022850409 0.999716878 0.006623033 0.573326766 0.087165050 -0.004607301 0.996183276 20.645723343
0.996174574 0.021017373 -0.084820248 -77.516128540 -0.020279763 0.999748647 0.009548530 0.558434248 0.084999621 -0.007791868 0.996350527 21.430894852
0.996425152 0.018221630 -0.082492232 -77.564117432 -0.017367810 0.999788046 0.011056110 0.555354953 0.082676210 -0.009583877 0.996530414 22.189838409
0.996689737 0.017005762 -0.079501003 -77.640060425 -0.016484074 0.999838054 0.007213726 0.544982731 0.079610795 -0.005879346 0.996808708 22.954290390
0.996771514 0.019648910 -0.077849627 -77.706459045 -0.019721011 0.999805510 -0.000157367 0.537327588 0.077831395 0.001692132 0.996965170 23.708026886
0.996896982 0.020715326 -0.075943410 -77.770011902 -0.021334089 0.999745488 -0.007345431 0.518340945 0.075771913 0.008942818 0.997085094 24.456462860
0.996956885 0.021327840 -0.074981809 -77.828887939 -0.022265784 0.999683738 -0.011695270 0.507062078 0.074708648 0.013329208 0.997116327 25.210670471
0.997082531 0.023334900 -0.072675049 -77.894409180 -0.024125207 0.999658763 -0.010015707 0.484736741 0.072416522 0.011739788 0.997305334 25.975193024
0.997179627 0.026679561 -0.070148349 -77.959007263 -0.027169310 0.999612629 -0.006036716 0.465014786 0.069960117 0.007925573 0.997518361 26.737667084
0.997246683 0.029630404 -0.067977391 -78.016517639 -0.029761160 0.999556541 -0.000911368 0.449598253 0.067920253 0.002931944 0.997686386 27.490261078
0.997486174 0.027717259 -0.065215759 -78.072143555 -0.027697872 0.999615610 0.001201494 0.431071520 0.065223992 0.000607864 0.997870445 28.244863510
0.997662961 0.024962721 -0.063604631 -78.124107361 -0.024940297 0.999688268 0.001146638 0.417848140 0.063613445 0.000442360 0.997974455 28.997880936
0.997773945 0.023375934 -0.062456511 -78.171440125 -0.023348244 0.999726653 0.001173240 0.401110530 0.062466867 0.000287622 0.998046935 29.746534348
0.997814178 0.023337318 -0.061824866 -78.218498230 -0.023415813 0.999725640 -0.000545279 0.388465345 0.061795179 0.001991766 0.998086810 30.493993759
0.997924984 0.020933740 -0.060891423 -78.271865845 -0.021096006 0.999775410 -0.002023073 0.377646089 0.060835399 0.003303440 0.998142481 31.251403809
0.997969210 0.019791974 -0.060545459 -78.316284180 -0.019948844 0.999799013 -0.001987541 0.365173757 0.060493942 0.003191316 0.998163521 32.011314392
0.997961760 0.023301220 -0.059408534 -78.376617432 -0.023398327 0.999725759 -0.000939325 0.353479952 0.059370361 0.002327471 0.998233259 32.785285950
0.997972548 0.023356462 -0.059204184 -78.430976868 -0.023502816 0.999722242 -0.001776796 0.341780335 0.059146237 0.003164659 0.998244345 33.558090210
0.997878671 0.023467353 -0.060724039 -78.479728699 -0.023623776 0.999719143 -0.001859213 0.329777628 0.060663357 0.003289800 0.998152852 34.322418213
0.997795939 0.021328278 -0.062836312 -78.528198242 -0.021457490 0.999768794 -0.001382145 0.318175465 0.062792309 0.002727408 0.998022914 35.102355957
0.997570097 0.022849675 -0.065815926 -78.592430115 -0.023005417 0.999734104 -0.001609361 0.307459176 0.065761656 0.003119573 0.997830510 35.898731232
0.997301340 0.026835905 -0.068335958 -78.660354614 -0.027003836 0.999634206 -0.001534750 0.288923532 0.068269767 0.003375941 0.997661173 36.689052582
0.997110724 0.026981119 -0.071008630 -78.724182129 -0.027510053 0.999600649 -0.006481394 0.275668561 0.070805393 0.008416120 0.997454584 37.489048004
0.996919274 0.027706023 -0.073377550 -78.793899536 -0.028532851 0.999540448 -0.010243787 0.266101778 0.073060013 0.012305900 0.997251630 38.293418884
0.996795774 0.027112313 -0.075253099 -78.861076355 -0.028091462 0.999533534 -0.011983378 0.252505779 0.074893087 0.014058951 0.997092545 39.100769043
0.996611357 0.027077409 -0.077669606 -78.931015015 -0.027937742 0.999559522 -0.010011493 0.228094339 0.077364303 0.012147483 0.996928930 39.935264587
0.996471703 0.025746915 -0.079882607 -78.998130798 -0.026597267 0.999600112 -0.009599118 0.212616652 0.079603516 0.011689906 0.996758044 40.756683350
0.996340811 0.025047587 -0.081716351 -79.069374084 -0.025815360 0.999631763 -0.008352444 0.202281296 0.081477053 0.010431415 0.996620655 41.593780518
0.996257603 0.024280654 -0.082953185 -79.141540527 -0.024735130 0.999684155 -0.004455232 0.186111256 0.082818806 0.006490416 0.996543527 42.435703278
0.996189892 0.024285626 -0.083762363 -79.216392517 -0.024346601 0.999703467 0.000293639 0.172571853 0.083744645 0.001746806 0.996485770 43.270771027
0.996246517 0.024353845 -0.083064161 -79.294425964 -0.024178404 0.999702811 0.003117547 0.151271209 0.083115391 -0.001097487 0.996539354 44.138553619
0.996315837 0.027544722 -0.081215978 -79.368774414 -0.027355276 0.999619782 0.003444622 0.139100015 0.081279971 -0.001210246 0.996690571 44.998554230
0.996489644 0.027140969 -0.079194672 -79.443855286 -0.027083267 0.999631584 0.001802870 0.132403702 0.079214424 0.000348310 0.996857524 45.853603363
0.996660948 0.024877202 -0.077770762 -79.509048462 -0.025001364 0.999687195 -0.000623067 0.120913468 0.077730939 0.002565361 0.996971011 46.715713501
0.996902525 0.020893630 -0.075821579 -79.574234009 -0.021122539 0.999774456 -0.002218289 0.105859235 0.075758129 0.003812962 0.997118890 47.577537537
0.997066140 0.019715818 -0.073961586 -79.643051147 -0.019958237 0.999797523 -0.002539930 0.097134948 0.073896542 0.004008621 0.997257769 48.458774567
0.997173369 0.017334035 -0.073108055 -79.706893921 -0.017361932 0.999849200 0.000253929 0.080158673 0.073101439 0.001016086 0.997323930 49.335567474
0.997307658 0.015091034 -0.071762860 -79.775840759 -0.014962607 0.999885321 0.002326902 0.070696369 0.071789764 -0.001246877 0.997418940 50.205329895
0.997345150 0.014148688 -0.071431778 -79.834846497 -0.013980814 0.999898195 0.002849580 0.051546007 0.071464822 -0.001843340 0.997441411 51.091846466
0.997417331 0.015777124 -0.070070222 -79.902137756 -0.015848717 0.999874234 -0.000465867 0.034359887 0.070054062 0.001575187 0.997541904 51.958526611
0.997459471 0.018437516 -0.068809815 -79.985046387 -0.018914515 0.999801278 -0.006286983 0.020259172 0.068680219 0.007572516 0.997609973 52.819213867
0.997438967 0.019704578 -0.068754435 -80.035034180 -0.020571468 0.999717236 -0.011923267 0.002146125 0.068500064 0.013307112 0.997562349 53.690120697
0.997429192 0.024319664 -0.067406282 -80.114799500 -0.025534285 0.999525666 -0.017216735 -0.030058384 0.066955604 0.018893644 0.997577012 54.539672852
0.997454226 0.024292137 -0.067044057 -80.166664124 -0.025548674 0.999512434 -0.017948631 -0.056745887 0.066575378 0.019615825 0.997588575 55.390083313
0.997555315 0.021248430 -0.066571444 -80.229919434 -0.022093926 0.999683976 -0.011990188 -0.078338683 0.066295646 0.013431701 0.997709692 56.241188049
0.997519970 0.020921500 -0.067201972 -80.288688660 -0.021188280 0.999770224 -0.003259404 -0.099192962 0.067118332 0.004675216 0.997734070 57.092407227
0.997449338 0.020137556 -0.068479545 -80.352897644 -0.019839304 0.999790549 0.005032752 -0.126933217 0.068566546 -0.003661329 0.997639775 57.938796997
0.997315109 0.017872429 -0.071015365 -80.412208557 -0.017731363 0.999839306 0.002616374 -0.139427602 0.071050704 -0.001350153 0.997471750 58.778846741
0.997277439 0.013246129 -0.072541483 -80.476760864 -0.013351259 0.999910355 -0.000964521 -0.154070824 0.072522216 0.001930415 0.997364879 59.618320465
0.997106552 0.011577624 -0.075130463 -80.539566040 -0.011780434 0.999927998 -0.002256822 -0.172685981 0.075098924 0.003135361 0.997171104 60.445934296
0.996860027 0.013832821 -0.077966638 -80.614364624 -0.014212098 0.999889672 -0.004311812 -0.194517642 0.077898398 0.005406342 0.996946633 61.270999908
0.996584117 0.015630489 -0.081092089 -80.691551208 -0.016352316 0.999832273 -0.008244812 -0.207668543 0.080949605 0.009542691 0.996672511 62.092620850
0.996237338 0.016294828 -0.085121736 -80.769737244 -0.017322082 0.999785542 -0.011343401 -0.228702128 0.084918648 0.012775205 0.996305943 62.895149231
0.995927513 0.018326208 -0.088274889 -80.847175598 -0.019743992 0.999689400 -0.015214687 -0.253349483 0.087968640 0.016895628 0.995979965 63.686206818
0.995557308 0.022579290 -0.091410153 -80.932678223 -0.024058485 0.999596298 -0.015112364 -0.279347062 0.091032021 0.017244415 0.995698571 64.492813110
0.995135128 0.026667984 -0.094841823 -81.024223328 -0.028061060 0.999516547 -0.013384923 -0.299324870 0.094439022 0.015981168 0.995402455 65.290893555
0.994705439 0.029453402 -0.098456301 -81.118545532 -0.030347981 0.999510407 -0.007600457 -0.318315685 0.098184235 0.010548163 0.995112360 66.086814880
0.994262099 0.029492401 -0.102825686 -81.203491211 -0.029829843 0.999553561 -0.001745222 -0.343592644 0.102728300 0.004802482 0.994697869 66.905395508
0.993750393 0.029180884 -0.107744254 -81.295578003 -0.029150097 0.999573290 0.001861117 -0.359152079 0.107752599 0.001291269 0.994176924 67.701011658
0.993058681 0.028759105 -0.114049867 -81.394363403 -0.028589772 0.999586344 0.003120505 -0.373602748 0.114092439 0.000161815 0.993470132 68.489761353
0.992418468 0.026227847 -0.120073721 -81.486289978 -0.025590146 0.999649048 0.006850004 -0.383036733 0.120211236 -0.003725366 0.992741346 69.273452759
0.991568744 0.026911678 -0.126756310 -81.591056824 -0.026324267 0.999633551 0.006307335 -0.393049836 0.126879603 -0.002917389 0.991913855 70.052635193
0.990699947 0.031545799 -0.132357493 -81.718376160 -0.031047905 0.999500990 0.005824395 -0.405915916 0.132475168 -0.001660807 0.991184831 70.825851440
0.989848375 0.032451004 -0.138373047 -81.834800720 -0.032477997 0.999470353 0.002063384 -0.414592862 0.138366714 0.002451642 0.990377963 71.592300415
0.988979161 0.031879492 -0.144581676 -81.942794800 -0.032340847 0.999476552 -0.000841134 -0.424154997 0.144479200 0.005507757 0.989492476 72.339630127
0.988125384 0.033377416 -0.149980068 -82.066421509 -0.034031298 0.999419272 -0.001794688 -0.439626276 0.149833038 0.006877394 0.988687396 73.105072021
0.987333894 0.035272934 -0.154685572 -82.193695068 -0.035245255 0.999374390 0.002922295 -0.444382757 0.154691905 0.002566651 0.987959504 73.873847961
0.986374974 0.036074586 -0.160508558 -82.331222534 -0.035394579 0.999348164 0.007094651 -0.454813838 0.160659894 -0.001316854 0.987008870 74.639831543
0.985356152 0.035613310 -0.166748390 -82.464622498 -0.034486786 0.999358535 0.009647477 -0.473092794 0.166985005 -0.003755585 0.985952258 75.396804810
0.984218419 0.033302937 -0.173795775 -82.603866577 -0.032772381 0.999445260 0.005922353 -0.480622947 0.173896596 -0.000133188 0.984763861 76.144737244
0.982797682 0.030248307 -0.182191104 -82.753334045 -0.031027667 0.999517441 -0.001428232 -0.485216558 0.182059988 0.007056629 0.983262122 76.893562317
0.981075764 0.027831325 -0.191613555 -82.891082764 -0.028972423 0.999575198 -0.003155480 -0.496766418 0.191444337 0.008647272 0.981465399 77.620483398
0.978989840 0.027134435 -0.202096000 -83.054092407 -0.027757529 0.999614775 -0.000249176 -0.508192420 0.202011362 0.005853625 0.979365706 78.360610962
0.976647675 0.027648028 -0.213060856 -83.225082397 -0.026992785 0.999617755 0.005984277 -0.517315090 0.213144854 -0.000093426 0.977020621 79.101325989
0.973954797 0.029014980 -0.224878520 -83.409019470 -0.026692823 0.999554515 0.013360322 -0.518970370 0.225165963 -0.007009706 0.974295199 79.832710266
0.971269727 0.030595452 -0.236006349 -83.584495544 -0.027333455 0.999480426 0.017081734 -0.526834130 0.236406326 -0.010140104 0.971601367 80.552169800
0.968280315 0.033664867 -0.247587919 -83.784103394 -0.031543639 0.999423862 0.012530437 -0.533715963 0.247867122 -0.004323154 0.968784392 81.264450073
0.965221405 0.033674236 -0.259256303 -83.993591309 -0.033928096 0.999418199 0.003496620 -0.540018678 0.259223163 0.005421059 0.965802252 81.964439392
0.961960495 0.031255554 -0.271394610 -84.208396912 -0.032771852 0.999462247 -0.001055583 -0.544595242 0.271215677 0.009909531 0.962467670 82.669265747
0.958600521 0.030145569 -0.283154070 -84.427673340 -0.030195788 0.999535263 0.004188035 -0.559251189 0.283148706 0.004535409 0.959065318 83.369255066
0.954933226 0.030821217 -0.295216262 -84.644767761 -0.028855411 0.999522924 0.011014036 -0.554783702 0.295414835 -0.001999082 0.955366969 84.120513916
0.951239049 0.030786350 -0.306914270 -84.887741089 -0.027116194 0.999500811 0.016216233 -0.557790399 0.307260215 -0.007103167 0.951599002 84.833282471
0.947108090 0.028513713 -0.319645584 -85.132751465 -0.025105707 0.999575555 0.014778234 -0.564819455 0.319931328 -0.005971656 0.947421908 85.538070679
0.943146110 0.026270399 -0.331338763 -85.380020142 -0.024149919 0.999653041 0.010516078 -0.569141388 0.331500024 -0.001916393 0.943453252 86.232757568
0.940382659 0.022133864 -0.339397341 -85.659179688 -0.022198804 0.999746799 0.003691514 -0.575464964 0.339393079 0.004062778 0.940635860 86.908584595
0.937256634 0.017963234 -0.348177195 -85.904556274 -0.019925578 0.999799371 -0.002055715 -0.587519050 0.348070413 0.008864366 0.937426507 87.639129639
0.934542060 0.017698657 -0.355412394 -86.179382324 -0.020425459 0.999783695 -0.003921151 -0.597520590 0.355266124 0.010923943 0.934701443 88.344451904
0.931494415 0.023172833 -0.363017082 -86.474227905 -0.026376164 0.999644578 -0.003869372 -0.614284873 0.362798423 0.013179296 0.931774497 89.045257568
0.928215206 0.022943642 -0.371335685 -86.757339478 -0.025374047 0.999676704 -0.001659838 -0.627911568 0.371177554 0.010962978 0.928497195 89.755554199
0.925268292 0.024575671 -0.378516644 -87.055885315 -0.024360705 0.999688864 0.005357342 -0.634964526 0.378530532 0.004263953 0.925579011 90.449592590
0.922427893 0.026289767 -0.385273606 -87.351806641 -0.022843502 0.999647617 0.013520308 -0.638782263 0.385493279 -0.003670508 0.922703385 91.157524109
0.919804871 0.036536429 -0.390671283 -87.677444458 -0.030987313 0.999309599 0.020500401 -0.649082184 0.391150594 -0.006750518 0.920302033 91.858016968
0.917119503 0.043082591 -0.396277428 -87.998977661 -0.039456639 0.999071479 0.017301349 -0.648147821 0.396654844 -0.000231630 0.917967856 92.547874451
0.914707363 0.040075615 -0.402124792 -88.294555664 -0.039242458 0.999176502 0.010313341 -0.656795502 0.402206928 0.006346672 0.915526807 93.208526611
0.912679076 0.031832427 -0.407435387 -88.602966309 -0.033890069 0.999423206 0.002167982 -0.647356153 0.407269388 0.011829343 0.913231492 93.925178528
0.911044121 0.032157335 -0.411052823 -88.924942017 -0.034579132 0.999400854 0.001544691 -0.650502741 0.410856187 0.012806568 0.911610246 94.615997314
0.908822060 0.038350359 -0.415417492 -89.266845703 -0.039047420 0.999214053 0.006819809 -0.658505499 0.415352523 0.010022986 0.909605384 95.313995361
0.906319261 0.041286454 -0.420571983 -89.598342896 -0.040126331 0.999127150 0.011610742 -0.669301748 0.420684248 0.006352970 0.907184899 96.005264282
0.904046714 0.037598636 -0.425776720 -89.916572571 -0.037009455 0.999268174 0.009659657 -0.682216167 0.425828338 0.007024978 0.904776692 96.680305481
0.901802063 0.036463026 -0.430608213 -90.271392822 -0.038873900 0.999238968 0.003201772 -0.685773075 0.430397242 0.013852057 0.902533293 97.400062561
0.899669170 0.033909682 -0.435253501 -90.614379883 -0.039188888 0.999226809 -0.003155779 -0.694980979 0.434810013 0.019896258 0.900302410 98.087432861
