0.000000000000000000e+00 0.000000000000000000e+00 0.000000000000000000e+00 0.000000000000000000e+00 0.000000000000000000e+00 0.000000000000000000e+00 0.000000000000000000e+00 0.000000000000000000e+00 0.000000000000000000e+00 0.000000000000000000e+00 0.000000000000000000e+00 0.000000000000000000e+00
9.999995855107335352e-01 -8.391855200169814032e-04 3.531940322001906273e-04 -9.839612990617752075e-03 8.383296898302704508e-04 9.999967292738317637e-01 2.416328820768978529e-03 -1.518119033426046371e-02 -3.552206251572160374e-04 -2.416031726183153448e-03 9.999970183000576052e-01 8.639370203018188477e-01
9.999986280543693429e-01 -1.595985225005940164e-03 4.435318937763502319e-04 -2.106164488941431046e-02 1.593717468050042437e-03 9.999858921016986368e-01 5.067115767560250242e-03 -3.050719667226076126e-02 -4.516126783719202138e-04 -5.066401951226163700e-03 9.999870637249550498e-01 1.708728730678558350e+00
9.999976313340591672e-01 -2.160639878862542860e-03 2.626053789133641833e-04 -3.346524201333522797e-02 2.158652220410747433e-03 9.999706788685264192e-01 7.347218780577439469e-03 -4.623533505946397781e-02 -2.784723729225668364e-04 -7.346634503786269969e-03 9.999729743421095218e-01 2.551025927066802979e+00
9.999970726461213655e-01 -2.406773012742542770e-03 -2.492846825366258580e-04 -4.873237665742635727e-02 2.409072296581429937e-03 9.999502927222571058e-01 9.675146269807036875e-03 -6.226553302258253098e-02 2.259864103371657092e-04 -9.675718492052738651e-03 9.999531636040783766e-01 3.403382956981658936e+00
9.999962993798068300e-01 -2.554163898683142146e-03 -9.367355393008016708e-04 -6.711804587393999100e-02 2.565067760378777605e-03 9.999267340761425205e-01 1.182991577332027401e-02 -7.848349865525960922e-02 9.064513647134279277e-04 -1.183227478542694076e-02 9.999295853305498749e-01 4.264742851257324219e+00
9.999959082460736504e-01 -2.478193464417776867e-03 -1.429002541300611719e-03 -8.891028631478548050e-02 2.498448109347219982e-03 9.998939002388377295e-01 1.435081956579719285e-02 -9.510945621877908707e-02 1.393286817215281864e-03 -1.435433113447245369e-02 9.998960005568213738e-01 5.133355140686035156e+00
9.999956568998970008e-01 -2.198457949760237919e-03 -1.962896835399437559e-03 -1.141715804114937782e-01 2.231731553070586977e-03 9.998510688052574258e-01 1.711314066030624262e-02 -1.116749057546257973e-01 1.924981978698569757e-03 -1.711744699502626421e-02 9.998516327199521436e-01 6.012269556522369385e+00
9.999930232551507148e-01 -1.824253854262304630e-03 -3.259683864869670003e-03 -1.418466484174132347e-01 1.888267301720792995e-03 9.998032855162994892e-01 1.974397926989455987e-02 -1.281357249245047569e-01 3.223024607559585222e-03 -1.974999667564486527e-02 9.997997548227800513e-01 6.911533951759338379e+00
9.999856243795114397e-01 -1.737910257936854880e-03 -5.072543962750358272e-03 -1.708813486620783806e-01 1.849565971559079779e-03 9.997542591766618303e-01 2.209073026952433627e-02 -1.444308878853917122e-01 5.032905724879811402e-03 -2.209979470627240761e-02 9.997431014685247419e-01 7.808757603168487549e+00
9.999737257989648187e-01 -1.700681449782533812e-03 -7.046658381325079067e-03 -2.005355907604098320e-01 1.867908935082288231e-03 9.997151557458153759e-01 2.379324039155703355e-02 -1.608239086344838142e-01 7.004186458609818443e-03 -2.380577775932865917e-02 9.996920657469111626e-01 8.715408265590667725e+00
9.999636870675058242e-01 -1.927499776958955342e-03 -8.301162025221218294e-03 -2.285864697769284248e-01 2.131932964475322968e-03 9.996929060095334219e-01 2.468903675822602117e-02 -1.770992511883378029e-01 8.251024675404571712e-03 -2.470583774786589207e-02 9.996607135288362311e-01 9.616415023803710938e+00
9.999565949202506854e-01 -2.327958674004761922e-03 -9.021578792521129167e-03 -2.559515489265322685e-01 2.555496925625170678e-03 9.996768233198957132e-01 2.529265412140477981e-02 -1.935056196525692940e-01 8.959782975087137238e-03 -2.531461090860414459e-02 9.996393813588904109e-01 1.051682555675506592e+01
9.999542931713485405e-01 -3.054873421155574875e-03 -9.059763604495049694e-03 -2.831043535843491554e-01 3.288024081529599546e-03 9.996608778988326227e-01 2.583250077275666898e-02 -2.101143365725874901e-01 8.977776218412739095e-03 -2.586110877197475566e-02 9.996252310677518071e-01 1.141527372598648071e+01
9.999480695225062554e-01 -3.521621336033149609e-03 -9.563286118209994580e-03 -3.113531647250056267e-01 3.771726575256744568e-03 9.996479842026512186e-01 2.626179274568626182e-02 -2.267346968874335289e-01 9.467435600766129292e-03 -2.629649905864797285e-02 9.996093545982870365e-01 1.233765220642089844e+01
9.999421736048976772e-01 -3.975706886249207560e-03 -9.992156977711632443e-03 -3.398612057790160179e-01 4.240906767727811895e-03 9.996355290637674029e-01 2.666127797366623850e-02 -2.434592721983790398e-01 9.882517700466874125e-03 -2.670211205422317810e-02 9.995945843469459247e-01 1.325678008794784546e+01
9.999434979269679058e-01 -4.370657892266756155e-03 -9.690113681928732431e-03 -3.706642454490065575e-01 4.637823101253758969e-03 9.996049108046861642e-01 2.772206507525775895e-02 -2.598406625911593437e-01 9.565121560200532877e-03 -2.776543975420010454e-02 9.995687013931531251e-01 1.416835981607437134e+01
9.999470456598352763e-01 -4.834758957157781617e-03 -9.084656404804186680e-03 -4.026261968538165092e-01 5.093975492008839638e-03 9.995742186230373028e-01 2.873034768030388250e-02 -2.764865858480334282e-01 8.941884021501311786e-03 -2.877510330077916526e-02 9.995459149734821080e-01 1.509619057178497314e+01
9.999479031987486000e-01 -4.954588258538506797e-03 -8.924289529953010475e-03 -4.353615334257483482e-01 5.217030218922393339e-03 9.995473666144255587e-01 2.962844055737747298e-02 -2.934049842879176140e-01 8.773453374864834120e-03 -2.967345529855854383e-02 9.995211416305928021e-01 1.603169786930084229e+01
9.999417872010897268e-01 -5.024179490566871124e-03 -9.548812990997565531e-03 -4.706351673230528831e-01 5.313353556351980804e-03 9.995205327304618192e-01 3.050365427615068722e-02 -3.108279993757605553e-01 9.390978813503864445e-03 -3.055261479252294188e-02 9.994890430846472551e-01 1.699374538660049438e+01
9.999269877155932962e-01 -5.100080711371721837e-03 -1.095483522273578945e-02 -5.081439865753054619e-01 5.440288734309187829e-03 9.994966819511873490e-01 3.125357622823957127e-02 -3.287525130435824394e-01 1.078992569516338748e-02 -3.131089179989172966e-02 9.994514523268194228e-01 1.798244923353195190e+01
9.999030544439304613e-01 -5.228570374903889276e-03 -1.290518366908688028e-02 -5.465246057137846947e-01 5.637877600258438780e-03 9.994755917045102800e-01 3.188661040442268557e-02 -3.470157189294695854e-01 1.273169469719932778e-02 -3.195627698518102577e-02 9.994081750272927334e-01 1.899280697107315063e+01
9.998892382186632677e-01 -5.515155617093076175e-03 -1.382368811209846310e-02 -5.848813569173216820e-01 5.962387326229800534e-03 9.994532046944245574e-01 3.252293903411478115e-02 -3.653040928766131401e-01 1.363676031443465490e-02 -3.260175891825439071e-02 9.993753869710633175e-01 2.000682586431503296e+01
9.998814960511613892e-01 -6.030473933398726102e-03 -1.416429449813620331e-02 -6.232791161164641380e-01 6.496892919596575743e-03 9.994303525136830624e-01 3.311737998040647363e-02 -3.836484728381037712e-01 1.395651234666558244e-02 -3.320547934473962876e-02 9.993510954137206914e-01 2.102680224180221558e+01
9.998726119285213931e-01 -6.494034758420015249e-03 -1.458037817729169842e-02 -6.617793804034590721e-01 6.976656377221998780e-03 9.994211294051200678e-01 3.329763301480283266e-02 -4.028484942391514778e-01 1.435570203893139080e-02 -3.339511358194118679e-02 9.993391217238614121e-01 2.207322078943252563e+01
9.998556803834908191e-01 -6.938186360259356034e-03 -1.550741677059431535e-02 -6.980210980400443077e-01 7.450555560847929061e-03 9.994199449068347230e-01 3.323045206213932207e-02 -4.211304886266589165e-01 1.526786254527190759e-02 -3.334119512629582505e-02 9.993274023466227618e-01 2.307456666231155396e+01
9.998176303712507096e-01 -7.172556080610461085e-03 -1.769916489802690271e-02 -7.335665030404925346e-01 7.750634269048751329e-03 9.994314934667806183e-01 3.281185052976837158e-02 -4.386125886812806129e-01 1.745375796911647487e-02 -3.294304639876086821e-02 9.993048193753117925e-01 2.406997060775756836e+01
9.997524330618868804e-01 -7.417908646586953217e-03 -2.097730245165866855e-02 -7.688713883981108665e-01 8.095637310577163959e-03 9.994418857977409587e-01 3.240952899366342232e-02 -4.554423028603196144e-01 2.072518379588140364e-02 -3.257133009820768060e-02 9.992545097282576894e-01 2.505110210180282593e+01
9.996731125043576416e-01 -7.592168746877080848e-03 -2.441366645075919092e-02 -8.050913615152239799e-01 8.373401755013859526e-03 9.994509198886647461e-01 3.205846029913082124e-02 -4.723583096638321877e-01 2.415686815171024654e-02 -3.225240622683459013e-02 9.991877841595542264e-01 2.605352848768234253e+01
9.996229953022249815e-01 -7.817586304552665705e-03 -2.632019390845677723e-02 -8.405203809961676598e-01 8.643221654115282315e-03 9.994694426188337477e-01 3.140267489618773361e-02 -4.899703478440642357e-01 2.606073641411016037e-02 -3.161832721015925274e-02 9.991602070749141529e-01 2.706819528341293335e+01
9.996539727468698455e-01 -8.512548484589632300e-03 -2.488918017327741011e-02 -8.751120334491133690e-01 9.284490959305245761e-03 9.994742148474791144e-01 3.106593122121905151e-02 -5.089388294145464897e-01 2.461164356614433529e-02 -3.128626493067595410e-02 9.992074042097869313e-01 2.811784952878952026e+01
9.997387985427487189e-01 -9.619380553996328270e-03 -2.073167156933113098e-02 -9.061912326142191887e-01 1.025295336347567185e-02 9.994768488408697360e-01 3.067418423449054868e-02 -5.283294273540377617e-01 2.042575911998397234e-02 -3.087873295461575351e-02 9.993144110916692968e-01 2.914504188299179077e+01
9.997744060033025848e-01 -1.069143176762253622e-02 -1.835293947850134832e-02 -9.369210721924901009e-01 1.124048475438004825e-02 9.994843321929413049e-01 3.007858379839007529e-02 -5.484816348180174828e-01 1.802189233210018532e-02 -3.027809418686215268e-02 9.993790314035919664e-01 3.020320051908493042e+01
9.997705586610469153e-01 -1.138106511640650000e-02 -1.814666336807596592e-02 -9.673022488132119179e-01 1.190799330339899903e-02 9.995026992476885308e-01 2.919852551193259996e-02 -5.682302759960293770e-01 1.780532869857671258e-02 -2.940791650900977106e-02 9.994088976572776950e-01 3.127309113740921021e+01
9.997220649689868566e-01 -1.173357386594784356e-02 -2.044788640611144848e-02 -9.973960453644394875e-01 1.231186098828552546e-02 9.995211421487978365e-01 2.838845674861274065e-02 -5.863550165668129921e-01 2.010499672096528051e-02 -2.863231813694219752e-02 9.993878023394897614e-01 3.231879669427871704e+01
9.996719980505339720e-01 -1.211019256035668692e-02 -2.256633665007135373e-02 -1.027041004039347172e+00 1.272800793681485090e-02 9.995424647035413557e-01 2.743827743008462119e-02 -6.040214607492089272e-01 2.222372893133936142e-02 -2.771650213358450854e-02 9.993687514535690708e-01 3.336262494325637817e+01
9.996747678965153261e-01 -1.292768405710597278e-02 -2.198257073155600663e-02 -1.056698969565331936e+00 1.352654105233134715e-02 9.995353403778851620e-01 2.731549052872509278e-02 -6.220630081370472908e-01 2.161923028712653752e-02 -2.760395479971888832e-02 9.993851262457368323e-01 3.440800839662551880e+01
9.997225722116603874e-01 -1.363962567219666883e-02 -1.920258373302794613e-02 -1.087610238231718540e+00 1.416687007148269284e-02 9.995188180401628486e-01 2.759406051985667865e-02 -6.410277271643280983e-01 1.881697113988656592e-02 -2.785844566945791870e-02 9.994347545497918039e-01 3.548218446969985962e+01
9.997950713022294433e-01 -1.432983847841652267e-02 -1.429934015793372405e-02 -1.119159483350813389e+00 1.473548720768124570e-02 9.994800778332149083e-01 2.867820481241511316e-02 -6.601263964548707008e-01 1.388095157120235873e-02 -2.888303556922402343e-02 9.994864128340038567e-01 3.653857058286666870e+01
9.998145387092198799e-01 -1.447033979367385280e-02 -1.270816477408634980e-02 -1.152258460409939289e+00 1.484172916030259380e-02 9.994506412606077861e-01 2.963340613719480515e-02 -6.782505298033356667e-01 1.227237797665692125e-02 -2.981652142714387790e-02 9.994800467186839565e-01 3.756251865625381470e+01
9.998111898868640157e-01 -1.434592224804066840e-02 -1.310645229901479837e-02 -1.186971289105713367e+00 1.473339232449453508e-02 9.994424678887184887e-01 2.996131724608259647e-02 -6.959376977756619453e-01 1.266932230333193792e-02 -3.014876275008731774e-02 9.994651271440204710e-01 3.860856789350509644e+01
9.997793451970400369e-01 -1.358793569337759209e-02 -1.601964172416451768e-02 -1.221275036223232746e+00 1.405933161551973717e-02 9.994602657839317672e-01 2.969027304754102634e-02 -7.119510406628251076e-01 1.560756585450801849e-02 -2.990894720155373374e-02 9.994307673698022976e-01 3.963451653718948364e+01
9.997475104789291800e-01 -1.292194024185832832e-02 -1.838311049766708227e-02 -1.256635964848101139e+00 1.345565533689921378e-02 9.994826761935758919e-01 2.921173271790034748e-02 -7.287000408396124840e-01 1.799612821242866853e-02 -2.945171386037349556e-02 9.994041904655235342e-01 4.069878262281417847e+01
9.997094941815902747e-01 -1.192779344427094719e-02 -2.094409192922295007e-02 -1.293049496598541737e+00 1.252991275098078693e-02 9.995050153155436989e-01 2.885698607837467941e-02 -7.457125047221779823e-01 2.058952475512108860e-02 -2.911103060053882655e-02 9.993641075042332123e-01 4.177563077211380005e+01
9.996535809686390994e-01 -1.104158700615221096e-02 -2.389145062489645907e-02 -1.329190944321453571e+00 1.171967806053241315e-02 9.995270574018465526e-01 2.843080490881596395e-02 -7.626591501757502556e-01 2.356623013410863790e-02 -2.870095604664153408e-02 9.993102060517918828e-01 4.286338156461715698e+01
9.995864052479167539e-01 -9.697218708839815474e-03 -2.707364757214123299e-02 -1.363922090269625187e+00 1.045123109586051056e-02 9.995574975389303063e-01 2.784925281389409243e-02 -7.792775789275765419e-01 2.679160712104632427e-02 -2.812068745646515919e-02 9.992454336772560453e-01 4.393882840871810913e+01
9.995631855953748257e-01 -8.991547798062564725e-03 -2.815297623025773618e-02 -1.398864594288170338e+00 9.767217815114760324e-03 9.995730724857760929e-01 2.753677935957242820e-02 -7.978192074224352837e-01 2.789335868228144319e-02 -2.779972714867585959e-02 9.992242669750774908e-01 4.505614513158798218e+01
9.995687384710923995e-01 -8.823326830110656688e-03 -2.800867677984730450e-02 -1.430945103056728840e+00 9.584662445892204105e-03 9.995850045873598821e-01 2.716528759070990437e-02 -8.165123714134097099e-01 2.775736509662276794e-02 -2.742202595974125787e-02 9.992384906393249056e-01 4.612769073247909546e+01
9.995794734726721753e-01 -8.887748747272801800e-03 -2.760224871819045786e-02 -1.461167274974286556e+00 9.625576797889031158e-03 9.995967763446247378e-01 2.671391009834209532e-02 -8.350763013586401939e-01 2.735369231755443303e-02 -2.696836375532846858e-02 9.992619690916676456e-01 4.717253881692886353e+01
9.995774526256191450e-01 -9.061762212468189859e-03 -2.761884624821474635e-02 -1.490331522189080715e+00 9.784286567167968518e-03 9.996104427694240124e-01 2.613867714111795665e-02 -8.537572706118226051e-01 2.737122465015729908e-02 -2.639786301806927582e-02 9.992767228797185819e-01 4.821677893400192261e+01
9.995556461136191340e-01 -9.441439121902116260e-03 -2.827312415869293397e-02 -1.518001058138906956e+00 1.015922251354047304e-02 9.996269537451496490e-01 2.535238734543216951e-02 -8.721428411081433296e-01 2.802321395389583553e-02 -2.562835487306730844e-02 9.992786833042093253e-01 4.925593310594558716e+01
9.995298759741519934e-01 -9.659986846885796480e-03 -2.909831076221067528e-02 -1.545482880435883999e+00 1.036798004188954105e-02 9.996514501067219616e-01 2.427927695337513819e-02 -8.911798419430851936e-01 2.885363105307844206e-02 -2.456955338718443821e-02 9.992816444933865228e-01 5.032755845785140991e+01
9.995682909334161481e-01 -1.024390956379942798e-02 -2.753713996220783639e-02 -1.570623592473566532e+00 1.088460674669371013e-02 9.996711628613046408e-01 2.321834359933604500e-02 -9.107936481013894081e-01 2.729023811584199016e-02 -2.350805096931044696e-02 9.993510966838455856e-01 5.140332084894180298e+01
9.996646758739753391e-01 -1.147074229298987273e-02 -2.321546641847947040e-02 -1.594054543413221836e+00 1.200309177312014995e-02 9.996651777628861035e-01 2.292287408208847424e-02 -9.304308043792843819e-01 2.294475098286729783e-02 -2.319384486334772483e-02 9.994676502832841036e-01 5.246795457601547241e+01
9.996983217012720413e-01 -1.190591743730050160e-02 -2.148289360482211544e-02 -1.617848261259496212e+00 1.238464100952857243e-02 9.996748300799934706e-01 2.229023937963216240e-02 -9.502063216641545296e-01 2.121052226431556498e-02 -2.254957282327949356e-02 9.995207003913237909e-01 5.356693226099014282e+01
9.996688369148730713e-01 -1.185217621041038429e-02 -2.284168164435980766e-02 -1.641347364522516727e+00 1.234033382387293883e-02 9.996958955935837388e-01 2.135023406096606124e-02 -9.691376863047480583e-01 2.258168865209772211e-02 -2.162503762817628156e-02 9.995110930275860062e-01 5.467462557554244995e+01
9.996028554748074280e-01 -1.179235670028061164e-02 -2.559436754570695513e-02 -1.665135427378118038e+00 1.231227323370127393e-02 9.997190909930862013e-01 2.025208709679617372e-02 -9.878575326874852180e-01 2.534835802236653016e-02 -2.055916893774847529e-02 9.994672487471307765e-01 5.581946939229965210e+01
9.995633174451334924e-01 -1.202059889218099267e-02 -2.699406639157079721e-02 -1.688777321018278599e+00 1.254747478204412160e-02 9.997323967572697700e-01 1.943439606880079107e-02 -1.006712966598570347e+00 2.675322961201510169e-02 -1.976461677438624137e-02 9.994466592215357492e-01 5.696058958768844604e+01
9.995700842542344366e-01 -1.243121002637801939e-02 -2.655393909126666299e-02 -1.712436533533036709e+00 1.294219367339998969e-02 9.997326835137264611e-01 1.915883966641809127e-02 -1.025913902558386326e+00 2.630867322581711965e-02 -1.949426920208574554e-02 9.994637698192836428e-01 5.808994799852371216e+01
9.995876230013773789e-01 -1.264086529317857976e-02 -2.578356971204747924e-02 -1.735153648070991039e+00 1.312383106081673259e-02 9.997399537882420972e-01 1.864912485267780640e-02 -1.045921350829303265e+00 2.554112371731989684e-02 -1.897981359558982561e-02 9.994935806072660078e-01 5.922102767229080200e+01
9.995699469309841101e-01 -1.242250163148826518e-02 -2.656318214380772036e-02 -1.757233520038425922e+00 1.290204464236462990e-02 9.997554868924313221e-01 1.795838724729868427e-02 -1.065991110168397427e+00 2.633359900271636106e-02 -1.829338354961107874e-02 9.994858146476471861e-01 6.034895938634872437e+01
9.994872732954913630e-01 -1.185266271158085319e-02 -2.974398942625491524e-02 -1.777678505517542362e+00 1.235072136533142337e-02 9.997856383795509227e-01 1.661736957974525863e-02 -1.084728463552892208e+00 2.954065337970047597e-02 -1.697620913630007444e-02 9.994194105185575383e-01 6.146493285894393921e+01
9.992864972348279862e-01 -1.092709969178199368e-02 -3.615376794296856072e-02 -1.798935987986624241e+00 1.148028916930766800e-02 9.998196424438716701e-01 1.512896374500175001e-02 -1.101770131848752499e+00 3.598193164266254990e-02 -1.553322489808082844e-02 9.992317146285581986e-01 6.258470481634140015e+01
9.991050962518354117e-01 -9.987033926857418267e-03 -4.110067878946205289e-02 -1.819444005377590656e+00 1.055581345619849461e-02 9.998511831263737770e-01 1.364501385373183273e-02 -1.119280737824738026e+00 4.095828909865103368e-02 -1.406665397791506504e-02 9.990618338220997874e-01 6.371987038850784302e+01
9.991508446418365663e-01 -9.707046410175822551e-03 -4.004201420377452580e-02 -1.837477053515613079e+00 1.022875984821809865e-02 9.998651812095480373e-01 1.284491637828731776e-02 -1.138285980559885502e+00 3.991192958843344657e-02 -1.324358919584888057e-02 9.991154313800481024e-01 6.485186523199081421e+01
9.994915766937940704e-01 -1.012839331330984451e-02 -3.023249521697464123e-02 -1.848419278860092163e+00 1.049984180203160714e-02 9.998710202496743360e-01 1.215303200883640668e-02 -1.158304792828857899e+00 3.010550514915508874e-02 -1.246428954118095761e-02 9.994690090472779787e-01 6.596657091379165649e+01
9.997205671779616498e-01 -1.079125024472920094e-02 -2.103179686879398311e-02 -1.856356521137058735e+00 1.104119097658200384e-02 9.998693670420295554e-01 1.180427688551840409e-02 -1.178686561994254589e+00 2.090166651712787454e-02 -1.203319446892519608e-02 9.997091189779554465e-01 6.706920915842056274e+01
9.997621197339137122e-01 -1.073985981003573210e-02 -1.898313347191017686e-02 -1.863450353499501944e+00 1.094046405386338815e-02 9.998850695419598811e-01 1.049542535374804915e-02 -1.198186284862458706e+00 1.886823233473926623e-02 -1.070061298855133451e-02 9.997647156657566425e-01 6.818604630231857300e+01
9.997242796811519616e-01 -1.043387736627473562e-02 -2.103565589914425590e-02 -1.870327519252896309e+00 1.061768665463115775e-02 9.999062572332305665e-01 8.645315259526831220e-03 -1.216213957406580448e+00 2.094347979934877563e-02 -8.866281573358690549e-03 9.997413464016361440e-01 6.930154770612716675e+01
9.996710444663189365e-01 -1.026970951317151930e-02 -2.350182805940841460e-02 -1.878035671543329954e+00 1.044043278617604216e-02 9.999199119361464883e-01 7.153116582751725509e-03 -1.234204140491783619e+00 2.342648541408340682e-02 -7.396132781675283235e-03 9.996982029597830666e-01 7.040298169851303101e+01
9.996398336275049701e-01 -1.018547309178841585e-02 -2.482859567254043845e-02 -1.886793676298111677e+00 1.033918966056932703e-02 9.999281218100520841e-01 6.070615338209563346e-03 -1.252592382021248341e+00 2.476497894884661238e-02 -6.325136466368373907e-03 9.996732908637426807e-01 7.150381261110305786e+01
9.996244208448196167e-01 -1.002914988326573942e-02 -2.550359588916763579e-02 -1.894272385165095329e+00 1.016122734617921734e-02 9.999355988526510419e-01 5.054463968564317650e-03 -1.270342414267361164e+00 2.545126145161055384e-02 -5.311713453232029189e-03 9.996619523572519705e-01 7.256444102525711060e+01
9.996109473233051324e-01 -1.008038217124451914e-02 -2.600653546103835062e-02 -1.900427246000617743e+00 1.019315371187668080e-02 9.999391970329269963e-01 4.207357193185450386e-03 -1.287585533224046230e+00 2.596254241808079039e-02 -4.470808923075365870e-03 9.996529188967352431e-01 7.358462542295455933e+01
9.995949426385902781e-01 -1.027930677002181561e-02 -2.653839678053471901e-02 -1.906014095060527325e+00 1.037717525815842930e-02 9.999398443975437978e-01 3.552720067415557608e-03 -1.304703089408576488e+00 2.650028084784718588e-02 -3.826674606461379774e-03 9.996414815704885992e-01 7.458214801549911499e+01
9.995717251579967488e-01 -1.061131756296392926e-02 -2.727207737309779098e-02 -1.910397152882069349e+00 1.069344964575370122e-02 9.999387119097454812e-01 2.867500471303547661e-03 -1.321617108769714832e+00 2.723997796144536285e-02 -3.157904979116576017e-03 9.996239349059240498e-01 7.555697345733642578e+01
9.995159912746696129e-01 -1.074385087995485995e-02 -2.919508271068878280e-02 -1.913968001725152135e+00 1.081159059037276743e-02 9.999392128125018653e-01 2.163374405931510654e-03 -1.337760915048420429e+00 2.917006505170718564e-02 -2.477972595362921016e-03 9.995713916257786824e-01 7.648997694253921509e+01
9.993986628041560127e-01 -1.050049915101307872e-02 -3.304621465227784022e-02 -1.916520848870277405e+00 1.054628175532924990e-02 9.999436526298678407e-01 1.211406775399456823e-03 -1.352250731550157070e+00 3.303163220917274684e-02 -1.559193002116123633e-03 9.994530905404115373e-01 7.740305906534194946e+01
9.993174262235715588e-01 -1.003554304989977969e-02 -3.555234903055317502e-02 -1.917532034800387919e+00 1.005964394593766506e-02 9.999492759546178000e-01 4.990806713229957274e-04 -1.366659811697900295e+00 3.554553712602507437e-02 -8.563839846334954549e-04 9.993676907909787577e-01 7.827790558338165283e+01
9.993593881893951814e-01 -9.878979620855639007e-03 -3.439795051116172758e-02 -1.919725346029736102e+00 9.918856176165715896e-03 9.999503180339002206e-01 9.888154823503472572e-04 -1.381602846086025238e+00 3.438647306535161374e-02 -1.329370359348923955e-03 9.994077262281763074e-01 7.910097122192382812e+01
9.996139312433061086e-01 -1.037360367685502376e-02 -2.577550796896981022e-02 -1.919222274678759277e+00 1.041699973892022679e-02 9.999445404109048585e-01 1.549909308207043793e-03 -1.398968968540430069e+00 2.575800032499072495e-02 -1.817814396430730535e-03 9.996665548922190059e-01 7.995062363147735596e+01
9.997776727648242101e-01 -1.147312830344827603e-02 -1.769102506596464952e-02 -1.914509122609160841e+00 1.149720717773869590e-02 9.999331111145847162e-01 1.259969769285873174e-03 -1.417670046910643578e+00 1.767538593819465223e-02 -1.463087024060626823e-03 9.998427076837115290e-01 8.078987127542495728e+01
9.998112016744485908e-01 -1.234248328918057663e-02 -1.500746855906207045e-02 -1.908088425523601472e+00 1.234302688858170995e-02 9.999238203511783274e-01 -5.640507336575901055e-05 -1.435405936092138290e+00 1.500702147405297976e-02 -1.288431637716927806e-04 9.998873800113272647e-01 8.160162669420242310e+01
9.997868994952855415e-01 -1.290415849696487441e-02 -1.611329547575464025e-02 -1.901099126203916967e+00 1.288131452752325733e-02 9.999158760703494853e-01 -1.520696718066775512e-03 -1.451309904456138611e+00 1.613156327349535291e-02 1.312812229730524758e-03 9.998690160167993390e-01 8.236202889680862427e+01
9.997540376336068180e-01 -1.323566957145317670e-02 -1.779554119143607338e-02 -1.893922646413557231e+00 1.318170271958974717e-02 9.999081669244741510e-01 -3.146495058042341787e-03 -1.466271623969078064e+00 1.783555294105427722e-02 2.911145604952296555e-03 9.998366958071471799e-01 8.307855015993118286e+01
9.997468957318017546e-01 -1.398352019530932182e-02 -1.762400742093062425e-02 -1.888576375669799745e+00 1.390845113824813566e-02 9.998937020542604248e-01 -4.374880473879298043e-03 -1.481490811333060265e+00 1.768331025460463668e-02 4.128650526884366199e-03 9.998351137979032410e-01 8.375530159473419189e+01
9.997735867164961876e-01 -1.540772702520554205e-02 -1.467573684519348984e-02 -1.880028135492466390e+00 1.531713340003047069e-02 9.998630547555795722e-01 -6.265553387101162851e-03 -1.497770758345723152e+00 1.477026500907448192e-02 6.039344563584249891e-03 9.998726746885345795e-01 8.438843512535095215e+01
9.997866095123292274e-01 -1.694102017771902807e-02 -1.182105220271496837e-02 -1.868010942242108285e+00 1.683782647749446776e-02 9.998197250423194182e-01 -8.775250185298885675e-03 -1.514686880633234978e+00 1.196758285348306639e-02 8.574336804611693355e-03 9.998916229817139678e-01 8.494679707288742065e+01
9.997805403138517732e-01 -1.788019374779216061e-02 -1.091649583355710877e-02 -1.854521375498734415e+00 1.775255527207760670e-02 9.997741948968945636e-01 -1.167929790603749324e-02 -1.530986774712800980e+00 1.112285894248799673e-02 1.148293907532197539e-02 9.998722038936465051e-01 8.549183535575866699e+01
9.997513482352572423e-01 -1.866377493511299848e-02 -1.220267212363441815e-02 -1.838083731359802186e+00 1.847404624798764522e-02 9.997094936285814137e-01 -1.548024431694915160e-02 -1.546086239628493786e+00 1.248804696550627306e-02 1.525096239772004078e-02 9.998057095400738614e-01 8.603718334436416626e+01
9.997018988886053892e-01 -1.955138457042938233e-02 -1.462384080519472593e-02 -1.819156647077761590e+00 1.925767531934261326e-02 9.996152474536594834e-01 -1.996243971697808650e-02 -1.560399590060114861e+00 1.500850758107829912e-02 1.967486771336411297e-02 9.996937752535274280e-01 8.657459038496017456e+01
9.996251982395465419e-01 -2.066753603317929983e-02 -1.795316124989138062e-02 -1.798245970509015024e+00 2.021787249158130476e-02 9.994860562707824636e-01 -2.487691605067801973e-02 -1.574106212705373764e+00 1.845807889411913219e-02 2.450461741377647079e-02 9.995293007455774426e-01 8.713924717903137207e+01
9.995469893001043271e-01 -2.199052420743459468e-02 -2.054830956987629270e-02 -1.772633228800259531e+00 2.135683835503491765e-02 9.993045779931128969e-01 -3.056543566651143129e-02 -1.587635751813650131e+00 2.120616977613227344e-02 3.011274227115446137e-02 9.993215303976679120e-01 8.769478040933609009e+01
9.995058078705502114e-01 -2.292327183955417472e-02 -2.150961741195631799e-02 -1.744269673130474985e+00 2.213366143153605234e-02 9.990973857470576425e-01 -3.625623842912008288e-02 -1.601256860420107841e+00 2.232131413409535817e-02 3.576223429212684046e-02 9.991110156202673842e-01 8.820683735609054565e+01
9.994744000187598676e-01 -2.390795537254771994e-02 -2.189368349648535689e-02 -1.711395744583569467e+00 2.295662366257601034e-02 9.988233664530528078e-01 -4.271856806361422343e-02 -1.615263013169169426e+00 2.288923627286117840e-02 4.219351013242501891e-02 9.988472308444120706e-01 8.868652084469795227e+01
9.994272296695133617e-01 -2.522746517508294914e-02 -2.255632053242977164e-02 -1.669741649529896677e+00 2.404232146887777533e-02 9.983911414405785001e-01 -5.135265788025004940e-02 -1.629887328483164310e+00 2.381552799139407053e-02 5.078093829202888487e-02 9.984258194441248957e-01 8.914334714412689209e+01
9.993669836113585614e-01 -2.729792682323793629e-02 -2.281348852516741285e-02 -1.615092400810681283e+00 2.580016552459605747e-02 9.976450700820698181e-01 -6.355049645632661337e-02 -1.645455672405660152e+00 2.449456116035237871e-02 6.292167617042065952e-02 9.977178354331782684e-01 8.956009277701377869e+01
9.992843852523355386e-01 -2.985508522434850501e-02 -2.322479875281076300e-02 -1.545456719002686441e+00 2.791088376183866945e-02 9.964076820970449999e-01 -7.995444719105467002e-02 -1.660983780398964882e+00 2.552841472741312553e-02 7.924900595112160939e-02 9.965279198784467996e-01 8.995956292748451233e+01
9.991869823364785130e-01 -3.249916479020597410e-02 -2.385746460252635009e-02 -1.453843895695172250e+00 2.988656030571195180e-02 9.942621463580035845e-01 -1.027111378218979881e-01 -1.675622291862964630e+00 2.705860015623136328e-02 1.019146142980236064e-01 9.944250819192315127e-01 9.034080755710601807e+01
9.990874115640587805e-01 -3.511273655364507973e-02 -2.431953506840450058e-02 -1.341097336611710489e+00 3.162836396014946649e-02 9.908454214737746346e-01 -1.312440373413676642e-01 -1.689024018123745918e+00 2.870523728230369928e-02 1.303550784441185606e-01 9.910517458116878675e-01 9.067985099554061890e+01
9.990032870889851147e-01 -3.744954294184797694e-02 -2.428917698995560967e-02 -1.205699783167801797e+00 3.289517599677131698e-02 9.854941944685758903e-01 -1.664905404666400801e-01 -1.700885251164436340e+00 3.017183755663789546e-02 1.655256004434938477e-01 9.857438489872896170e-01 9.097625964879989624e+01
9.989398008782202076e-01 -3.944318079932446902e-02 -2.373835945919173379e-02 -1.050381075940094888e+00 3.371506883713727698e-02 9.779390480061338486e-01 -2.061516735759471586e-01 -1.711850603111088276e+00 3.134594638368876779e-02 2.051327713294211208e-01 9.782320674420883488e-01 9.125049331784248352e+01
9.988832160862094467e-01 -4.149962631367248161e-02 -2.258542975230976024e-02 -8.766421790933236480e-01 3.454542936394374569e-02 9.676057118085011899e-01 -2.500915827964317328e-01 -1.722401802428066730e+00 3.223249806223138503e-02 2.490320611716275445e-01 9.679587277241106236e-01 9.151670163869857788e+01
9.988444087419380280e-01 -4.361387920293463560e-02 -2.019100457728922882e-02 -6.767960306024178863e-01 3.559192377239237676e-02 9.535723046609053677e-01 -2.990536318887795919e-01 -1.732773393392562866e+00 3.229647174458069592e-02 2.979894114302742980e-01 9.540226667057183363e-01 9.180501464009284973e+01
9.988350068459558306e-01 -4.543441988163797463e-02 -1.625861584079151684e-02 -4.475180174922570586e-01 3.675823740504970821e-02 9.346524945682651575e-01 -3.536573855869452609e-01 -1.742652126587927341e+00 3.126437400482250800e-02 3.526477390929059763e-01 9.352337200030527153e-01 9.211776581406593323e+01
9.988402769270396941e-01 -4.680520718734117874e-02 -1.128599878011610387e-02 -2.125751193379983306e-01 3.801121672050785522e-02 9.104734774128572239e-01 -4.118169427441833452e-01 -1.751915036700665951e+00 2.955077988380849438e-02 4.109103545883084907e-01 9.111967031878293044e-01 9.238053783774375916e+01
9.988474888489060621e-01 -4.768434503391415918e-02 -5.467838596844438494e-03 3.967462817672640085e-02 3.943907511406970212e-02 8.803371745251693525e-01 -4.727060593044987713e-01 -1.760828217491507530e+00 2.735422041260330422e-02 4.719456138028280678e-01 8.812032025803642199e-01 9.262554578483104706e+01
9.988419930619094611e-01 -4.811090030926173933e-02 1.190274952686759622e-04 3.142040554666891694e-01 4.075484118105884845e-02 8.448011210464102527e-01 -5.335261088260209172e-01 -1.769397806376218796e+00 2.556786687267870173e-02 5.329131328370138032e-01 8.457835875881135612e-01 9.286041751503944397e+01
9.988235735519910286e-01 -4.815691560331580162e-02 5.690377527501814733e-03 6.161858622217550874e-01 4.213605588618536679e-02 8.038310446135867871e-01 -5.933634674546337529e-01 -1.777762255631387234e+00 2.400045231212615676e-02 5.929051890437501138e-01 8.049145390001402056e-01 9.308746412396430969e+01
9.987959377187601850e-01 -4.779849325050983255e-02 1.104440308407542148e-02 9.231361631536856294e-01 4.347230001491235452e-02 7.580273202458795989e-01 -6.507724186628258689e-01 -1.785994219593703747e+00 2.273398178753601589e-02 6.504689737441993191e-01 7.591925185802690379e-01 9.327433766424655914e+01
9.987367510047672203e-01 -4.783064927036549674e-02 1.539906434874609154e-02 1.239675659337081015e+00 4.477656459758500018e-02 7.080856405567126366e-01 -7.047054596781752167e-01 -1.794117485173046589e+00 2.280266333742258372e-02 7.045047584138557362e-01 7.093328442395395728e-01 9.343630392849445343e+01
9.986775401461217561e-01 -4.766911840027066721e-02 1.925684186548396945e-02 1.581409144797362387e+00 4.569179720275468037e-02 6.512519865992864032e-01 -7.574847256670362849e-01 -1.801929144654422998e+00 2.356757255369375248e-02 7.573628622406989308e-01 6.525688196830297105e-01 9.358642624318599701e+01
9.985625534317076335e-01 -4.836176024387425082e-02 2.310772663119350576e-02 1.920955974259413779e+00 4.723010658003345963e-02 5.901104170743098898e-01 -8.059398319309095671e-01 -1.811122112441807985e+00 2.534055872285822034e-02 8.058727168768639038e-01 5.915462959710890978e-01 9.369883530586957932e+01
9.984439715082468192e-01 -4.848050173986014066e-02 2.755497613663587461e-02 2.302633363404311240e+00 4.916909430436640360e-02 5.322668807982936512e-01 -8.451475420129571647e-01 -1.821562203112989664e+00 2.630657568227910345e-02 8.451873215780667525e-01 5.338224007285250483e-01 9.381635137647390366e+01
9.983248457724661629e-01 -4.819721066238234763e-02 3.200829888868570589e-02 2.722326237359084189e+00 5.110886190301828363e-02 4.753325321588448005e-01 -8.783204814339916622e-01 -1.832127114292234182e+00 2.711801151190306944e-02 8.784850668940403784e-01 4.769995814419689673e-01 9.392875427007675171e+01
9.982039347007343189e-01 -4.746890320318987444e-02 3.654597073082593156e-02 3.176203626790083945e+00 5.315623037779337173e-02 4.204722817888210673e-01 -9.057469157658364356e-01 -1.842731760349124670e+00 2.762824496769841418e-02 9.060627812000604520e-01 4.222403540686470724e-01 9.403052062541246414e+01
9.981242918289746635e-01 -4.611903491484254519e-02 4.026080823122205748e-02 3.639958101906813681e+00 5.445410800592038331e-02 3.682944295191174500e-01 -9.281131198870467003e-01 -1.852653355803340673e+00 2.797584998149763025e-02 9.285646169242672832e-01 3.701149875567070202e-01 9.410947775095701218e+01
9.980760210151091716e-01 -4.431207051867381425e-02 4.336699990771217955e-02 4.063523519434966147e+00 5.531919184199065448e-02 3.205515077172136906e-01 -9.456143600401646365e-01 -1.861882416065782309e+00 2.800077299998098013e-02 9.461940452711427030e-01 3.223860812827290534e-01 9.414924803748726845e+01
9.980226565857729382e-01 -4.254664005473558080e-02 4.626619026383175376e-02 4.493474144139327109e+00 5.621352664988844144e-02 2.748560091038784181e-01 -9.598407230791320410e-01 -1.871098171453922987e+00 2.812145734236745284e-02 9.605435740660293042e-01 2.767042210689962256e-01 9.417129660584032536e+01
9.979454859304067726e-01 -4.115956646706950967e-02 4.909885130394558289e-02 4.905235368409194052e+00 5.731224813050814909e-02 2.309551909905959155e-01 -9.712749384024712551e-01 -1.880719082895666361e+00 2.863762080465373852e-02 9.720934059249348724e-01 2.328396375875650126e-01 9.417036155861569569e+01
9.978600409705626895e-01 -4.040587977231659828e-02 5.140723211817627841e-02 5.240646857419051230e+00 5.814313171025202454e-02 1.886668956353438897e-01 -9.803184068078322211e-01 -1.890217335429042578e+00 2.991178478712435904e-02 9.812095430493668058e-01 1.906124805979435288e-01 9.413508283224655315e+01
9.977881309080903760e-01 -3.941829825524625214e-02 5.352610187188910212e-02 5.563981610932387412e+00 5.890754126606997237e-02 1.512163497097276099e-01 -9.867438964404348090e-01 -1.900437513832002878e+00 3.080174347217479180e-02 9.877144391690979575e-01 1.532039139707224440e-01 9.409348106262041256e+01
9.977434649490527496e-01 -3.764358796439783855e-02 5.559620883320107870e-02 5.903186488547362387e+00 5.962978202515527987e-02 1.162339082882738184e-01 -9.914302636391858492e-01 -1.911586458329111338e+00 3.085882770117382573e-02 9.925082563128629909e-01 1.182163013450745620e-01 9.404864793521119282e+01
9.976825029923704902e-01 -3.619935691478076700e-02 5.761275711016661943e-02 6.272945511736907065e+00 6.052748324132552898e-02 8.538470527899792717e-02 -9.945078561162248310e-01 -1.923808183986693621e+00 3.108129655194258670e-02 9.956902423260834967e-01 8.737788244902267021e-02 9.400664612156106159e+01
9.975866968202911078e-01 -3.485172756058717292e-02 6.005113998271132542e-02 6.666755783953703940e+00 6.205414678779820614e-02 5.956087328544662496e-02 -9.962940254964461895e-01 -1.937589437235146761e+00 3.114586960768594981e-02 9.976160882120524986e-01 6.157982905841365151e-02 9.396673500415636227e+01
9.974360199471750121e-01 -3.357699353120048580e-02 6.319787668382781387e-02 7.082744050421752036e+00 6.442784728805632521e-02 3.690702713215534420e-02 -9.972396521609503406e-01 -1.952786340843886137e+00 3.115186360020021084e-02 9.987544527328385824e-01 3.897569166239966965e-02 9.392529997479869053e+01
9.973071919759211035e-01 -3.023227341515961550e-02 6.681597471603824279e-02 7.512456852593459189e+00 6.728662379133486249e-02 1.482674707819144067e-02 -9.976235150746211033e-01 -1.969390952493995428e+00 2.916976331523102317e-02 9.994329278221878443e-01 1.682104910233091916e-02 9.387483017769409344e+01
9.972071141643412684e-01 -2.623026234177263175e-02 6.992814024059597344e-02 7.939605224528349936e+00 6.978106543788081817e-02 -6.482240524025485555e-03 -9.975412690531370030e-01 -1.986451671924442053e+00 2.661906020844590631e-02 9.996349103023917104e-01 -4.633760713358584665e-03 9.381678569194627926e+01
9.970813264793570996e-01 -2.450886672344653947e-02 7.230590458667884857e-02 8.403210300602950156e+00 7.169356215420759348e-02 -2.500566222346469608e-02 -9.971132082178064682e-01 -2.002736243885010481e+00 2.624617175525497878e-02 9.993868281644991969e-01 -2.317555089950032454e-02 9.375749306631041691e+01
9.969007946327141934e-01 -2.562157148181004943e-02 7.437970647606605146e-02 8.867069352068938315e+00 7.328355538032527150e-02 -4.135128067371679483e-02 -9.964535072432945118e-01 -2.017326110508292913e+00 2.860640088305487633e-02 9.988161025241063529e-01 -3.934548471009047949e-02 9.369846218329621479e+01
9.966834877632625433e-01 -2.871638337601174415e-02 7.614062349272140984e-02 9.334838021197356284e+00 7.442778910708118534e-02 -5.662257986132037541e-02 -9.956175910752482761e-01 -2.029356993269175291e+00 3.290181497562545687e-02 9.979825914191340352e-01 -5.429749345650677211e-02 9.363670955476118252e+01
9.964853040616239443e-01 -3.118518847535212482e-02 7.774652924066453863e-02 9.793419975438155234e+00 7.540654932645086961e-02 -7.025731307018519278e-02 -9.946747017386314837e-01 -2.040431472007185221e+00 3.648138029036555874e-02 9.970413200965718703e-01 -6.765881252427488612e-02 9.357364063587738201e+01
