0.000000000000000000e+00 0.000000000000000000e+00 0.000000000000000000e+00 0.000000000000000000e+00 0.000000000000000000e+00 0.000000000000000000e+00 0.000000000000000000e+00 0.000000000000000000e+00 0.000000000000000000e+00 0.000000000000000000e+00 0.000000000000000000e+00 0.000000000000000000e+00
9.999995854997093536e-01 -8.391931758747042452e-04 3.532070542016761553e-04 -9.839609265327453613e-03 8.383373150268067040e-04 9.999967292730322921e-01 2.416326506093975646e-03 -1.518121268600225449e-02 -3.552336636724380157e-04 -2.416029397872469005e-03 9.999970183010512548e-01 8.639371395111083984e-01
9.999986280058601462e-01 -1.596001145226464205e-03 4.435839737049885440e-04 -2.106161508709192276e-02 1.593733125851806145e-03 9.999858920951641972e-01 5.067112132385861306e-03 -3.050726652145385742e-02 -4.516648324307795306e-04 -5.066398225864719024e-03 9.999870637202743495e-01 1.708728671073913574e+00
9.999976312655328714e-01 -2.160664346762060112e-03 2.626650030920688441e-04 -3.346513584256172180e-02 2.158676260081858391e-03 9.999706790927636035e-01 7.347181198347038818e-03 -4.623543471097946167e-02 -2.785320939803479813e-04 -7.346596786119169269e-03 9.999729746025812771e-01 2.551025748252868652e+00
9.999970725391348347e-01 -2.406825718774287508e-03 -2.492049752025407854e-04 -4.873221088200807571e-02 2.409124217706567518e-03 9.999502930774963882e-01 9.675096626529551547e-03 -6.226564384996891022e-02 2.259063165977932310e-04 -9.675668668803743405e-03 9.999531641042732621e-01 3.403382718563079834e+00
9.999962991956925507e-01 -2.554263202669583999e-03 -9.366613104683858999e-04 -6.711785402148962021e-02 2.565166131136668599e-03 9.999267344505922139e-01 1.182986279272256296e-02 -7.848363183438777924e-02 9.063761022387841404e-04 -1.183222170458534186e-02 9.999295860268836433e-01 4.264742553234100342e+00
9.999959081613163381e-01 -2.478276996471170945e-03 -1.428916986001066728e-03 -8.891000319272279739e-02 2.498530298529426548e-03 9.998939011279962541e-01 1.435074330423756310e-02 -9.510957822203636169e-02 1.393200262507510558e-03 -1.435425477569458007e-02 9.998960017736159278e-01 5.133354783058166504e+00
9.999956569989566502e-01 -2.198512924352418949e-03 -1.962784793780199093e-03 -1.141711892560124397e-01 2.231784464089176922e-03 9.998510699118366984e-01 1.711306910701248726e-02 -1.116750203073024750e-01 1.924869172460712654e-03 -1.711737529754461112e-02 9.998516341645854455e-01 6.012269318103790283e+00
9.999930236684094753e-01 -1.824263556427739184e-03 -3.259551654518494813e-03 -1.418462218716740608e-01 1.888274170981702436e-03 9.998032868503543558e-01 1.974391105843307723e-02 -1.281357891857624054e-01 3.222892360440851416e-03 -1.974992824556084936e-02 9.997997566008546277e-01 6.911533772945404053e+00
9.999856250045217054e-01 -1.737898850441196505e-03 -5.072424657078859929e-03 -1.708807991817593575e-01 1.849551479166292207e-03 9.997542611823401204e-01 2.209064071228521164e-02 -1.444309521466493607e-01 5.032786866341570561e-03 -2.209970486995231978e-02 9.997431040527456902e-01 7.808757662773132324e+00
9.999737264282835270e-01 -1.700668749015499378e-03 -7.046572141023760456e-03 -2.005349816754460335e-01 1.867893744404476239e-03 9.997151572691196364e-01 2.379317757969594271e-02 -1.608239877969026566e-01 7.004100662622200248e-03 -2.380571469596014927e-02 9.996920678497566159e-01 8.715408623218536377e+00
9.999636875034381145e-01 -1.927465275962739373e-03 -8.301117523333963188e-03 -2.285858234390616417e-01 2.131896994213033827e-03 9.996929072204996380e-01 2.468899083056177307e-02 -1.770993173122406006e-01 8.250981137556291992e-03 -2.470579143916373094e-02 9.996607150326716207e-01 9.616415500640869141e+00
9.999565957741579636e-01 -2.327899414650042194e-03 -9.021499435936931183e-03 -2.559508522972464561e-01 2.555435229961955726e-03 9.996768247305043431e-01 2.529260460138332486e-02 -1.935056559741497040e-01 8.959705270978932101e-03 -2.531456065294674512e-02 9.996393833280106112e-01 1.051682651042938232e+01
9.999542945852069042e-01 -3.054758101706581391e-03 -9.059646435774705575e-03 -2.831035675480961800e-01 3.287905113871294593e-03 9.996608801652367982e-01 2.583242821002681294e-02 -2.101144231855869293e-01 8.977662310611060278e-03 -2.586103478602641212e-02 9.996252340048407126e-01 1.141527485847473145e+01
9.999480709669785750e-01 -3.521523971220109038e-03 -9.563170935339079803e-03 -3.113522650673985481e-01 3.771625885248440762e-03 9.996479854846996860e-01 2.626175840577874010e-02 -2.267347760498523712e-01 9.467323148605199037e-03 -2.629646336110406588e-02 9.996093566024170096e-01 1.233765345811843872e+01
9.999421753067447849e-01 -3.975594437535315967e-03 -9.992031409257818783e-03 -3.398603023961186409e-01 4.240790189645604266e-03 9.996355317450675848e-01 2.666119598448772610e-02 -2.434592917561531067e-01 9.882395528552889372e-03 -2.670202841778311631e-02 9.995945877889661491e-01 1.325678139925003052e+01
9.999434993810727423e-01 -4.370596041143311877e-03 -9.689991526299403593e-03 -3.706632694229483604e-01 4.637756753586423121e-03 9.996049143743118703e-01 2.772194746079735192e-02 -2.598406858742237091e-01 9.565001716109380187e-03 -2.776532097725123785e-02 9.995687058392739299e-01 1.416836124658584595e+01
9.999470469600110212e-01 -4.834693283911600109e-03 -9.084548244356288257e-03 -4.026251537725329399e-01 5.093905709531413792e-03 9.995742222595157545e-01 2.873023353380065384e-02 -2.764866091310977936e-01 8.941778378820408255e-03 -2.877498801276588344e-02 9.995459192374751556e-01 1.509619200229644775e+01
9.999479045679271483e-01 -4.954535537380188454e-03 -8.924165385083147189e-03 -4.353603748604655266e-01 5.216972951152331651e-03 9.995473698973658117e-01 2.962833988743544117e-02 -2.934049777686595917e-01 8.773331376303093385e-03 -2.967335351569299826e-02 9.995211457231379937e-01 1.603169947862625122e+01
9.999417888139017219e-01 -5.024104539521715221e-03 -9.548683533874812931e-03 -4.706339305266737938e-01 5.313273473581573564e-03 9.995205370789018717e-01 3.050352573881173757e-02 -3.108280505985021591e-01 9.390852392039239493e-03 -3.055248485932646890e-02 9.994890482442874147e-01 1.699374687671661377e+01
9.999269894800001390e-01 -5.099969675337918604e-03 -1.095472586485081966e-02 -5.081425821408629417e-01 5.440172915692135895e-03 9.994966866536021399e-01 3.125344600389402122e-02 -3.287525475025177002e-01 1.078982057824724033e-02 -3.131075977649828979e-02 9.994514575976701787e-01 1.798245090246200562e+01
9.999030560036732407e-01 -5.228480563352876261e-03 -1.290509920588402831e-02 -5.465231044217944145e-01 5.637783668009415522e-03 9.994755958895087389e-01 3.188649583482174726e-02 -3.470157273113727570e-01 1.273161379510836730e-02 -3.195616078802364368e-02 9.994081797733407324e-01 1.899280887842178345e+01
9.998892404532460088e-01 -5.515048675636414696e-03 -1.382356914606785656e-02 -5.848796991631388664e-01 5.962274425185053878e-03 9.994532104403384132e-01 3.252278315549425591e-02 -3.653041087090969086e-01 1.363664583061180956e-02 -3.260160085955715603e-02 9.993753936894206324e-01 2.000682801008224487e+01
9.998814972901889364e-01 -6.030408304811869444e-03 -1.416423497430112539e-02 -6.232773354277014732e-01 6.496823258392617727e-03 9.994303579143883898e-01 3.311723066119584558e-02 -3.836484979838132858e-01 1.395645600713762459e-02 -3.320532871083943516e-02 9.993511012056404130e-01 2.102680438756942749e+01
9.998726124739781840e-01 -6.493982841742640573e-03 -1.458036389508520110e-02 -6.617774209007620811e-01 6.976601437320893717e-03 9.994211357482737368e-01 3.329745413714751273e-02 -4.028485659509897232e-01 1.435569074780882609e-02 -3.339493384454926550e-02 9.993391278923644538e-01 2.207322281599044800e+01
9.998556811198386907e-01 -6.938102645140638638e-03 -1.550740674868343258e-02 -6.980189485475420952e-01 7.450468670014319221e-03 9.994199518179021080e-01 3.323026368988606094e-02 -4.211305510252714157e-01 1.526785672518428741e-02 -3.334100538357710752e-02 9.993274087660317662e-01 2.307456880807876587e+01
9.998176320393025174e-01 -7.172443984355080654e-03 -1.769911609694641355e-02 -7.335641076788306236e-01 7.750517124286598544e-03 9.994315009234151503e-01 3.281165107512725582e-02 -4.386126603931188583e-01 1.745371443641837231e-02 -3.294284458362768675e-02 9.993048267886586178e-01 2.406997281312942505e+01
9.997524344289809850e-01 -7.417809462103568119e-03 -2.097727237059290525e-02 -7.688688812777400017e-01 8.095533439883721705e-03 9.994418924815349214e-01 3.240934882486496554e-02 -4.554423596709966660e-01 2.072515842279228776e-02 -3.257114759587046576e-02 9.992545162032735462e-01 2.505110418796539307e+01
9.996731137300813863e-01 -7.592084816073870618e-03 -2.441364236138035895e-02 -8.050885936245322227e-01 8.373312497654222461e-03 9.994509266967714911e-01 3.205827136296397761e-02 -4.723583757877349854e-01 2.415684836688081899e-02 -3.225221501091590781e-02 9.991877908100504913e-01 2.605353045463562012e+01
9.996229971993749741e-01 -7.817524738210660309e-03 -2.632014014221590106e-02 -8.405174417421221733e-01 8.643152773480230686e-03 9.994694499874952065e-01 3.140245932770201198e-02 -4.899703711271286011e-01 2.606068648889935807e-02 -3.161810950485753613e-02 9.991602152663335845e-01 2.706819701194763184e+01
9.996539745780098629e-01 -8.512491229765557776e-03 -2.488912620906679612e-02 -8.751089377328753471e-01 9.284426149824012708e-03 9.994742228639456050e-01 3.106569267826828074e-02 -5.089388173073530197e-01 2.461159363909934047e-02 -3.128602441307159338e-02 9.992074129703845120e-01 2.811785137653350830e+01
9.997388000950019338e-01 -9.619323652854271448e-03 -2.073162311704724453e-02 -9.061879711225628853e-01 1.025289035033546264e-02 9.994768564393861077e-01 3.067395770856333470e-02 -5.283294152468442917e-01 2.042571477499985355e-02 -3.087850473232750872e-02 9.993144190500935498e-01 2.914504408836364746e+01
9.997744073976045920e-01 -1.069136115195216605e-02 -1.835290466076620192e-02 -9.369175480678677559e-01 1.124040870019153184e-02 9.994843403985003150e-01 3.007833955569416337e-02 -5.484816394746303558e-01 1.802186241822149176e-02 -3.027784825402072416e-02 9.993790393940056305e-01 3.020320308208465576e+01
9.997705605056075306e-01 -1.138097510540204450e-02 -1.814661819606084442e-02 -9.672985477373003960e-01 1.190789769856056071e-02 9.995027074196389805e-01 2.919828476489829544e-02 -5.682302936911582947e-01 1.780528906544355180e-02 -2.940767359825824032e-02 9.994089055110697561e-01 3.127309370040893555e+01
9.997220667044608433e-01 -1.173352475307501419e-02 -2.044782973889036973e-02 -9.973921151831746101e-01 1.231180531196294538e-02 9.995211498233056435e-01 2.838821068432367811e-02 -5.863550491631031036e-01 2.010494451924686385e-02 -2.863207035417110469e-02 9.993878104885569602e-01 3.231879889965057373e+01
9.996720005743673365e-01 -1.211007985206581997e-02 -2.256628533052029706e-02 -1.027036785148084164e+00 1.272788784827344651e-02 9.995424736043644343e-01 2.743800888895251214e-02 -6.040214672684669495e-01 2.222368418070323065e-02 -2.771623038663543342e-02 9.993687599853176007e-01 3.336262679100036621e+01
9.996747699952555077e-01 -1.292756645272202798e-02 -2.198254445107374055e-02 -1.056694428436458111e+00 1.352641635945043413e-02 9.995353501239625515e-01 2.731519564342531348e-02 -6.220629885792732239e-01 2.161921125767007207e-02 -2.760365697110195651e-02 9.993851348836534365e-01 3.440801000595092773e+01
9.997225740414195094e-01 -1.363950875039220655e-02 -1.920257152170803949e-02 -1.087605333887040615e+00 1.416674705585121812e-02 9.995188282551458192e-01 2.759375366483846417e-02 -6.410276591777801514e-01 1.881696654229552193e-02 -2.785813641484709627e-02 9.994347632565309114e-01 3.548218584060668945e+01
9.997950727180547892e-01 -1.432975505307598936e-02 -1.429932476792306409e-02 -1.119154258631169796e+00 1.473539898465343022e-02 9.994800881817450522e-01 2.867788947907719613e-02 -6.601263452321290970e-01 1.388094324830879342e-02 -2.888271885280080387e-02 9.994864221019749140e-01 3.653857183456420898e+01
9.998145402473247456e-01 -1.447023385286430250e-02 -1.270816439435411629e-02 -1.152252866886556149e+00 1.484161875935337098e-02 9.994506537356955267e-01 2.963304067915948151e-02 -6.782504692673683167e-01 1.227238618331903328e-02 -2.981615467383630369e-02 9.994800575588455027e-01 3.756252026557922363e+01
9.998111907726950909e-01 -1.434586562381423222e-02 -1.310644670340354104e-02 -1.186965270899236202e+00 1.473333081030931031e-02 9.994424800102061912e-01 2.996094314741730782e-02 -6.959376540035009384e-01 1.266932393301563667e-02 -3.014838785992124751e-02 9.994651384318155030e-01 3.860856997966766357e+01
9.997793472840538209e-01 -1.358782593758732851e-02 -1.601960456943630692e-02 -1.221268600784242153e+00 1.405921447553543438e-02 9.994602794304230375e-01 2.968986913396028798e-02 -7.119509950280189514e-01 1.560753768543169523e-02 -2.990854104015476869e-02 9.994307799643991075e-01 3.963451850414276123e+01
9.997475126486615737e-01 -1.292186565501678153e-02 -1.838304492754300190e-02 -1.256629123352468014e+00 1.345557102922217453e-02 9.994826900029558647e-01 2.921129905931478532e-02 -7.286999486386775970e-01 1.799607071257288901e-02 -2.945127794254208051e-02 9.994042043469995029e-01 4.069878470897674561e+01
9.997094958392729325e-01 -1.192773209777895325e-02 -2.094404774131131824e-02 -1.293042148463428020e+00 1.252984054569087832e-02 9.995050296516813093e-01 2.885652087295151672e-02 -7.457123845815658569e-01 2.058948820845906899e-02 -2.911056351215378368e-02 9.993641218631568179e-01 4.177563285827636719e+01
9.996535832938123756e-01 -1.104148335796700971e-02 -2.389140123760965032e-02 -1.329183141700923443e+00 1.171956163860790601e-02 9.995270724791649464e-01 2.843032283019293963e-02 -7.626589816063642502e-01 2.356618940006186685e-02 -2.870047084083913666e-02 9.993102209477668918e-01 4.286338353157043457e+01
9.995864057619326948e-01 -9.697129359806117704e-03 -2.707366059697107613e-02 -1.363913833163678646e+00 1.045113002529680923e-02 9.995575111596174400e-01 2.784880186984205891e-02 -7.792773712426424026e-01 2.679162737004113851e-02 -2.812023411301131301e-02 9.992454458921963267e-01 4.393883061408996582e+01
9.995631840875649488e-01 -8.991483364267612369e-03 -2.815305034341469143e-02 -1.398855837993323803e+00 9.767143145446402150e-03 9.995730853510105263e-01 2.753633883866198756e-02 -7.978190071880817413e-01 2.789343886122868862e-02 -2.779928540037214860e-02 9.992242770267962815e-01 4.505614769458770752e+01
9.995687374181322360e-01 -8.823301449150340592e-03 -2.800872235320004539e-02 -1.430935922078788280e+00 9.584627173923511087e-03 9.995850158253233309e-01 2.716488651595967349e-02 -8.165122065693140030e-01 2.775741519410828209e-02 -2.742162447823801377e-02 9.992385002654353698e-01 4.612769329547882080e+01
9.995794723714708230e-01 -8.887748094654333852e-03 -2.760228880686989295e-02 -1.461157693527638912e+00 9.625566313340782471e-03 9.995967871005141392e-01 2.671351140297751475e-02 -8.350761290639638901e-01 2.735373624789428845e-02 -2.696796529468804132e-02 9.992619786428107442e-01 4.717254149913787842e+01
9.995774504204087973e-01 -9.061805114487285137e-03 -2.761891198259410277e-02 -1.490321491844952106e+00 9.784319131220846344e-03 9.996104539788615018e-01 2.613823627012231907e-02 -8.537571150809526443e-01 2.737129354220683985e-02 -2.639742381826992376e-02 9.992767325949228896e-01 4.821678173542022705e+01
9.995556434029155835e-01 -9.441483894546976938e-03 -2.827320504032588416e-02 -1.517990606836974621e+00 1.015925681679527744e-02 9.996269647436942796e-01 2.535193993049075431e-02 -8.721426799893379211e-01 2.802329820548783365e-02 -2.562790937977233591e-02 9.992786923669033650e-01 4.925593614578247070e+01
9.995298733623269039e-01 -9.660040976094399698e-03 -2.909838250884407354e-02 -1.545471941120922565e+00 1.036802295647573993e-02 9.996514605842571344e-01 2.427882723146657096e-02 -8.911796938627958298e-01 2.885370610969789640e-02 -2.456910580590160320e-02 9.992816533308482851e-01 5.032756197452545166e+01
9.995682876027867092e-01 -1.024395902330328331e-02 -2.753724246110447402e-02 -1.570612165145576000e+00 1.088464622104916291e-02 9.996711729791732948e-01 2.321788946235800455e-02 -9.107935763895511627e-01 2.729034436344422374e-02 -2.350759915373235379e-02 9.993511044105329866e-01 5.140332460403442383e+01
9.996646729578677615e-01 -1.147080074432707368e-02 -2.321556310588327246e-02 -1.594042633660137653e+00 1.200314219449880905e-02 9.996651874192382659e-01 2.292242656259812356e-02 -9.304307624697685242e-01 2.294485165560992621e-02 -2.319339975818567393e-02 9.994676583012374049e-01 5.246795833110809326e+01
9.996983195971638203e-01 -1.190596323950510703e-02 -2.148296613474355923e-02 -1.617835831828415394e+00 1.238467869643441674e-02 9.996748398582143702e-01 2.228977990110020402e-02 -9.502062853425741196e-01 2.121059943031005160e-02 -2.254911514434569317e-02 9.995207090791136118e-01 5.356693589687347412e+01
9.996688358870979840e-01 -1.185219485656278590e-02 -2.284171694983903184e-02 -1.641334471292793751e+00 1.234034254077339722e-02 9.996959055944572015e-01 2.134976073998275450e-02 -9.691376313567161560e-01 2.258172938707032201e-02 -2.162456507678702997e-02 9.995111023310991882e-01 5.467462921142578125e+01
9.996028542830450725e-01 -1.179237594751373318e-02 -2.559440522266589677e-02 -1.665122007019817829e+00 1.231228229718806660e-02 9.997190996365228344e-01 2.025165490952520950e-02 -9.878574684262275696e-01 2.534840061668343705e-02 -2.055873759384672927e-02 9.994672565395644748e-01 5.581947290897369385e+01
9.995633168053383866e-01 -1.202059047276361758e-02 -2.699409383174188395e-02 -1.688763356767594814e+00 1.254745478526320644e-02 9.997324058090083509e-01 1.943394334004343998e-02 -1.006712961941957474e+00 2.675326289487987147e-02 -1.976416403540377092e-02 9.994466672836820331e-01 5.696059274673461914e+01
9.995700829256431996e-01 -1.243123274442775941e-02 -2.655397846795620742e-02 -1.712421954609453678e+00 1.294220520738721333e-02 9.997326920686419038e-01 1.915838546318093805e-02 -1.025913968682289124e+00 2.630871803020234934e-02 -1.949381598455804041e-02 9.994637774796881757e-01 5.808995115756988525e+01
9.995876210593083178e-01 -1.264091067995173033e-02 -2.578362275116043503e-02 -1.735138476826250553e+00 1.312386528230354357e-02 9.997399622297040711e-01 1.864864823524466780e-02 -1.045921400189399719e+00 2.554118213874650295e-02 -1.897933871691604921e-02 9.994935881319219062e-01 5.922103083133697510e+01
9.995699449687257543e-01 -1.242249440642779167e-02 -2.656325936214835870e-02 -1.757217732258141041e+00 1.290202707205151400e-02 9.997554951349945096e-01 1.795794099595188556e-02 -1.065991140902042389e+00 2.633368209443073815e-02 -1.829293798448761166e-02 9.994858206134017431e-01 6.034896266460418701e+01
9.994872701095323109e-01 -1.185262427967655532e-02 -2.974411179846650835e-02 -1.777662207372486591e+00 1.235067247822799717e-02 9.997856460252595445e-01 1.661694590441307323e-02 -1.084728594869375229e+00 2.954078161339665845e-02 -1.697578568253825179e-02 9.994194139209675587e-01 6.146493637561798096e+01
9.992864948212479836e-01 -1.092704502856640947e-02 -3.615385117532420728e-02 -1.798919203691184521e+00 1.148021994383648624e-02 9.998196498896060325e-01 1.512852420650080687e-02 -1.101770266890525818e+00 3.598202075905337916e-02 -1.553278408944204665e-02 9.992317182718559732e-01 6.258470821380615234e+01
9.991050945423639584e-01 -9.986930315771068781e-03 -4.110074552075644594e-02 -1.819426749832928181e+00 1.055569272277759145e-02 9.998511903878332108e-01 1.364457515554294911e-02 -1.119280871003866196e+00 4.095836191348901922e-02 -1.406621139116331042e-02 9.990618370683882477e-01 6.371987390518188477e+01
9.991508448965013001e-01 -9.706938784110141424e-03 -4.004203393996244587e-02 -1.837459272705018520e+00 1.022863511742209269e-02 9.998651880456158603e-01 1.284448356843938786e-02 -1.138286095112562180e+00 3.991195517939712806e-02 -1.324315196419674837e-02 9.991154361533060024e-01 6.485186922550201416e+01
9.994915756909089621e-01 -1.012825748786666015e-02 -3.023257387592679507e-02 -1.848401003517210484e+00 1.049969304285484906e-02 9.998710274058739689e-01 1.215257175777366416e-02 -1.158304888755083084e+00 3.010559032654440068e-02 -1.246382584046670274e-02 9.994690122642665431e-01 6.596657490730285645e+01
9.997205677180759364e-01 -1.079111779656172915e-02 -2.103183915278348387e-02 -1.856337673030793667e+00 1.104104953110828652e-02 9.998693739605770681e-01 1.180382314910876848e-02 -1.178686652332544327e+00 2.090171540088135715e-02 -1.203273835768696974e-02 9.997091234458731490e-01 6.706921315193176270e+01
9.997621191588308420e-01 -1.073973661577216042e-02 -1.898323345659229042e-02 -1.863431039266288280e+00 1.094033353231413028e-02 9.998850756321023825e-01 1.049498119991780325e-02 -1.198186373338103294e+00 1.886833848661204419e-02 -1.070016755049881668e-02 9.997647184298642520e-01 6.818605053424835205e+01
9.997242799081109688e-01 -1.043370686886140736e-02 -2.103572968032005677e-02 -1.870307704433798790e+00 1.061750825053415365e-02 9.999062626481176608e-01 8.644908074884239194e-03 -1.216214006766676903e+00 2.094355940996331725e-02 -8.865871533472265489e-03 9.997413483702638493e-01 6.930155193805694580e+01
9.996710442304308497e-01 -1.026952563919659306e-02 -2.350191844054380988e-02 -1.878015348222106695e+00 1.044024018782353097e-02 9.999199168005522553e-01 7.152717693099615304e-03 -1.234204264357686043e+00 2.342658131398270629e-02 -7.395730438740286822e-03 9.996982036891017831e-01 7.040298616886138916e+01
9.996398320396884252e-01 -1.018532294475816939e-02 -2.482872119490714055e-02 -1.886772837024182081e+00 1.033902929355325594e-02 9.999281261567656287e-01 6.070172475832690505e-03 -1.252592504024505615e+00 2.476510999229553436e-02 -6.324691069948941945e-03 9.996732904353997640e-01 7.150381708145141602e+01
9.996244183154523455e-01 -1.002901589291326466e-02 -2.550374771897960871e-02 -1.894251110963523388e+00 1.016108338302276586e-02 9.999356024474110871e-01 5.054042205653246078e-03 -1.270342502743005753e+00 2.545141827044070451e-02 -5.311289707119999995e-03 9.996619506161420476e-01 7.256444585323333740e+01
9.996109450540455743e-01 -1.008023472120184172e-02 -2.600667983659666130e-02 -1.900405498221516609e+00 1.019299520537125976e-02 9.999392005366222191e-01 4.206908475817392086e-03 -1.287585593760013580e+00 2.596269201953150738e-02 -4.470357720149753522e-03 9.996529170291821309e-01 7.358463037014007568e+01
9.995949410893056886e-01 -1.027915417007052232e-02 -2.653851424279920351e-02 -1.905991991516202688e+00 1.037701140713314339e-02 9.999398476589755891e-01 3.552280675940417028e-03 -1.304703120142221451e+00 2.650040344831684422e-02 -3.826232258025233281e-03 9.996414800136016465e-01 7.458215320110321045e+01
9.995717234004383167e-01 -1.061115977856171358e-02 -2.727220318256744561e-02 -1.910374602768570185e+00 1.069328073224472264e-02 9.999387149229307381e-01 2.867079604615544071e-03 -1.321617137640714645e+00 2.724010876371112458e-02 -3.157481026329818710e-03 9.996239326807404568e-01 7.555697870254516602e+01
9.995159896657419552e-01 -1.074369268903605130e-02 -2.919519600749338750e-02 -1.913945016451179981e+00 1.081142034896350607e-02 9.999392155623395562e-01 2.162954139881156489e-03 -1.337760929018259048e+00 2.917018327934231894e-02 -2.477548783932319656e-03 9.995713892261386402e-01 7.648998236656188965e+01
9.993986596162967029e-01 -1.050029953007087548e-02 -3.304637448992785165e-02 -1.916497453814372420e+00 1.054606928057329196e-02 9.999436553470368860e-01 1.211013598478162361e-03 -1.352250711992383003e+00 3.303179649790651679e-02 -1.558794721938732385e-03 9.994530857319595674e-01 7.740306460857391357e+01
9.993174225267718036e-01 -1.003535034303192942e-02 -3.555250733692531806e-02 -1.917508344864472747e+00 1.005943811882142359e-02 9.999492782094842047e-01 4.987114046859554171e-04 -1.366659769788384438e+00 3.554569930642977049e-02 -8.560092430402195919e-04 9.993676853435838892e-01 7.827791130542755127e+01
9.993593840722614363e-01 -9.878807307899641413e-03 -3.439811961261048795e-02 -1.919701420702040195e+00 9.918670000862626901e-03 9.999503202824847614e-01 9.884090094980559765e-04 -1.381602893583476543e+00 3.438664642159885987e-02 -1.328959416031135323e-03 9.994077208100538012e-01 7.910097706317901611e+01
9.996139299441555437e-01 -1.037339477920863270e-02 -2.577564242371793712e-02 -1.919197986950166523e+00 1.041677851036666019e-02 9.999445434677489697e-01 1.549423938399599639e-03 -1.398969016037881374e+00 2.575814020977920671e-02 -1.817324910303455381e-03 9.996665521778267394e-01 7.995062941312789917e+01
9.997776721772123620e-01 -1.147294420114982998e-02 -1.769117766774693998e-02 -1.914484432083554566e+00 1.149701455008707643e-02 9.999331139508113031e-01 1.259476505883893845e-03 -1.417670142836868763e+00 1.767554447109258645e-02 -1.462592216268750710e-03 9.998427056050663841e-01 8.078987717628479004e+01
9.998112021436126318e-01 -1.234227809759751333e-02 -1.500760605511975224e-02 -1.908063384820707142e+00 1.234281424042999592e-02 9.999238229479496809e-01 -5.690152537998525393e-05 -1.435405978001654148e+00 1.500716511438255837e-02 -1.283453112379271733e-04 9.998873779194887845e-01 8.160163289308547974e+01
9.997868994500137552e-01 -1.290397792395540921e-02 -1.611344289300703503e-02 -1.901073701330460608e+00 1.288112620493088271e-02 9.999158777862131586e-01 -1.521163607080968250e-03 -1.451309942640364170e+00 1.613171645612364313e-02 1.313280154778909961e-03 9.998690129309010244e-01 8.236203515529632568e+01
9.997540374541741270e-01 -1.323546657802042968e-02 -1.779570224913548313e-02 -1.893896845751442015e+00 1.318149079842484070e-02 9.999081682314570063e-01 -3.146967483653049982e-03 -1.466271665878593922e+00 1.783571962127749114e-02 2.911619562070652013e-03 9.998366914537177852e-01 8.307855653762817383e+01
9.997468952464287906e-01 -1.398335061250303470e-02 -1.762416950593758899e-02 -1.888550310977734625e+00 1.390827395793833507e-02 9.998937028109869951e-01 -4.375270785290311625e-03 -1.481490843929350376e+00 1.768347705167577430e-02 4.129041605686670918e-03 9.998351092329081924e-01 8.375530767440795898e+01
9.997735872372188748e-01 -1.540753376056130074e-02 -1.467590427333840576e-02 -1.880001852870918810e+00 1.531693317200240323e-02 9.998630553053147185e-01 -6.265955132732195162e-03 -1.497770824469625950e+00 1.477043740135819752e-02 6.039746595525702887e-03 9.998726697135162933e-01 8.438844108581542969e+01
9.997866109906048404e-01 -1.694082687575431539e-02 -1.182120419781865737e-02 -1.867984337382949889e+00 1.683762741821955011e-02 9.998197251332560098e-01 -8.775621766324296497e-03 -1.514686909504234791e+00 1.196773942087754269e-02 8.574708113171189763e-03 9.998916179236266855e-01 8.494680303335189819e+01
9.997805422251118124e-01 -1.787996434833246176e-02 -1.091669652247040552e-02 -1.854494545259512961e+00 1.775231948420020675e-02 9.997741947937808238e-01 -1.167966512269011554e-02 -1.530986818484961987e+00 1.112306347155507698e-02 1.148330524499189924e-02 9.998721974130784229e-01 8.549184113740921021e+01
9.997513490722497176e-01 -1.866356279950953656e-02 -1.220292800296070464e-02 -1.838056716718710959e+00 1.847382586881675393e-02 9.997094923089697716e-01 -1.548059253099267479e-02 -1.546086247079074383e+00 1.248830596939855611e-02 1.525130850028131452e-02 9.998057010254761678e-01 8.603718882799148560e+01
9.997018999466181777e-01 -1.955114313667735693e-02 -1.462409125967107509e-02 -1.819129442446865141e+00 1.925742380609440224e-02 9.996152454198427018e-01 -1.996278418909213856e-02 -1.560399587266147137e+00 1.500875982466581653e-02 1.967521095889323071e-02 9.996937647110982761e-01 8.657459574937820435e+01
9.996251988996304183e-01 -2.066728733781975427e-02 -1.795341078932907383e-02 -1.798218503245152533e+00 2.021761085257153812e-02 9.994860523154805998e-01 -2.487728759793652808e-02 -1.574106221087276936e+00 1.845832972639680283e-02 2.450498849035559479e-02 9.995292870160429333e-01 8.713925230503082275e+01
9.995469893274731010e-01 -2.199027637627952447e-02 -2.054857346093190776e-02 -1.772605539881624281e+00 2.135657461583645098e-02 9.993045720725084458e-01 -3.056581351213958839e-02 -1.587635803036391735e+00 2.120643409587483555e-02 3.011311973003673315e-02 9.993215134145075895e-01 8.769478541612625122e+01
9.995058079776829585e-01 -2.292305558836071899e-02 -2.150984289510881817e-02 -1.744241881766356528e+00 2.213342982656508334e-02 9.990973788995443083e-01 -3.625656851072606851e-02 -1.601256886497139931e+00 2.232153899245878717e-02 3.576256420551213872e-02 9.991109987876496401e-01 8.820684230327606201e+01
9.994743996517847506e-01 -2.390772814083081885e-02 -2.189394838416658384e-02 -1.711367819109000266e+00 2.295637807561366761e-02 9.988233584337833371e-01 -4.271888754061069216e-02 -1.615262976847589016e+00 2.288949860424881882e-02 4.219382872176908467e-02 9.988472113749149450e-01 8.868652567267417908e+01
9.994272292117312162e-01 -2.522722770507443077e-02 -2.255660640428587202e-02 -1.669713519164361060e+00 2.404206214128704056e-02 9.983911313424180811e-01 -5.135297561778579684e-02 -1.629887321963906288e+00 2.381580899646362423e-02 5.078125480059285379e-02 9.984257966432563691e-01 8.914335191249847412e+01
9.993669834554672615e-01 -2.729768303814625666e-02 -2.281378705670871268e-02 -1.615064117708243430e+00 2.579989571914741153e-02 9.976450572214857759e-01 -6.355080788172279282e-02 -1.645455691963434219e+00 2.449485170400234404e-02 6.292198584189331867e-02 9.977178087704516862e-01 8.956009751558303833e+01
9.992843852857448139e-01 -2.985485271881786057e-02 -2.322509619418045707e-02 -1.545428286888636649e+00 2.791062140406645395e-02 9.964076677214731559e-01 -7.995471792642055986e-02 -1.660983798094093800e+00 2.552870025931812045e-02 7.924927428684948316e-02 9.965278912243639153e-01 8.995956790447235107e+01
9.991869835999295235e-01 -3.249892625349127401e-02 -2.385773662451163429e-02 -1.453815329470671713e+00 2.988628726927324009e-02 9.942621244424434401e-01 -1.027114294149267942e-01 -1.675622255541384220e+00 2.705885507062160897e-02 1.019149041679829476e-01 9.944250452752575464e-01 9.034081235527992249e+01
9.990874145020721686e-01 -3.511249523276834678e-02 -2.431976278859285245e-02 -1.341068770387209952e+00 3.162808585408088263e-02 9.908453888708789181e-01 -1.312443505013595468e-01 -1.689023940823972225e+00 2.870544144881757853e-02 1.303553912649785540e-01 9.910516987520797683e-01 9.067985576391220093e+01
9.990032902889633970e-01 -3.744931005774874283e-02 -2.428940443946072184e-02 -1.205671127536334097e+00 3.289489860223188816e-02 9.854941486277306595e-01 -1.664908666157197958e-01 -1.700885132886469364e+00 3.017203403441634166e-02 1.655259260560203449e-01 9.857437882966967324e-01 9.097626435756683350e+01
9.989398036193953834e-01 -3.944298210578272429e-02 -2.373857425050836939e-02 -1.050352390506304801e+00 3.371481890832363215e-02 9.779389821651320869e-01 -2.061520267855846411e-01 -1.711850530467927456e+00 3.134612784416822284e-02 2.051331234209345655e-01 9.782319877946891173e-01 9.125049769878387451e+01
9.988832204172948259e-01 -4.149941768015937005e-02 -2.258562155402541946e-02 -8.766134489560499787e-01 3.454516750063076763e-02 9.676056283118058543e-01 -2.500919420166685114e-01 -1.722401754930615425e+00 3.223264449478736166e-02 2.490324203623355825e-01 9.679586304369364180e-01 9.151670587062835693e+01
9.988444116723887989e-01 -4.361370876919919148e-02 -2.019122775452077134e-02 -6.767671514535322785e-01 3.559168257887889569e-02 9.535722031012944244e-01 -2.990539844304838657e-01 -1.732773350551724434e+00 3.229664691641812718e-02 2.979897613676336099e-01 9.540225514724570699e-01 9.180501896142959595e+01
9.988350100599420189e-01 -4.543426512037848641e-02 -1.625885086734778565e-02 -4.474890191340819001e-01 3.675799830314525896e-02 9.346523754068382095e-01 -3.536577253604121229e-01 -1.742652059532701969e+00 3.126455244044711035e-02 3.526480748555503864e-01 9.352335874322375009e-01 9.211777013540267944e+01
9.988402809794640902e-01 -4.680505527774866253e-02 -1.128627012401194236e-02 -2.125460762763395905e-01 3.801095503980012058e-02 9.104733255552481808e-01 -4.118173026347111687e-01 -1.751914966851472855e+00 2.955097950707500504e-02 4.109107083696090235e-01 9.111965371737090758e-01 9.238054183125495911e+01
9.988474926433926759e-01 -4.768423387195162150e-02 -5.468114853624817147e-03 3.970367123838514090e-02 3.943883506011656298e-02 8.803369832291456643e-01 -4.727064355898994985e-01 -1.760828117839992046e+00 2.735442796163595897e-02 4.719459818655646899e-01 8.812029990143246394e-01 9.262554930150508881e+01
9.988419968348236644e-01 -4.811082275395950347e-02 1.187137692573146132e-04 3.142332177376374602e-01 4.075459644821400468e-02 8.448008832042461780e-01 -5.335265041267104325e-01 -1.769397719763219357e+00 2.556810957746272553e-02 5.329135168779851606e-01 8.457833382736811290e-01 9.286042097210884094e+01
9.988235796984046289e-01 -4.815682975251922571e-02 5.690025188999013953e-03 6.162150542950257659e-01 4.213576557289579888e-02 8.038307539789765199e-01 -5.933638817936057741e-01 -1.777762180194258690e+00 2.400070619899616689e-02 5.929055900442978810e-01 8.049142360501350124e-01 9.308746731281280518e+01
9.987959453105333951e-01 -4.779842448304163355e-02 1.104401413331399483e-02 9.231654446339234710e-01 4.347198295356629466e-02 7.580269957098032529e-01 -6.507728178660004970e-01 -1.785994218662381172e+00 2.273425453633162036e-02 6.504693569970139144e-01 7.591921820452107728e-01 9.327434062957763672e+01
9.987367595165034251e-01 -4.783059894417715507e-02 1.539866861502132110e-02 1.239705179235897958e+00 4.477623685142131243e-02 7.080852461970654765e-01 -7.047058767538884050e-01 -1.794117471203207970e+00 2.280293410724557740e-02 7.045051581945177555e-01 7.093324384753725287e-01 9.343630677461624146e+01
9.986775492833933621e-01 -4.766908583892302126e-02 1.925644859772897288e-02 1.581438485882245004e+00 4.569146389299726801e-02 6.512515450295268682e-01 -7.574851254143338819e-01 -1.801929215434938669e+00 2.356783156403059049e-02 7.573632439932213023e-01 6.525683672715326678e-01 9.358642864227294922e+01
9.985625633122447997e-01 -4.836173965514487666e-02 2.310734274656795970e-02 1.920984898111782968e+00 4.722976958182672352e-02 5.901099410963935865e-01 -8.059402001913409386e-01 -1.811122172046452761e+00 2.534079747219757095e-02 8.058730666530177222e-01 5.915458092377412491e-01 9.369883710891008377e+01
9.984439812977328188e-01 -4.848053547346418274e-02 2.755456206399783253e-02 2.302662376663647592e+00 4.916874564608383208e-02 5.322663604719279906e-01 -8.451478899941466949e-01 -1.821562201250344515e+00 2.630685579698265400e-02 8.451876473246481281e-01 5.338218711779267878e-01 9.381635288149118423e+01
9.983248579646064602e-01 -4.819724110041707921e-02 3.200787278555845133e-02 2.722354982397519052e+00 5.110848469517632192e-02 4.753319858136075271e-01 -8.783207990561622269e-01 -1.832127066794782877e+00 2.711827358279200739e-02 8.784853608414886494e-01 4.769990251825345084e-01 9.392875526100397110e+01
9.982039492447832840e-01 -4.746894350924654726e-02 3.654552112412628312e-02 3.176232431433163583e+00 5.315582228656078739e-02 4.204717186366869197e-01 -9.057472011459656303e-01 -1.842731734272092581e+00 2.762850464932128589e-02 9.060630404275559213e-01 4.222397808141906128e-01 9.403052131831645966e+01
9.981243042229702711e-01 -4.611913231638885280e-02 4.026038938950858570e-02 3.639987055561505258e+00 5.445373755151746570e-02 3.682938622342937784e-01 -9.281133667323284708e-01 -1.852653318550437689e+00 2.797612886161868900e-02 9.285648370872819912e-01 3.701144141194552817e-01 9.410947825014591217e+01
9.980760319636857725e-01 -4.431219577388805647e-02 4.336661994345724497e-02 4.063552383682690561e+00 5.531885614875477891e-02 3.205509625080076308e-01 -9.456145644973872333e-01 -1.861882367637008429e+00 2.800104594505394354e-02 9.461942241109309037e-01 3.223855326857836268e-01 9.414924822375178337e+01
9.980226691233901049e-01 -4.254675430781806877e-02 4.626581474149786544e-02 4.493503336212597787e+00 5.621318055046087975e-02 2.748554421904575440e-01 -9.598409056873380418e-01 -1.871098124887794256e+00 2.812170421979656026e-02 9.605437312252671500e-01 2.767036504197514790e-01 9.417129664309322834e+01
9.979455013950423448e-01 -4.115965578945973008e-02 4.909846210107504660e-02 4.905264977714978158e+00 5.731187235720288514e-02 2.309545869459124767e-01 -9.712751042086659181e-01 -1.880719056818634272e+00 2.863783393186698778e-02 9.720935456549107956e-01 2.328390280080954444e-01 9.417036143998848274e+01
9.978600560908935657e-01 -4.040597838622343035e-02 5.140686110754790622e-02 5.240676407120190561e+00 5.814276688240613278e-02 1.886662671399871594e-01 -9.803185494025506985e-01 -1.890217334497720003e+00 2.991198952822852336e-02 9.812096598353050592e-01 1.906118472927328111e-01 9.413508248265134171e+01
9.977881468095241013e-01 -3.941842268236273733e-02 5.352571381728628286e-02 5.564011309645138681e+00 5.890715638234460955e-02 1.512157016241522656e-01 -9.867440187349814096e-01 -1.900437486823648214e+00 3.080196443997422831e-02 9.877145334232709795e-01 1.532032618813601588e-01 9.409348053793655708e+01
9.977434845148515086e-01 -3.764369837396325247e-02 5.559578294162455941e-02 5.903216008446179330e+00 5.962935137018982035e-02 1.162332481258767647e-01 -9.914303669372240835e-01 -1.911586424801498652e+00 3.085902725836633942e-02 9.925083294375107723e-01 1.182156353188061199e-01 9.404864718328462914e+01
9.976825266248964263e-01 -3.619943766349292130e-02 5.761229712665238978e-02 6.272974882624112070e+00 6.052700998974364088e-02 8.538400706632101600e-02 -9.945079448646954035e-01 -1.923808157909661531e+00 3.108145957100891602e-02 9.956902992648594131e-01 8.737717562836649909e-02 9.400664509023772553e+01
9.975867217027679645e-01 -3.485179094306879027e-02 6.005068984103945073e-02 6.666784886620007455e+00 6.205367943578081469e-02 5.956017819597864832e-02 -9.962940961592338107e-01 -1.937589398119598627e+00 3.114600376943153434e-02 9.976161274966056647e-01 6.157912477350305919e-02 9.396673368971096352e+01
9.974360447966019727e-01 -3.357709125696192037e-02 6.319743256836171663e-02 7.082773182890377939e+00 6.442738505315268038e-02 3.690632116234007082e-02 -9.972397081511921169e-01 -1.952786358539015055e+00 3.115202394265536093e-02 9.987544755348952696e-01 3.897497919553474799e-02 9.392529831390129402e+01
9.973072194689666103e-01 -3.023241364888551094e-02 6.681550089643241430e-02 7.512486014864407480e+00 6.728613043386559578e-02 1.482600192024604094e-02 -9.976235594242438554e-01 -1.969390979502350092e+00 2.916996136979454340e-02 9.994329346344473786e-01 1.682030087903162510e-02 9.387482830818044022e+01
9.972071398574022805e-01 -2.623043129293411643e-02 6.992771047021291431e-02 7.939634237787686288e+00 6.978061436692560571e-02 -6.483005597824725505e-03 -9.975412956349190008e-01 -1.986451710108667612e+00 2.661928015543767873e-02 9.996349009076289649e-01 -4.634523859155950144e-03 9.381678350950824097e+01
9.970813530834622407e-01 -2.450906343542326796e-02 7.230547104314091755e-02 8.403239313862286508e+00 7.169310319825622502e-02 -2.500645562494877364e-02 -9.971132213198667937e-01 -2.002736287657171488e+00 2.624641474670917976e-02 9.993868034883168772e-01 -2.317633979617706938e-02 9.375749047036515549e+01
9.969008221721599172e-01 -2.562176763354637524e-02 7.437926979881052947e-02 8.867098603746853769e+00 7.328308881117792661e-02 -4.135206154136523288e-02 -9.964535091516173448e-01 -2.017326171044260263e+00 2.860663641123683404e-02 9.988160651639579335e-01 -3.934626187611221099e-02 9.369845921482192352e+01
9.966835154607932568e-01 -2.871658016584753559e-02 7.614018671039053665e-02 9.334867213270626962e+00 7.442731676974920219e-02 -5.662334807182686086e-02 -9.956175826950789398e-01 -2.029357037972658873e+00 3.290204442234689886e-02 9.979825421703103494e-01 -5.429825960484109537e-02 9.363670623983489349e+01
9.964853325743391332e-01 -3.118538790412169262e-02 7.774608379512269740e-02 9.793449197313748300e+00 7.540606356827499190e-02 -7.025806774526983933e-02 -9.946746852583705500e-01 -2.040431551169604063e+00 3.648160552039959176e-02 9.970412606798028099e-01 -6.765956666047615031e-02 9.357363688881741837e+01
