0.000000000000000000e+00 0.000000000000000000e+00 0.000000000000000000e+00 0.000000000000000000e+00 0.000000000000000000e+00 0.000000000000000000e+00 0.000000000000000000e+00 0.000000000000000000e+00 0.000000000000000000e+00 0.000000000000000000e+00 0.000000000000000000e+00 0.000000000000000000e+00
9.999995827675078885e-01 -8.391931559818916961e-04 3.532070587686905652e-04 -9.839609265327453613e-03 8.383372997365981516e-04 9.999967210260746198e-01 2.416326513231984146e-03 -1.518121268600225449e-02 -3.552336711436510086e-04 -2.416029428480293006e-03 9.999970197679353134e-01 8.639371395111083984e-01
9.999997019767761230e-01 -7.556493619946596726e-04 9.442871702791608417e-05 -1.122200582176446915e-02 7.553964387625455856e-04 9.999961851107184163e-01 2.650457543322150018e-03 -1.532605383545160294e-02 -9.643117664381861687e-05 -2.650385489687323570e-03 9.999964833259582520e-01 8.447915315628051758e-01
9.999998211860656738e-01 -5.645477331236201752e-04 -1.744204735892020076e-04 -1.240352075546979904e-02 5.649439990520477295e-04 9.999971988051955529e-01 2.280142660672198566e-03 -1.572816818952560425e-02 1.731327502056956291e-04 -2.280240878462791443e-03 9.999973773956298828e-01 8.422970771789550781e-01
9.999998211860727793e-01 -2.492729875231234770e-04 -5.050203364513986557e-04 -1.526707503944635391e-02 2.504485593573940738e-04 9.999971988761148234e-01 2.329028164201824361e-03 -1.603020913898944855e-02 5.044384161010384560e-04 -2.329154360916657618e-03 9.999971389773776309e-01 8.523569703102111816e-01
9.999997615814208984e-01 -1.545754691829393022e-04 -6.808048036392981431e-04 -1.838564313948154449e-02 1.560433512114850485e-04 9.999976756478562434e-01 2.156574965761120458e-03 -1.621798798441886902e-02 6.804698496125638485e-04 -2.156680634142482678e-03 9.999974370008288815e-01 8.613598346710205078e-01
9.999998807907104492e-01 6.786236065280012693e-05 -4.866548501261345203e-04 -2.179214917123317719e-02 -6.663466707874238226e-05 9.999968408720064650e-01 2.522288897465221197e-03 -1.662594638764858246e-02 4.868244577664881945e-04 -2.522256157501762130e-03 9.999967217449139412e-01 8.686122298240661621e-01
9.999998211860727793e-01 2.682131112821573731e-04 -5.309304445048947932e-04 -2.526118606328964233e-02 -2.667448398253474684e-04 9.999961253064001410e-01 2.763619507462888696e-03 -1.656544208526611328e-02 5.316696478985249996e-04 -2.763477523135798863e-03 9.999960660938995716e-01 8.789145350456237793e-01
9.999991059303781071e-01 3.469219587986480959e-04 -1.297118191484450574e-03 -2.767503261566162109e-02 -3.435050646953333175e-04 9.999964821521333258e-01 2.633514664211150918e-03 -1.646076887845993042e-02 1.298027229495346546e-03 -2.633066746192264107e-03 9.999957084684609754e-01 8.992644548416137695e-01
9.999983906745910645e-01 4.296316810081622769e-05 -1.809813294277729315e-03 -2.903457731008529663e-02 -3.870907994974609467e-05 9.999972580216665019e-01 2.350537084213208221e-03 -1.629516296088695526e-02 1.809909241273999214e-03 -2.350463241704722761e-03 9.999956488653438669e-01 8.972238898277282715e-01
9.999980330467224121e-01 -1.500004054927632415e-05 -1.971377178616975662e-03 -2.965418249368667603e-02 1.836465551869129187e-05 9.999985695503157412e-01 1.706726734670530781e-03 -1.639303565025329590e-02 1.971348654478788376e-03 -1.706759580705943802e-03 9.999966025380615520e-01 9.066509604454040527e-01
9.999991655350193298e-01 -2.629074505138759830e-04 -1.247153670411129582e-03 -2.805084176361560822e-02 2.640303273932984029e-04 9.999995234593653803e-01 9.002694309762991186e-04 -1.627532951533794403e-02 1.246916479431092739e-03 -9.005980107019417868e-04 9.999988079074277891e-01 9.010068774223327637e-01
9.999996423721597694e-01 -4.231376066337389809e-04 -7.090081323677905690e-04 -2.736502885818481445e-02 4.235693058615846995e-04 9.999997021596627178e-01 6.088345702450464331e-04 -1.640633866190910339e-02 7.087503327056765556e-04 -6.091347025348609057e-04 9.999995827675292048e-01 9.004110097885131836e-01
9.999997019767761230e-01 -7.324929519493941560e-04 -1.835819745681238499e-05 -2.715271525084972382e-02 7.325029000639915466e-04 9.999995231700861131e-01 5.466659329312356262e-04 -1.660876721143722534e-02 1.795776188373565674e-05 -5.466792499646544456e-04 9.999998211860656738e-01 8.984483480453491211e-01
9.999997615814351093e-01 -4.835468717214716538e-04 -4.898923320586818933e-04 -2.824869751930236816e-02 4.837602324119609498e-04 9.999997616846505455e-01 4.354761560631714625e-04 -1.662035286426544189e-02 4.896816681139171124e-04 -4.357130445807461117e-04 9.999997615814351093e-01 9.223785996437072754e-01
9.999998211860727793e-01 -4.690376188485042902e-04 -4.152821553833151548e-04 -2.850803732872009277e-02 4.692060767866757659e-04 9.999998212651143303e-01 4.056381967202456109e-04 -1.672451570630073547e-02 4.150918102823197842e-04 -4.058329845095867694e-04 9.999998807907140019e-01 9.191279411315917969e-01
9.999998807907140019e-01 -3.973129488548853222e-04 3.169863861988087223e-04 -3.080296702682971954e-02 3.969755252763301767e-04 9.999994038195602064e-01 1.063779091578864874e-03 -1.638139411807060242e-02 -3.174088196828961372e-04 -1.063653088106027156e-03 9.999994039535842205e-01 9.115798473358154297e-01
9.999997019767974393e-01 -4.567750261313875573e-04 6.227888791989784735e-04 -3.196188434958457947e-02 4.561457374785121005e-04 9.999993440618495377e-01 1.010235052282487103e-03 -1.664592325687408447e-02 -6.232499727047979832e-04 -1.009950699367961890e-03 9.999992847443586186e-01 9.278307557106018066e-01
1.000000000000000000e+00 -1.232173575592735945e-04 1.683429362179629182e-04 -3.273522108793258667e-02 1.230660127475857735e-04 9.999995827488548095e-01 8.987616837400721386e-04 -1.691836863756179810e-02 -1.684536109678447247e-04 -8.987409528344869614e-04 9.999995827674865723e-01 9.355074763298034668e-01
9.999998211860656738e-01 -9.579205488734539471e-05 -6.176309656283018000e-04 -3.527355566620826721e-02 9.633534960784909118e-05 9.999996424244681492e-01 8.796759615130545157e-04 -1.742307282984256744e-02 6.175464368425309658e-04 -8.797352957453513644e-04 9.999994635582609703e-01 9.620473980903625488e-01
9.999990463256835938e-01 -1.259216118919731010e-04 -1.399135036111454674e-03 -3.750865161418914795e-02 1.269835582642930838e-04 9.999997021116365792e-01 7.589359831219233583e-04 -1.792449690401554108e-02 1.399039058014750481e-03 -7.591129142489605464e-04 9.999987483027439339e-01 9.887040257453918457e-01
9.999980926513671875e-01 -1.964985795896765741e-04 -1.942054044389969914e-03 -3.838052228093147278e-02 1.977536897171949803e-04 9.999997618296893043e-01 6.461080350736302536e-04 -1.826317980885505676e-02 1.941926660947501659e-03 -6.464908257911572420e-04 9.999978542332428333e-01 1.010357975959777832e+00
9.999995231628666659e-01 -3.240087059543290981e-04 -9.053201057856314878e-04 -3.835659474134445190e-02 3.245935468767120746e-04 9.999997021666447994e-01 6.459244184042789742e-04 -1.828838139772415161e-02 9.051106171682476997e-04 -6.462179804167002273e-04 9.999993443490069467e-01 1.014019131660461426e+00
9.999998211860727793e-01 -5.344442365720594897e-04 -3.201635829297773015e-04 -3.839763626456260681e-02 5.346375664539576578e-04 9.999997020801247860e-01 6.040866734481790479e-04 -1.834438927471637726e-02 3.198406193405389786e-04 -6.042577082547399836e-04 9.999997615814315566e-01 1.019976377487182617e+00
9.999998211860727793e-01 -4.797993904019474151e-04 -3.993658407659421601e-04 -3.850008547306060791e-02 4.798751911502200512e-04 9.999998808270991191e-01 1.897261194382483872e-04 -1.920006796717643738e-02 3.992747515439987183e-04 -1.899177328173670687e-04 9.999999403953552246e-01 1.046418428421020508e+00
9.999994635582467595e-01 -4.740778933988283811e-04 -9.122404929395464207e-04 -3.624152764678001404e-02 4.740288773411645978e-04 9.999998807675691825e-01 -5.394564727484130954e-05 -1.828198507428169250e-02 9.122659685090184212e-04 5.351319073334387388e-05 9.999995827674865723e-01 1.001345992088317871e+00
9.999975562097063175e-01 -3.012378231019627165e-04 -2.186029544492518271e-03 -3.554515913128852844e-02 3.003686839289365640e-04 9.999998805298608850e-01 -3.979035416376003461e-04 -1.748210936784744263e-02 2.186149125918745995e-03 3.972459659426497147e-04 9.999975562097063175e-01 9.954040050506591797e-01
9.999945759776451837e-01 -3.467959378050234189e-04 -3.271907629619055791e-03 -3.530477359890937805e-02 3.455837228587624321e-04 9.999998803724234886e-01 -3.710477655531216551e-04 -1.682969927787780762e-02 3.272035857662558556e-03 3.699150348808327715e-04 9.999945759776451837e-01 9.811313748359680176e-01
9.999940395358741796e-01 -2.795805155504687742e-04 -3.432460700346955801e-03 -3.621971234679222107e-02 2.784918625514457013e-04 9.999998804879842718e-01 -3.176378461704032854e-04 -1.691601611673831940e-02 3.432549303397536278e-03 3.166800537177730246e-04 9.999940395358741796e-01 1.002426266670227051e+00
9.999981522561185443e-01 -2.715480487130760901e-04 -1.904266059648474689e-03 -3.542884811758995056e-02 2.703419126966963293e-04 9.999997612554794024e-01 -6.336156168216575775e-04 -1.761199533939361572e-02 1.904437667690217495e-03 6.330996723346929422e-04 9.999980330470421563e-01 1.014666557312011719e+00
9.999987483026515633e-01 -6.406922943826015180e-04 1.449771330884946918e-03 -3.459149599075317383e-02 6.411750906757107682e-04 9.999997618914054920e-01 -3.325833030263191086e-04 -1.896844618022441864e-02 -1.449557836167514324e-03 3.335124261614613728e-04 9.999988675118132164e-01 1.049654364585876465e+00
9.999907612842378057e-01 -9.661166731625386687e-04 4.187326829122039150e-03 -3.107903338968753815e-02 9.678280512745614239e-04 9.999994652227119918e-01 -4.067021219323710434e-04 -1.939059793949127197e-02 -4.186931531876325607e-03 4.107509838611675401e-04 9.999911785130954911e-01 1.027192711830139160e+00
9.999966621412568202e-01 -9.858129742583135371e-04 2.404888120828188591e-03 -3.072957694530487061e-02 9.872588255742664742e-04 9.999993457790412599e-01 -6.000895963203772398e-04 -2.015222422778606415e-02 -2.404294908046722412e-03 6.024618276692650376e-04 9.999969601636280458e-01 1.058158993721008301e+00
9.999997615814208984e-01 -6.674070216694541697e-04 2.171893357822532499e-04 -3.038099966943264008e-02 6.675958866253495216e-04 9.999994040795636696e-01 -8.706732251514023814e-04 -1.974865421652793884e-02 -2.166081103496253490e-04 8.708180394023656845e-04 9.999996423721313477e-01 1.069890618324279785e+00
9.999973177911414268e-01 -4.063202759071982378e-04 -2.299752845859781483e-03 -3.009356744587421417e-02 4.045372347535186597e-04 9.999996416512210162e-01 -7.757342812092787735e-04 -1.812475547194480896e-02 2.300067106261849403e-03 7.748018304373355258e-04 9.999970793731876029e-01 1.045705199241638184e+00
9.999976754189887629e-01 -4.187096738735409719e-04 -2.118830693995034983e-03 -2.964466996490955353e-02 4.167695170401025662e-04 9.999995223545875556e-01 -9.160279735118616491e-04 -1.766641810536384583e-02 2.119213109835982323e-03 9.151427302210024539e-04 9.999973177919301293e-01 1.043827891349792480e+00
9.999995231628950876e-01 -7.985468913424197080e-04 6.047082378409926939e-04 -2.965764328837394714e-02 7.986150767336393230e-04 9.999997020313440288e-01 -1.125276319602398371e-04 -1.804152131080627441e-02 -6.046181661076843739e-04 1.130105027016062302e-04 9.999998211860656738e-01 1.045383214950561523e+00
9.999958872802139354e-01 -6.404478068539671458e-04 2.802652264082585321e-03 -3.091090545058250427e-02 6.397360565553109057e-04 9.999997611276829623e-01 2.548500143127133827e-04 -1.896467059850692749e-02 -2.802814822643995285e-03 -2.530559954114913745e-04 9.999960064890345279e-01 1.074175834655761719e+00
9.999876618407057549e-01 -5.726713847005301863e-04 4.936083970665945155e-03 -3.154892474412918091e-02 5.676153480297929654e-04 9.999992818781839876e-01 1.025645738685128198e-03 -1.909868605434894562e-02 -4.936668090522289276e-03 -1.022831323325507080e-03 9.999873042171856241e-01 1.056385993957519531e+00
9.999986886978149414e-01 -1.074306788820559514e-04 1.608594553553973358e-03 -3.309860825538635254e-02 1.059291892233360510e-04 9.999995826084447925e-01 9.334708787461932621e-04 -1.812412403523921967e-02 -1.608694088645279408e-03 -9.332992470943712870e-04 9.999982714658486316e-01 1.023948431015014648e+00
9.999999403953552246e-01 1.083670000335651656e-04 -3.969326042593954097e-04 -3.471240401268005371e-02 -1.082349853338306078e-04 9.999999403810666543e-01 3.325999800826651902e-04 -1.768718473613262177e-02 3.969686222262680531e-04 -3.325569943677178508e-04 9.999998807907140019e-01 1.046049714088439941e+00
9.999954700480202519e-01 6.729544909391633675e-04 -2.938664452738075882e-03 -3.430332988500595093e-02 -6.736531116004473851e-04 9.999997620539985421e-01 -2.367513234109642388e-04 -1.601334102451801300e-02 2.938504330813884735e-03 2.387298968880569028e-04 9.999957084655761719e-01 1.025948524475097656e+00
9.999969601636280458e-01 6.021436114681482212e-04 -2.389143047155836350e-03 -3.536052256822586060e-02 -6.032320874423957591e-04 9.999997026344007445e-01 -4.548963109925234982e-04 -1.674895361065864563e-02 2.388868480920791626e-03 4.563361330715831610e-04 9.999970197681022910e-01 1.064266204833984375e+00
9.999962449087718142e-01 9.244506278902961264e-04 -2.594211088502425353e-03 -3.641302511096000671e-02 -9.253281132438895273e-04 9.999995239776385825e-01 -3.370575251948573661e-04 -1.701243594288825989e-02 2.593898214399814606e-03 3.394567485739963253e-04 9.999966025354467547e-01 1.076848149299621582e+00
9.999952316299953736e-01 8.085231873270562215e-04 -2.977753108885643641e-03 -3.614099323749542236e-02 -8.097358304766863468e-04 9.999995837522861475e-01 -4.060517476775494226e-04 -1.694659702479839325e-02 2.977423602715134621e-03 4.084610291943263638e-04 9.999955296519047465e-01 1.087750673294067383e+00
9.999940395395405801e-01 1.266145867713185580e-03 -3.227186970205077679e-03 -3.473069146275520325e-02 -1.268005524490613267e-03 9.999990486919414501e-01 -5.742539227393805021e-04 -1.661838963627815247e-02 3.226456698030233383e-03 5.783425572066965004e-04 9.999946355828974731e-01 1.075447082519531250e+00
9.999991655351152531e-01 6.836197059443486612e-04 -1.102442193077279127e-03 -3.494200482964515686e-02 -6.839724371744126952e-04 9.999997022182999240e-01 -3.195969004818553219e-04 -1.854163594543933868e-02 1.102223410271108150e-03 3.203506767521097087e-04 9.999993443489429978e-01 1.117317080497741699e+00
1.000000000000000000e+00 1.826833248289475389e-04 1.360073030766448363e-04 -3.208008408546447754e-02 -1.826318912208080292e-04 9.999999403859598512e-01 -3.780809319613861411e-04 -1.869319938123226166e-02 -1.360763562843203545e-04 3.780560800805687904e-04 9.999999403953552246e-01 1.071545600891113281e+00
9.999999403953552246e-01 -4.066614566974985595e-05 4.038508049187030107e-04 -3.022177144885063171e-02 4.084961012529655933e-05 9.999998807982047877e-01 -4.542860024471103656e-04 -1.856392249464988708e-02 -4.038322949782013893e-04 4.543024717593938805e-04 9.999998211860727793e-01 1.044848203659057617e+00
1.000000000000000000e+00 -1.588344336552237411e-04 -1.747318736879706284e-05 -2.916379831731319427e-02 1.588244340382516384e-04 9.999998211844729479e-01 -5.709485223324899193e-04 -1.868098601698875427e-02 1.756387064233422279e-05 5.709457327611744404e-04 9.999998211860656738e-01 1.044240236282348633e+00
9.999997019767903339e-01 -3.757824277092855925e-04 -6.519658009146708571e-04 -2.766911499202251434e-02 3.752804747113730466e-04 9.999996421837674676e-01 -7.698448301791293224e-04 -1.838556490838527679e-02 6.522548501379787922e-04 7.695999140687054263e-04 9.999994635582680758e-01 1.039154410362243652e+00
9.999996423721313477e-01 -2.099839504828092244e-04 -8.305219297513834935e-04 -2.748133428394794464e-02 2.091042531690914807e-04 9.999994633742407268e-01 -1.059146036277809275e-03 -1.903701387345790863e-02 8.307438110932707787e-04 1.058971945526662739e-03 9.999991059305202157e-01 1.071625828742980957e+00
9.999986290933193800e-01 -5.147261431211508538e-04 1.564525728689391149e-03 -2.514022402465343475e-02 5.163887338458308940e-04 9.999993452077063916e-01 -1.062481256590969711e-03 -1.961388252675533295e-02 -1.563977682963013649e-03 1.063287673461789373e-03 9.999982118613282012e-01 1.075762629508972168e+00
9.999899268206817737e-01 -1.116296656905920196e-03 4.347205435646796234e-03 -2.343046851456165314e-02 1.117663808674826398e-03 9.999993458887388442e-01 -3.120783158481537593e-04 -1.963718608021736145e-02 -4.346854053437709808e-03 3.169338683135722312e-04 9.999904632574008190e-01 1.064633727073669434e+00
9.999984502793246577e-01 -3.800710172733092482e-04 1.734920082745550684e-03 -2.379319816827774048e-02 3.811902274328538009e-04 9.999997620082546890e-01 -6.448258815324896037e-04 -1.977552287280559540e-02 -1.734674442559480667e-03 6.454861999680670814e-04 9.999983310702127426e-01 1.098977565765380859e+00
9.999990463256835938e-01 4.271103610822141183e-05 -1.371498484453339932e-03 -2.349863946437835693e-02 -4.397869805411458444e-05 9.999995828232377537e-01 -9.242736150280935360e-04 -1.893134601414203644e-02 1.371458405628800392e-03 9.243330485020351261e-04 9.999986290935680699e-01 1.107693314552307129e+00
9.999961853027343750e-01 2.430513232464081978e-05 -2.767490821050309826e-03 -2.378753572702407837e-02 -2.725231542632933213e-05 9.999994040338725521e-01 -1.064896484240797272e-03 -1.871983706951141357e-02 2.767463447526097298e-03 1.064967841724939746e-03 9.999955892585603578e-01 1.144843697547912598e+00
9.999989867210388184e-01 -2.368421232272734035e-04 -1.405151225104188644e-03 -2.364134974777698517e-02 2.357257411630207106e-04 9.999997017136555977e-01 -7.945976835594078299e-04 -1.885549351572990417e-02 1.405338873155415058e-03 7.942656039615601793e-04 9.999986886981169221e-01 1.141119837760925293e+00
9.999998211860727793e-01 -3.946506339111344923e-04 4.448082002521718198e-04 -2.365859784185886383e-02 3.947710031357645755e-04 9.999998808382415394e-01 -2.705516355967177325e-04 -1.920100674033164978e-02 -4.447013780009001493e-04 2.707271746796718892e-04 9.999998211860727793e-01 1.129358410835266113e+00
9.999997019767761230e-01 -1.810814586024451459e-04 7.678873063413682630e-04 -2.271652221679687500e-02 1.814769389362654028e-04 9.999998808624869229e-01 -5.149894981902734164e-04 -2.000743150711059570e-02 -7.677939138375222683e-04 5.151286815840497302e-04 9.999995827675220994e-01 1.131079673767089844e+00
9.999997019767761230e-01 2.211197292099035421e-04 -7.929185840929742777e-04 -2.207925543189048767e-02 -2.216638453002538200e-04 9.999997617020347507e-01 -6.861918385214916660e-04 -2.006974071264266968e-02 7.927666301839053631e-04 6.863673616781633402e-04 9.999994635582680758e-01 1.127931833267211914e+00
9.999946951875315904e-01 5.462582876130391658e-04 -3.209068748439435678e-03 -2.044447511434555054e-02 -5.504790764745623455e-04 9.999989294413046403e-01 -1.314524676193034366e-03 -1.873745396733283997e-02 3.208347596228122711e-03 1.316284299952980019e-03 9.999939799354606862e-01 1.115973711013793945e+00
9.999788999631675779e-01 8.591830062008330498e-04 -6.445907363915604101e-03 -2.125699631869792938e-02 -8.684496581442685548e-04 9.999986371562035181e-01 -1.434941182688193690e-03 -1.704167202115058899e-02 6.444665137678384781e-03 1.440508795271272513e-03 9.999782443256748365e-01 1.119771838188171387e+00
9.999871850065460421e-01 9.158604016803319030e-04 -4.981357298639765320e-03 -2.050754614174365997e-02 -9.231455842346192320e-04 9.999985166193497976e-01 -1.460386440033083254e-03 -1.751060411334037781e-02 4.980012308806180954e-03 1.464966217175067698e-03 9.999865293635821217e-01 1.135165691375732422e+00
9.999994039535842205e-01 3.286471047262663411e-04 1.046992379884029460e-03 -1.803252287209033966e-02 -3.277836937424644104e-04 9.999995824845149262e-01 -8.247325074223284432e-04 -1.900522410869598389e-02 -1.047263038344681263e-03 8.243888385144754194e-04 9.999991059305202157e-01 1.131995320320129395e+00
9.999517798452473016e-01 -2.599812369231664731e-04 9.812468339070141293e-03 -1.094173081219196320e-02 2.676641758377618086e-04 9.999996444321251898e-01 -7.816728311247657639e-04 -2.001879364252090454e-02 -9.812261909246444702e-03 7.842616222889231548e-04 9.999515414381505707e-01 1.114705681800842285e+00
9.999575018933271053e-01 -5.350418523108043875e-04 9.207003675455323680e-03 -7.936669513583183289e-03 5.390161267208697093e-04 9.999997637360032998e-01 -4.291800266778445384e-04 -2.038176357746124268e-02 -9.206771850585937500e-03 4.341244881619563123e-04 9.999575018933271053e-01 1.102638244628906250e+00
9.999979138374328613e-01 1.038984526435105102e-04 2.033641261822370736e-03 -7.093366235494613647e-03 -1.011865314484543255e-04 9.999991056559300873e-01 -1.333586607691300812e-03 -1.949972100555896759e-02 -2.033778000622987747e-03 1.333378034855212113e-03 9.999970197696264052e-01 1.116837382316589355e+00
9.999977946282712082e-01 3.186546837942310110e-04 -2.076219090814533652e-03 -6.876665167510509491e-03 -3.224619497042835459e-04 9.999982726931516686e-01 -1.833673765782022069e-03 -1.802763342857360840e-02 2.075631171464920044e-03 1.834339251437500096e-03 9.999961853063155104e-01 1.115501403808593750e+00
9.999969005584716797e-01 1.730898316384584250e-04 -2.483888414720132002e-03 -7.707643788307905197e-03 -1.767406699296342198e-04 9.999989277617109540e-01 -1.469665133191267034e-03 -1.799025759100914001e-02 2.483631251379847527e-03 1.470099536230395909e-03 9.999958276781910627e-01 1.101434230804443359e+00
9.999991059303283691e-01 9.947612558294182631e-05 -1.339024472482738337e-03 -8.757488802075386047e-03 -1.009102823455280962e-04 9.999994040982765897e-01 -1.071019145800358426e-03 -1.838823966681957245e-02 1.338917179964482784e-03 1.071153298664757891e-03 9.999985098844135223e-01 1.100830912590026855e+00
9.999997615814208984e-01 1.771386077106860512e-04 -6.867045602825991822e-04 -7.478273939341306686e-03 -1.778345480322324201e-04 9.999994636819498073e-01 -1.013515665435723440e-03 -1.774999871850013733e-02 6.865246687084436417e-04 1.013637511533438396e-03 9.999992251397458176e-01 1.060628771781921387e+00
9.999998807907104492e-01 -3.248811897137160454e-05 -5.114156281564594467e-04 -6.154387257993221283e-03 3.205792363415033153e-05 9.999996423583399352e-01 -8.411720440210781807e-04 -1.724309101700782776e-02 5.114427767693996429e-04 8.411555479579391204e-04 9.999995231628844294e-01 1.020184516906738281e+00
9.999998807907104492e-01 -1.845810533852061544e-04 -5.377777314337197148e-04 -5.586493294686079025e-03 1.842345007862719597e-04 9.999998211222167477e-01 -6.443932366933680794e-04 -1.711752638220787048e-02 5.378965288400650024e-04 6.442940607949629306e-04 9.999997019767974393e-01 9.975228309631347656e-01
9.999996423721491112e-01 -3.171057049779602661e-04 -7.397604461992236249e-04 -4.382611252367496490e-03 3.166106982944033588e-04 9.999997018200718069e-01 -6.691616302076563907e-04 -1.691401749849319458e-02 7.399724563583731651e-04 6.689271875128487144e-04 9.999994635582680758e-01 9.748255014419555664e-01
9.999981522560119629e-01 -1.200926456418585002e-04 -1.930760590148458428e-03 -3.570413682609796524e-03 1.187793811236251273e-04 9.999997614254545475e-01 -6.802816124194996893e-04 -1.614379137754440308e-02 1.930841826833784580e-03 6.800510112906811566e-04 9.999979138378733978e-01 9.330036640167236328e-01
9.999924898152023900e-01 2.606601975612832115e-04 -3.863716009310242359e-03 -2.552437363192439079e-03 -2.642087161676236196e-04 9.999995241009141944e-01 -9.179386745308030452e-04 -1.448978297412395477e-02 3.863475052639842033e-03 9.189526534862796359e-04 9.999921321899982729e-01 9.130822420120239258e-01
9.999967217449139412e-01 4.842853524801322561e-04 -2.515720880894861764e-03 -1.010891050100326538e-03 -4.860524856995420556e-04 9.999996432317720396e-01 -7.018730553799789164e-04 -1.440905779600143433e-02 2.515380037948489189e-03 7.030935283743010300e-04 9.999966025360009780e-01 8.748466968536376953e-01
9.999993443489074707e-01 1.407180970229128872e-04 1.159828624531350364e-03 -2.193075837567448616e-03 -1.412668154091543948e-04 9.999998808682368789e-01 4.730317054568436625e-04 -1.494312379509210587e-02 -1.159761915914714336e-03 -4.731952311660524851e-04 9.999992251396960796e-01 8.230657577514648438e-01
9.999626278921667222e-01 -4.999363223062272587e-04 8.632086162720943243e-03 5.034337518736720085e-04 4.957037592408682081e-04 9.999997594923845101e-01 4.924620292002113023e-04 -1.736612245440483093e-02 -8.632330223917961121e-03 -4.881646637208778700e-04 9.999626278921667222e-01 8.496523499488830566e-01
9.999667406276842030e-01 -1.075768736073545381e-03 8.084813680050040308e-03 4.713554866611957550e-03 1.078604413150219266e-03 9.999993474455518561e-01 -3.463874219185597439e-04 -1.870112679898738861e-02 -8.084435947239398956e-03 3.550962271711977092e-04 9.999672770519651976e-01 8.392477631568908691e-01
9.999960660947238011e-01 -8.418913354202200213e-04 2.669858127184729108e-03 6.421047262847423553e-03 8.454503872980384527e-04 9.999987513137102990e-01 -1.332204385844771525e-03 -1.773583516478538513e-02 -2.668733242899179459e-03 1.334456378285941991e-03 9.999955296548392880e-01 8.117557168006896973e-01
9.999992251396960796e-01 -5.402621035566376696e-04 -1.123909600679429350e-03 6.989683490246534348e-03 5.386407098702077068e-04 9.999988666384169722e-01 -1.442416376121540130e-03 -1.590396463871002197e-02 1.124687492847442627e-03 1.441809800421106624e-03 9.999983310706106465e-01 7.604022622108459473e-01
9.999985098839658804e-01 -3.035349700569894859e-04 -1.703765245371157300e-03 7.176855579018592834e-03 3.008104457561805445e-04 9.999986878783391209e-01 -1.599147317618068763e-03 -1.496172323822975159e-02 1.704248366877436638e-03 1.598632470236172054e-03 9.999973177927756751e-01 7.165213823318481445e-01
9.999997615814208984e-01 -7.267419070194742169e-04 1.531515550494515752e-04 5.346534773707389832e-03 7.269278285093605518e-04 9.999990464606276497e-01 -1.217500855504587576e-03 -1.521917805075645447e-02 -1.522665843367576599e-04 1.217611832544207573e-03 9.999992847442626953e-01 6.767511367797851562e-01
9.999947547955478910e-01 -1.402735861230037379e-03 2.916102661259104608e-03 8.548458106815814972e-03 1.408299292121953372e-03 9.999971468186685808e-01 -1.906637109683048973e-03 -1.627998054027557373e-02 -2.913420088589191437e-03 1.910733936902365981e-03 9.999939203340524330e-01 6.331334114074707031e-01
9.999949336096491948e-01 -1.513314894375852003e-03 2.806787728407730657e-03 1.201751548796892166e-02 1.520419216457721823e-03 9.999956596678324372e-01 -2.530717756317893332e-03 -1.691608503460884094e-02 -2.802945673465728760e-03 2.534972310284933084e-03 9.999928474552888247e-01 5.583619475364685059e-01
9.999992251397671339e-01 -9.122601098254053045e-04 8.473890068503618991e-04 1.348979212343692780e-02 9.147208405165668799e-04 9.999953530871149576e-01 -2.908062679759496841e-03 -1.629990898072719574e-02 -8.447321597486734390e-04 2.908835544257193373e-03 9.999954104438657509e-01 5.450381040573120117e-01
9.999988079073318659e-01 -7.271078332248963631e-04 -1.362606319071386213e-03 1.643782854080200195e-02 7.219665667093644323e-04 9.999926649153567659e-01 -3.769797222625219119e-03 -1.509942859411239624e-02 1.365337288007140160e-03 3.768808805137968676e-03 9.999919533797196891e-01 5.453476905822753906e-01
9.999965429315444965e-01 -7.956140384976257036e-04 -2.517193086611260299e-03 1.892727427184581757e-02 7.844636813651648111e-04 9.999899180667942700e-01 -4.427569709737704494e-03 -1.431334018707275391e-02 2.520690206438302994e-03 4.425579671176460561e-03 9.999870658229639275e-01 5.374069213867187500e-01
9.999935627012064288e-01 -9.783124909626482024e-04 -3.445358412347665489e-03 2.091093920171260834e-02 9.616442564316790564e-04 9.999878246237297041e-01 -4.836217852843152296e-03 -1.370663382112979889e-02 3.450047923251986504e-03 4.832873651221647471e-03 9.999823570947796725e-01 5.646565556526184082e-01
9.999955892587486517e-01 -1.155978496709320590e-03 -2.742195509448849648e-03 2.561296336352825165e-02 1.140564588109321820e-03 9.999835911367825902e-01 -5.615932581304701986e-03 -1.352958194911479950e-02 2.748642349615693092e-03 5.612780218185092762e-03 9.999805093402471812e-01 5.555331110954284668e-01
9.999991059305060048e-01 -7.840460137767869429e-04 -1.110952865459225673e-03 2.836365811526775360e-02 7.777509766063450680e-04 9.999837230314591041e-01 -5.655496497599299746e-03 -1.362108346074819565e-02 1.115368911996483803e-03 5.654627346467544502e-03 9.999834299182737141e-01 5.120568871498107910e-01
9.999994635582609703e-01 -8.272981950129505236e-04 -5.627898148170377979e-04 3.287406265735626221e-02 8.236575213798578987e-04 9.999788969505472025e-01 -6.438736754151446612e-03 -1.400609035044908524e-02 5.681047332473099232e-04 6.438269991289768956e-03 9.999790787733928710e-01 4.796833693981170654e-01
9.999989867212875083e-01 -1.094717457547700725e-03 -9.171818128303002322e-04 4.165429994463920593e-02 1.086788729874832438e-03 9.999624404358027352e-01 -8.601001176166134243e-03 -1.462434511631727219e-02 9.265629923902451992e-04 8.599995772540836025e-03 9.999626279031446074e-01 4.568262398242950439e-01
9.999982118610262205e-01 -1.767434465305189580e-03 -6.577882290847970014e-04 5.464940145611763000e-02 1.759301451611072764e-03 9.999244664930448945e-01 -1.216584702348405371e-02 -1.556836999952793121e-02 6.792408530600368977e-04 1.216466807373262071e-02 9.999257922348903094e-01 4.167456030845642090e-01
9.999972581875233857e-01 -2.129494188497045668e-03 -9.994328168197472249e-04 6.963583081960678101e-02 2.112841730008377383e-03 9.998636486927666711e-01 -1.637729544263901230e-02 -1.552810613065958023e-02 1.034171902574598789e-03 1.637513802192680501e-02 9.998653531793948446e-01 3.994703888893127441e-01
9.999968409561716953e-01 -2.012679030417869035e-03 -1.485238239734070539e-03 9.161295741796493530e-02 1.978337036190158660e-03 9.997386844015736518e-01 -2.277231829764874566e-02 -1.463845744729042053e-02 1.530683599412441254e-03 2.276930851419489699e-02 9.997395280114176330e-01 3.812444508075714111e-01
9.999970793745305286e-01 -1.791189326107222278e-03 -1.596564998493414005e-03 1.127465590834617615e-01 1.744713337885631099e-03 9.995879309986483996e-01 -2.865084533992998811e-02 -1.340168528258800507e-02 1.647226279601454735e-03 2.864797770056781712e-02 9.995881920719185132e-01 3.390434086322784424e-01
9.999980926522624713e-01 -1.320816325559657839e-03 -1.421133792891026261e-03 1.353976428508758545e-01 1.269416802218439888e-03 9.993659792604462355e-01 -3.558041781878777676e-02 -1.186119206249713898e-02 1.467228052206337452e-03 3.557854798945481178e-02 9.993658072588544883e-01 2.964085936546325684e-01
9.999989271166498384e-01 -8.686675301143710701e-04 -1.140548432540186303e-03 1.553187370300292969e-01 8.219688257458529490e-04 9.991862387464341966e-01 -4.032506085734176293e-02 -1.096539758145809174e-02 1.174649456515908241e-03 4.032408169571599643e-02 9.991859203434216852e-01 2.742333412170410156e-01
9.999992251397671339e-01 -8.713695736662843824e-04 -8.485319049860567129e-04 1.737389415502548218e-01 8.322167579706170326e-04 9.989822177663114644e-01 -4.509740551575465439e-02 -1.055122446268796921e-02 8.869648445397615433e-04 4.509666543145240958e-02 9.989821915103043182e-01 2.662081718444824219e-01
9.999994635581970215e-01 -1.049679071541564966e-03 -1.060799486579514818e-05 1.998462975025177002e-01 1.047777710482478142e-03 9.987025829769060614e-01 -5.091225600252050759e-02 -1.037159562110900879e-02 6.403576117008924484e-05 5.091221630573272705e-02 9.987031221389770508e-01 2.883130908012390137e-01
9.999988079074562108e-01 -1.104842913761510011e-03 1.098314331874020860e-03 2.292781323194503784e-01 1.166480433295397079e-03 9.983274451793037185e-01 -5.780133988571778403e-02 -9.878708980977535248e-03 -1.032615895383059978e-03 5.780254928927286429e-02 9.983274945645170817e-01 3.127511739730834961e-01
9.999977350246531671e-01 -1.141926133165688034e-03 1.789890939794584745e-03 2.349429428577423096e-01 1.252460406218063038e-03 9.980113682868013703e-01 -6.302191934818134056e-02 -9.262907318770885468e-03 -1.714365091174840927e-03 6.302401717884675847e-02 9.980105191290284949e-01 2.627716958522796631e-01
9.999965429330792688e-01 -1.274389633475935240e-03 2.289387993333796660e-03 2.522497475147247314e-01 1.427103537387369725e-03 9.976848731495967515e-01 -6.799172477764027500e-02 -8.913150988519191742e-03 -2.197439782321453094e-03 6.799475623417983172e-02 9.976832327179607773e-01 2.450074702501296997e-01
9.999974966063582826e-01 -1.186149593752689867e-03 1.875218591077145889e-03 2.745295464992523193e-01 1.315381705776559607e-03 9.975117335980404620e-01 -7.048794511669509433e-02 -8.569601923227310181e-03 -1.786943408660590649e-03 7.049023936751330766e-02 9.975108544327966342e-01 2.348716706037521362e-01
9.999977946293370223e-01 -1.263755527942559114e-03 1.663973566592677955e-03 3.019818365573883057e-01 1.381167810138445029e-03 9.973628925411490709e-01 -7.256238034048079211e-02 -8.364460431039333344e-03 -1.567884464748203754e-03 7.256451851983092283e-02 9.973624381639112357e-01 2.270463407039642334e-01
9.999983310706390682e-01 -1.239838944948271158e-03 1.361584191655022466e-03 3.069503903388977051e-01 1.336539176291361153e-03 9.972956852855547893e-01 -7.348115406157174068e-02 -8.232038468122482300e-03 -1.266797306016087532e-03 7.348285136951160368e-02 9.972956797567675835e-01 1.868733167648315430e-01
9.999991655349731445e-01 -1.307450628135483879e-03 2.746658776563097701e-05 3.165397346019744873e-01 1.305933459661900997e-03 9.972948388600851866e-01 -7.349391860781546992e-02 -8.123252540826797485e-03 6.869737990200519562e-05 7.349389046430587769e-02 9.972956776618957520e-01 1.619661450386047363e-01
9.999992847443870403e-01 -9.737703110705176477e-04 -6.916918237127738000e-04 3.417333066463470459e-01 9.172150343573666487e-04 9.969898526848027798e-01 -7.752688649489021533e-02 -7.811744231730699539e-03 7.651030900888144970e-04 7.752619608455324496e-02 9.969900259404411713e-01 1.501218676567077637e-01
9.999972581881877431e-01 -1.675947976291728781e-03 -1.647915596876724925e-03 3.395464122295379639e-01 1.542446490717178098e-03 9.969582846615956395e-01 -7.792151401065249006e-02 -9.192956611514091492e-03 1.773495576344430447e-03 7.791875893528033004e-02 9.969581412701700174e-01 1.124084666371345520e-01
9.999976158151184791e-01 -2.005817320577394074e-03 -8.283518043616768314e-04 3.816774785518646240e-01 1.943084765356151156e-03 9.975575136231684681e-01 -6.982285931272863566e-02 -1.044002920389175415e-02 9.663804667070508003e-04 6.982108601516756607e-02 9.975590717508566740e-01 1.175157725811004639e-01
9.999977350241806562e-01 -1.993195506502050494e-03 -6.819378733592607522e-04 4.196926057338714600e-01 1.943964630847158648e-03 9.978276685617506470e-01 -6.584946415996500990e-02 -1.056486554443836212e-02 8.117073448374867439e-04 6.584799169969013377e-02 9.978293188227382871e-01 1.124023795127868652e-01
9.999977946283920005e-01 -2.079057657401114055e-03 -3.836849774571091977e-04 4.538774490356445312e-01 2.051624690547593222e-03 9.981169097872168994e-01 -6.130657808634893541e-02 -1.060466747730970383e-02 5.104223382659256458e-04 6.130565344623795099e-02 9.981189372397594184e-01 1.017660573124885559e-01
9.999991059303781071e-01 -1.318468715974731699e-03 -2.733446098627766163e-04 4.637546241283416748e-01 1.300823215159875590e-03 9.983861799057087705e-01 -5.677431270334142022e-02 -9.921584278345108032e-03 3.477586433291435242e-04 5.677390505230972551e-02 9.983869791992283638e-01 7.895693182945251465e-02
9.999996423721313477e-01 -8.669489970462098977e-04 1.921197938519149308e-05 4.235653281211853027e-01 8.668035152368247509e-04 9.987041943864343185e-01 -5.088411609683411718e-02 -9.229049086570739746e-03 2.492684870958328247e-05 5.088411271572113037e-02 9.987045526504516602e-01 3.976997360587120056e-02
9.999995827674865723e-01 -9.010135501307845558e-04 -7.764736036562913939e-05 4.299509525299072266e-01 8.962614811025559902e-04 9.988523078628451790e-01 -4.788780452188475673e-02 -9.215757250785827637e-03 1.207058085128664970e-04 4.788771644234657288e-02 9.988527297973632812e-01 2.204841934144496918e-02
9.999992847443337496e-01 -1.124034545793062972e-03 -4.658236753526755593e-04 4.117616415023803711e-01 1.101744462714243644e-03 9.989697681257649897e-01 -4.536684710401507614e-02 -9.620931930840015411e-03 5.163376918062567711e-04 4.536630044981171395e-02 9.989702702795995037e-01 -9.352031047455966473e-04
9.999988079074029201e-01 -8.890983940562919956e-04 -1.237440329227986911e-03 3.354114294052124023e-01 8.347995481630607340e-04 9.990656515481673994e-01 -4.320945305038888240e-02 -9.498277679085731506e-03 1.274701673537492752e-03 4.320836931957749982e-02 9.990652211353321377e-01 -3.527895733714103699e-02
9.999992847443870403e-01 -8.009058108543052256e-04 -8.605869937055859054e-04 3.233349025249481201e-01 7.676420208031602133e-04 9.992781620071723436e-01 -3.798125052489908365e-02 -1.022015232592821121e-02 8.903851849026978016e-04 3.798056299304652939e-02 9.992780688435196623e-01 -4.160194471478462219e-02
9.999997615814208984e-01 -7.254815230907556492e-04 -3.148138134258182620e-05 3.392046988010406494e-01 7.239166297949850559e-04 9.993755804301917012e-01 -3.532582456702147017e-02 -1.114893797785043716e-02 5.708995740860700607e-05 3.532579168677330017e-02 9.993758201599121094e-01 -4.483335465192794800e-02
9.999995827674865723e-01 -9.066000047949573188e-04 -1.945158545017425071e-04 3.697588741779327393e-01 9.001313010230660439e-04 9.995185672724252735e-01 -3.101352144823617957e-02 -1.222173310816287994e-02 2.225390635430812836e-04 3.101333416998386383e-02 9.995189905166625977e-01 -4.200209304690361023e-02
9.999988079071044922e-01 -1.531570338788642432e-03 -2.494639894667649040e-05 3.938100039958953857e-01 1.530411769635975361e-03 9.996638276451285110e-01 -2.588026314278953424e-02 -1.378124020993709564e-02 6.457546260207891464e-05 2.588019520044326782e-02 9.996650218963623047e-01 -3.991140052676200867e-02
9.999971389770507812e-01 -2.379162381437088716e-03 4.785896403637748185e-05 4.159882962703704834e-01 2.379636047407984734e-03 9.997407798087950548e-01 -2.264227702145086077e-02 -1.519696041941642761e-02 6.023095920681953430e-06 2.264232747256755829e-02 9.997436404228210449e-01 -4.143537580966949463e-02
9.999939203343224392e-01 -2.817648888723313112e-03 2.045936269282123011e-03 4.297128319740295410e-01 2.862316514156415526e-03 9.997501449863906986e-01 -2.216795380109803579e-02 -1.660462096333503723e-02 -1.982963643968105316e-03 2.217367586596352691e-02 9.997521643706370753e-01 -5.047000572085380554e-02
9.999936223131697943e-01 -2.441106469401550360e-03 2.604657036523291575e-03 4.271482229232788086e-01 2.496439230167402101e-03 9.997666660408858208e-01 -2.145635549775367149e-02 -1.706073060631752014e-02 -2.551672048866748810e-03 2.146272030749996063e-02 9.997663505476985790e-01 -5.804479867219924927e-02
9.999980926514773216e-01 -1.910015993007994342e-03 4.084945089240251781e-04 4.636050760746002197e-01 1.917264542817195827e-03 9.998260872295902102e-01 -1.854840802396949540e-02 -1.628457754850387573e-02 -3.729957388713955879e-04 1.854915620093600115e-02 9.998278617961453563e-01 -5.929303914308547974e-02
9.999959468876618018e-01 -1.637499164314373031e-03 -2.334907540360578546e-03 4.638592898845672607e-01 1.599488722835148979e-03 9.998676763317015936e-01 -1.618918849516599867e-02 -1.458988338708877563e-02 2.361108316108584404e-03 1.618538733033325627e-02 9.998661879394958873e-01 -5.903125554323196411e-02
9.999901056350246620e-01 -1.221958325924857834e-03 -4.279601958808399928e-03 4.677686095237731934e-01 1.157696373337763207e-03 9.998870343417719520e-01 -1.498629515783185887e-02 -1.203086692839860916e-02 4.297431092709302902e-03 1.498119196407748932e-02 9.998785267708605318e-01 -6.175297498703002930e-02
9.999930858642755993e-01 -1.039359181734807007e-03 -3.568100876453051892e-03 4.585819840431213379e-01 9.914410972176324055e-04 9.999096514157432836e-01 -1.340517749781865164e-02 -1.107451319694519043e-02 3.581711323931813240e-03 1.340154685816896674e-02 9.999037390769132116e-01 -6.306935101747512817e-02
