0.000000000000000000e+00 0.000000000000000000e+00 0.000000000000000000e+00 0.000000000000000000e+00 0.000000000000000000e+00 0.000000000000000000e+00 0.000000000000000000e+00 0.000000000000000000e+00 0.000000000000000000e+00 0.000000000000000000e+00 0.000000000000000000e+00 0.000000000000000000e+00
9.999995827675078885e-01 -8.391855001262155025e-04 3.531940367662183590e-04 -9.839612990617752075e-03 8.383296745334729849e-04 9.999967210261068162e-01 2.416328827898323386e-03 -1.518119033426046371e-02 -3.552206326276063919e-04 -2.416031756786590767e-03 9.999970197679353134e-01 8.639370203018188477e-01
9.999997019767761230e-01 -7.556412258291096825e-04 9.438962186336885768e-05 -1.122203189879655838e-02 7.553884061053395271e-04 9.999961851107985744e-01 2.650458909983672250e-03 -1.532600633800029755e-02 -9.639206109568476677e-05 -2.650386886671185493e-03 9.999964833259582520e-01 8.447917103767395020e-01
9.999998211860656738e-01 -5.645393281022555122e-04 -1.744280406551754247e-04 -1.240359712392091751e-02 5.649356171488761902e-04 9.999971988052053229e-01 2.280176651116417371e-03 -1.572813838720321655e-02 1.731403172016143799e-04 -2.280274871736764908e-03 9.999973773956298828e-01 8.422971963882446289e-01
9.999998211860727793e-01 -2.492450525712895963e-04 -5.050406471672837412e-04 -1.526713464409112930e-02 2.504206778911402531e-04 9.999971988760955055e-01 2.329040280357291305e-03 -1.603019796311855316e-02 5.044587887823581696e-04 -2.329166468108684329e-03 9.999971389773776309e-01 8.523570299148559570e-01
9.999997615814208984e-01 -1.545290277788782481e-04 -6.807998727459438175e-04 -1.838566921651363373e-02 1.559969015091505762e-04 9.999976756477868545e-01 2.156578257751343847e-03 -1.621796563267707825e-02 6.804650183767080307e-04 -2.156683893770716676e-03 9.999974370008288815e-01 8.613598942756652832e-01
9.999998807907104492e-01 6.784621879125495719e-05 -4.866661816400685652e-04 -2.179224044084548950e-02 -6.661848535093745083e-05 9.999968408720236734e-01 2.522312173404222483e-03 -1.662595756351947784e-02 4.868357500527054071e-04 -2.522279440563351960e-03 9.999967217449139412e-01 8.686122894287109375e-01
9.999998211860727793e-01 2.681839030103675618e-04 -5.309567782106088723e-04 -2.526129409670829773e-02 -2.667155613753982579e-04 9.999961253064244548e-01 2.763614842285586504e-03 -1.656544953584671021e-02 5.316958995535969734e-04 -2.763472866523480898e-03 9.999960660938995716e-01 8.789144158363342285e-01
9.999991059303781071e-01 3.468759636573213816e-04 -1.297137755126820955e-03 -2.767506800591945648e-02 -3.434590224739714204e-04 9.999964821522746572e-01 2.633511351495726027e-03 -1.646081916987895966e-02 1.298046670854091644e-03 -2.633063486565972999e-03 9.999957084684609754e-01 8.992643952369689941e-01
9.999983906745910645e-01 4.294181324906697354e-05 -1.809799955934891314e-03 -2.903470024466514587e-02 -3.868771777256960198e-05 9.999972580217570961e-01 2.350558465450924752e-03 -1.629516296088695526e-02 1.809895853511989117e-03 -2.350484662089466492e-03 9.999956488653438669e-01 8.972236514091491699e-01
9.999980330467224121e-01 -1.500084825212938400e-05 -1.971344117413289469e-03 -2.965424209833145142e-02 1.836535400924835248e-05 9.999985695503160743e-01 1.706699958376736151e-03 -1.639302074909210205e-02 1.971315592527389526e-03 -1.706732805234589812e-03 9.999966025380615520e-01 9.066506624221801758e-01
9.999991655350193298e-01 -2.629282896006927112e-04 -1.247111425957514669e-03 -2.805087901651859283e-02 2.640511075121428075e-04 9.999995234593731519e-01 9.002526524183501787e-04 -1.627534255385398865e-02 1.246874220669269562e-03 -9.005812469085883176e-04 9.999988079074277891e-01 9.010067582130432129e-01
9.999996423721597694e-01 -4.231633107969536033e-04 -7.090423176028958115e-04 -2.736507914960384369e-02 4.235950336415744699e-04 9.999997021596838120e-01 6.088384956575907097e-04 -1.640636846423149109e-02 7.087845006026327610e-04 -6.091386606548593319e-04 9.999995827675292048e-01 9.004105329513549805e-01
9.999997019767761230e-01 -7.325502080575510035e-04 -1.839445131379293435e-05 -2.715280465781688690e-02 7.325601764023303986e-04 9.999995231701015452e-01 5.466896540987986131e-04 -1.660871692001819611e-02 1.799396704882383347e-05 -5.467029986903071404e-04 9.999998211860656738e-01 8.984481692314147949e-01
9.999997615814351093e-01 -4.835286139072333131e-04 -4.898908503762590882e-04 -2.824881114065647125e-02 4.837419552086129337e-04 9.999997616846372228e-01 4.354378650808047864e-04 -1.662036031484603882e-02 4.896802129223942757e-04 -4.356747439444308423e-04 9.999997615814351093e-01 9.223784804344177246e-01
9.999998211860727793e-01 -4.690534856844553102e-04 -4.152919050152639887e-04 -2.850804105401039124e-02 4.692219674771579835e-04 9.999998212651280971e-01 4.056861486698688877e-04 -1.672457531094551086e-02 4.151015309616923332e-04 -4.058809476193206423e-04 9.999998807907140019e-01 9.191278815269470215e-01
9.999998807907140019e-01 -3.972627293063332125e-04 3.169887539796981558e-04 -3.080303966999053955e-02 3.969252920679559871e-04 9.999994038195717527e-01 1.063814233983668544e-03 -1.638139039278030396e-02 -3.174111479893326759e-04 -1.063688245531123344e-03 9.999994039535842205e-01 9.115797281265258789e-01
9.999997019767974393e-01 -4.567784725488110856e-04 6.228030799835863841e-04 -3.196195140480995178e-02 4.561491717298919030e-04 9.999993440618418772e-01 1.010231568442178417e-03 -1.664592325687408447e-02 -6.232641753740608692e-04 -1.009947206908931583e-03 9.999992847443586186e-01 9.278307557106018066e-01
1.000000000000000000e+00 -1.232048259426681491e-04 1.683265927812327379e-04 -3.273533657193183899e-02 1.230534981004893780e-04 9.999995827488588063e-01 8.987481754418979833e-04 -1.691839843988418579e-02 -1.684372546151280403e-04 -8.987274486571550369e-04 9.999995827674865723e-01 9.355072975158691406e-01
9.999998211860656738e-01 -9.581485099254878233e-05 -6.176354121968793357e-04 -3.527363389730453491e-02 9.635816700684710079e-05 9.999996424244825821e-01 8.797041195038682055e-04 -1.742301508784294128e-02 6.175508606247603893e-04 -8.797634682481958457e-04 9.999994635582609703e-01 9.620475172996520996e-01
9.999990463256835938e-01 -1.259573646256748416e-04 -1.399113759510420274e-03 -3.750881925225257874e-02 1.270192977340101059e-04 9.999997021116727725e-01 7.589380313027907802e-04 -1.792451366782188416e-02 1.399017754010856152e-03 -7.591150097227550297e-04 9.999987483027439339e-01 9.887038469314575195e-01
9.999980926513671875e-01 -1.964767399139389910e-04 -1.942029812729034310e-03 -3.838061913847923279e-02 1.977318036784359023e-04 9.999997618296526669e-01 6.460922498789773392e-04 -1.826320588588714600e-02 1.941902446560561657e-03 -6.464749933375868451e-04 9.999978542332428333e-01 1.010357737541198730e+00
9.999995231628666659e-01 -3.240276220093409043e-04 -9.053537174627705264e-04 -3.835675120353698730e-02 3.246125225662525871e-04 9.999997021666753305e-01 6.459662998401576820e-04 -1.828837394714355469e-02 9.051442029885947704e-04 -6.462598899150719112e-04 9.999993443490069467e-01 1.014018893241882324e+00
9.999998211860727793e-01 -5.344010258075521623e-04 -3.201054033777009237e-04 -3.839775919914245605e-02 5.345943181644767506e-04 9.999997020800963643e-01 6.040792677873919663e-04 -1.834437996149063110e-02 3.197824698872864246e-04 -6.042502576745871490e-04 9.999997615814315566e-01 1.019976377487182617e+00
9.999998211860727793e-01 -4.797846608009359690e-04 -3.993207992107133345e-04 -3.850026428699493408e-02 4.798604646128867141e-04 9.999998808270994521e-01 1.897552507641955702e-04 -1.920002140104770660e-02 3.992296988144516945e-04 -1.899468366460890789e-04 9.999999403953552246e-01 1.046418547630310059e+00
9.999994635582467595e-01 -4.741098399785778606e-04 -9.122350244561694670e-04 -3.624171763658523560e-02 4.740608333336730068e-04 9.999998807675720691e-01 -5.393566211689982548e-05 -1.828199438750743866e-02 9.122604969888925552e-04 5.350317901984397162e-05 9.999995827674865723e-01 1.001345872879028320e+00
9.999975562097063175e-01 -3.012680795988303918e-04 -2.186067254665427506e-03 -3.554540500044822693e-02 3.003989518404470704e-04 9.999998805298380145e-01 -3.978915119458176501e-04 -1.748210005462169647e-02 2.186186844483017921e-03 3.972338587780455121e-04 9.999975562097063175e-01 9.954039454460144043e-01
9.999945759776451837e-01 -3.467827229726943130e-04 -3.271889467062147252e-03 -3.530488535761833191e-02 3.455704515832672130e-04 9.999998803724200469e-01 -3.710670407952076423e-04 -1.682971417903900146e-02 3.272017696872353554e-03 3.699343597205889678e-04 9.999945759776451837e-01 9.811314940452575684e-01
9.999940395358741796e-01 -2.795658736888030106e-04 -3.432455119470376789e-03 -3.621997311711311340e-02 2.784772525147687083e-04 9.999998804880089187e-01 -3.176290633157005465e-04 -1.691600680351257324e-02 3.432543715462088585e-03 3.166713226201572917e-04 9.999940395358741796e-01 1.002426385879516602e+00
9.999981522561185443e-01 -2.715276445746779522e-04 -1.904296231282674636e-03 -3.542901948094367981e-02 2.703215400518058087e-04 9.999997612555124871e-01 -6.335890434819998421e-04 -1.761203818023204803e-02 1.904467819258570671e-03 6.330731296887784354e-04 9.999980330470421563e-01 1.014666795730590820e+00
9.999987483026515633e-01 -6.406882529217199605e-04 1.449771314896163704e-03 -3.459165245294570923e-02 6.411710161438183286e-04 9.999997618913822883e-01 -3.325604915335967303e-04 -1.896848157048225403e-02 -1.449557836167514324e-03 3.334896087828637112e-04 9.999988675118132164e-01 1.049654245376586914e+00
9.999907612842378057e-01 -9.661148147630084851e-04 4.187332428256412310e-03 -3.107919916510581970e-02 9.678262468528833762e-04 9.999994652227610636e-01 -4.067144640974586201e-04 -1.939059793949127197e-02 -4.186937119811773300e-03 4.107633237771593504e-04 9.999911785130954911e-01 1.027192354202270508e+00
9.999966621412568202e-01 -9.858260466197117568e-04 2.404902546703908267e-03 -3.072983957827091217e-02 9.872718640530075973e-04 9.999993457790267160e-01 -6.000718555996639074e-04 -2.015220746397972107e-02 -2.404309343546628952e-03 6.024441325909735134e-04 9.999969601636280458e-01 1.058158636093139648e+00
9.999997615814208984e-01 -6.674265872458680793e-04 2.171796341606744825e-04 -3.038117662072181702e-02 6.676154443994164467e-04 9.999994040795621153e-01 -8.706762542023505991e-04 -1.974864117801189423e-02 -2.165983896702528000e-04 8.708210662007331848e-04 9.999996423721313477e-01 1.069890618324279785e+00
9.999973177911414268e-01 -4.062803439590986364e-04 -2.299765451626085110e-03 -3.009379655122756958e-02 4.044973044028538078e-04 9.999996416512928477e-01 -7.757293050090516111e-04 -1.812474057078361511e-02 2.300079679116606712e-03 7.747969410066418705e-04 9.999970793731876029e-01 1.045705556869506836e+00
9.999976754189887629e-01 -4.187740520870809175e-04 -2.118823194446179357e-03 -2.964495867490768433e-02 4.168339527747880191e-04 9.999995223544865253e-01 -9.160041254046400079e-04 -1.766644418239593506e-02 2.119205659255385399e-03 9.151187487190237668e-04 9.999973177919301293e-01 1.043828248977661133e+00
9.999995231628950876e-01 -7.985515026074356971e-04 6.047339453134825335e-04 -2.965796552598476410e-02 7.986196751380292280e-04 9.999997020313341478e-01 -1.125015316089229649e-04 -1.804154738783836365e-02 -6.046438938938081264e-04 1.129844256741799335e-04 9.999998211860656738e-01 1.045383453369140625e+00
9.999958872802139354e-01 -6.404461544615415664e-04 2.802666692707648718e-03 -3.091126866638660431e-02 6.397343685397849367e-04 9.999997611276614240e-01 2.548614275159202867e-04 -1.896471902728080750e-02 -2.802829258143901825e-03 -2.530674040681496484e-04 9.999960064890345279e-01 1.074176073074340820e+00
9.999876618407057549e-01 -5.726366095085963287e-04 4.936080276752785427e-03 -3.154924511909484863e-02 5.675805402718114845e-04 9.999992818783410842e-01 1.025653015313620449e-03 -1.909866929054260254e-02 -4.936664365231990814e-03 -1.022838773815509805e-03 9.999873042171856241e-01 1.056386113166809082e+00
9.999986886978149414e-01 -1.074529519497611119e-04 1.608611058521077332e-03 -3.309897705912590027e-02 1.059513663130631778e-04 9.999995826084013828e-01 9.335209747622448453e-04 -1.812413334846496582e-02 -1.608710619620978832e-03 -9.333493056171149327e-04 9.999982714658486316e-01 1.023948073387145996e+00
9.999999403953552246e-01 1.084158998881801786e-04 -3.969391645820859855e-04 -3.471282869577407837e-02 -1.082838797660835850e-04 9.999999403810595489e-01 3.326081492769819678e-04 -1.768716797232627869e-02 3.969751996919512749e-04 -3.325651434397600137e-04 9.999998807907140019e-01 1.046049237251281738e+00
9.999954700480202519e-01 6.728989293228906758e-04 -2.938694220674531107e-03 -3.430374711751937866e-02 -6.735974653154230829e-04 9.999997620539022858e-01 -2.367201511395553492e-04 -1.601334288716316223e-02 2.938534133136272430e-03 2.386985813008779544e-04 9.999957084655761719e-01 1.025948643684387207e+00
9.999969601636280458e-01 6.021764983922656654e-04 -2.389172380810603707e-03 -3.536092862486839294e-02 -6.032649164692260868e-04 9.999997026344017437e-01 -4.548664125531954954e-04 -1.674900017678737640e-02 2.388897817581892014e-03 4.563063308344605939e-04 9.999970197681022910e-01 1.064266085624694824e+00
9.999962449087718142e-01 9.244628231234365166e-04 -2.594190108994301556e-03 -3.641353175044059753e-02 -9.253402203969474105e-04 9.999995239775677502e-01 -3.370263138871433637e-04 -1.701246388256549835e-02 2.593877259641885757e-03 3.394255493718856265e-04 9.999966025354467547e-01 1.076848149299621582e+00
9.999952912343772482e-01 8.084790017954874468e-04 -2.977757444529785958e-03 -3.614144772291183472e-02 -8.096915928495138082e-04 9.999996433568311138e-01 -4.060337395603740756e-04 -1.694664545357227325e-02 2.977427793666720390e-03 4.084428684842239532e-04 9.999955296519047465e-01 1.087750792503356934e+00
9.999940395395405801e-01 1.266161166898073509e-03 -3.227126017969234040e-03 -3.473114594817161560e-02 -1.268020891233408165e-03 9.999990486920559141e-01 -5.742858482841930057e-04 -1.661842875182628632e-02 3.226395696401596069e-03 5.783744548394677276e-04 9.999946355828974731e-01 1.075446844100952148e+00
9.999991655351152531e-01 6.836461385962362605e-04 -1.102382255632886662e-03 -3.494250401854515076e-02 -6.839988634367161202e-04 9.999997022183049200e-01 -3.196085538920170302e-04 -1.854162849485874176e-02 1.102163456380367279e-03 3.203623182773535083e-04 9.999993443489429978e-01 1.117316722869873047e+00
1.000000000000000000e+00 1.827227255159619948e-04 1.359771874619013514e-04 -3.208050876855850220e-02 -1.826712978072464466e-04 9.999999403859588520e-01 -3.781212115278497410e-04 -1.869316399097442627e-02 -1.360462629236280918e-04 3.780963597819209099e-04 9.999999403953552246e-01 1.071545600891113281e+00
9.999999403953552246e-01 -4.064135078990833050e-05 4.038446237658548771e-04 -3.022217191755771637e-02 4.082481366322540661e-05 9.999998807982002358e-01 -4.542890395109789887e-04 -1.856392994523048401e-02 -4.038261249661445618e-04 4.543054985575809696e-04 9.999998211860727793e-01 1.044848084449768066e+00
1.000000000000000000e+00 -1.587913450220858032e-04 -1.744824734906202547e-05 -2.916424721479415894e-02 1.587813603691756725e-04 9.999998211844758345e-01 -5.709077722483678471e-04 -1.868096925318241119e-02 1.753889955580234528e-05 5.709049873985350132e-04 9.999998211860656738e-01 1.044240117073059082e+00
9.999997019767903339e-01 -3.757806655534153689e-04 -6.519504378007469261e-04 -2.766953594982624054e-02 3.752787284819619762e-04 9.999996421837743510e-01 -7.698385368462975706e-04 -1.838557049632072449e-02 6.522394833154976368e-04 7.695936276428255729e-04 9.999994635582680758e-01 1.039154171943664551e+00
9.999996423721313477e-01 -2.099753437519602409e-04 -8.305311361177939236e-04 -2.748182229697704315e-02 2.090956384383571565e-04 9.999994633742466110e-01 -1.059143935568396212e-03 -1.903700083494186401e-02 8.307530079036951065e-04 1.058969850051619255e-03 9.999991059305202157e-01 1.071625351905822754e+00
9.999986290933193800e-01 -5.147295507521118963e-04 1.564556929462609892e-03 -2.514071203768253326e-02 5.163921680935261438e-04 9.999993452077259315e-01 -1.062477044157704009e-03 -1.961380615830421448e-02 -1.564008882269263268e-03 1.063283482515449407e-03 9.999982118613282012e-01 1.075762391090393066e+00
9.999899268206817737e-01 -1.116285686287053725e-03 4.347199851793322016e-03 -2.343095093965530396e-02 1.117652865738283374e-03 9.999993458887544984e-01 -3.120851217460220411e-04 -1.963715627789497375e-02 -4.346848465502262115e-03 3.169406203382477138e-04 9.999904632574008190e-01 1.064633727073669434e+00
9.999984502793246577e-01 -3.800838017374901174e-04 1.734896570291664681e-03 -2.379371784627437592e-02 3.812029748915986282e-04 9.999997620082549110e-01 -6.448132955301027168e-04 -1.977551728487014771e-02 -1.734650926664471626e-03 6.454736271320447860e-04 9.999983310702127426e-01 1.098977684974670410e+00
9.999990463256835938e-01 4.268203546117094183e-05 -1.371534894984914946e-03 -2.349910326302051544e-02 -4.394971066662423098e-05 9.999995828232016715e-01 -9.242587520204769910e-04 -1.893136464059352875e-02 1.371494843624532223e-03 9.243181473550521332e-04 9.999986290935680699e-01 1.107693314552307129e+00
9.999961853027343750e-01 2.430536950413729447e-05 -2.767488959901322296e-03 -2.378806285560131073e-02 -2.725266467096254530e-05 9.999994040338765489e-01 -1.064937694348961315e-03 -1.871984638273715973e-02 2.767461584880948067e-03 1.065009052591658900e-03 9.999955892585603578e-01 1.144843816757202148e+00
9.999989867210388184e-01 -2.368711752392698073e-04 -1.405160520284052519e-03 -2.364189364016056061e-02 2.357548158601861787e-04 9.999997017136285082e-01 -7.945763061956624294e-04 -1.885543391108512878e-02 1.405348186381161213e-03 7.942441835640488834e-04 9.999986886981169221e-01 1.141120195388793945e+00
9.999998211860727793e-01 -3.946190824477228813e-04 4.448197166427924698e-04 -2.365921251475811005e-02 3.947394545873103566e-04 9.999998808382389859e-01 -2.705511794157233318e-04 -1.920093595981597900e-02 -4.447129031177610159e-04 2.707267090184400926e-04 9.999998211860727793e-01 1.129358410835266113e+00
9.999997019767761230e-01 -1.810587672265634223e-04 7.679009113093897840e-04 -2.271711453795433044e-02 1.814542379552745721e-04 9.999998808624761537e-01 -5.149678598985770036e-04 -2.000744827091693878e-02 -7.678075344301760197e-04 5.151070283406430916e-04 9.999995827675220994e-01 1.131079673767089844e+00
9.999997019767761230e-01 2.210679180872244924e-04 -7.928938749948434258e-04 -2.207987196743488312e-02 -2.216120404974798730e-04 9.999997617020079943e-01 -6.862212217211096678e-04 -2.006975933909416199e-02 7.927419501356780529e-04 6.863966983305207215e-04 9.999994635582680758e-01 1.127931714057922363e+00
9.999946951875315904e-01 5.462269604110529028e-04 -3.209023550297791360e-03 -2.044498547911643982e-02 -5.504477609135152716e-04 9.999989294411786300e-01 -1.314546920435216313e-03 -1.873735338449478149e-02 3.208302427083253860e-03 1.316306418750745610e-03 9.999939799354606862e-01 1.115973472595214844e+00
9.999788999631675779e-01 8.591626897320244361e-04 -6.445946434897392545e-03 -2.125748246908187866e-02 -8.684292858855274799e-04 9.999986371559655973e-01 -1.434923817721383069e-03 -1.704166829586029053e-02 6.444704253226518631e-03 1.440491333335208735e-03 9.999782443256748365e-01 1.119771957397460938e+00
9.999871850065460421e-01 9.158088151475976936e-04 -4.981373519488961274e-03 -2.050801739096641541e-02 -9.230940128864273397e-04 9.999985166189870878e-01 -1.460384819172678159e-03 -1.751060597598552704e-02 4.980028606951236725e-03 1.464964354553011106e-03 9.999865293635821217e-01 1.135165572166442871e+00
9.999994039535842205e-01 3.286430550426052842e-04 1.046945116838810842e-03 -1.803304813802242279e-02 -3.277796774160159077e-04 9.999995824845292480e-01 -8.247378428282774133e-04 -1.900524273514747620e-02 -1.047215773724019527e-03 8.243941936164067563e-04 9.999991059305202157e-01 1.131994843482971191e+00
9.999517798452473016e-01 -2.600054298852484398e-04 9.812527955459143802e-03 -1.094222534447908401e-02 2.676881562390931446e-04 9.999996444322531985e-01 -7.816462699941386901e-04 -2.001881226897239685e-02 -9.812321513891220093e-03 7.842353136932878055e-04 9.999515414381505707e-01 1.114705681800842285e+00
9.999575018933271053e-01 -5.350344631760306112e-04 9.206967354841100876e-03 -7.937242276966571808e-03 5.390087928664084871e-04 9.999997637360035219e-01 -4.291877971906261024e-04 -2.038176916539669037e-02 -9.206735529005527496e-03 4.341321712475823547e-04 9.999575018933271053e-01 1.102638244628906250e+00
9.999979138374328613e-01 1.039094938279513068e-04 2.033698522434412154e-03 -7.093832362443208694e-03 -1.011974744658770964e-04 9.999991056558904523e-01 -1.333597345952831220e-03 -1.949972286820411682e-02 -2.033835276961326599e-03 1.333388745042476953e-03 9.999970197696264052e-01 1.116837143898010254e+00
9.999977946282712082e-01 3.186066568227860257e-04 -2.076245556998334608e-03 -6.877165753394365311e-03 -3.224140449021445365e-04 9.999982726930086718e-01 -1.833709246912754772e-03 -1.802767254412174225e-02 2.075657714158296585e-03 1.834374641619396229e-03 9.999961853063155104e-01 1.115501403808593750e+00
9.999969005584716797e-01 1.730756338617680514e-04 -2.483872097071026380e-03 -7.708152290433645248e-03 -1.767264673043916767e-04 9.999989277616582184e-01 -1.469672854756982417e-03 -1.799018308520317078e-02 2.483614953234791756e-03 1.470107219617822203e-03 9.999958276781910627e-01 1.101433992385864258e+00
9.999991059303283691e-01 9.950846793745610046e-05 -1.338989345270091662e-03 -8.758004754781723022e-03 -1.009425293608430529e-04 9.999994040983132271e-01 -1.070976032504067539e-03 -1.838824152946472168e-02 1.338882022537291050e-03 1.071110225034192787e-03 9.999985098844135223e-01 1.100830912590026855e+00
9.999997615814208984e-01 1.771550335349831608e-04 -6.866787947921175646e-04 -7.478708866983652115e-03 -1.778509625886964818e-04 9.999994636819592442e-01 -1.013537312002651264e-03 -1.775003224611282349e-02 6.864988827146589756e-04 1.013659164778135668e-03 9.999992251397458176e-01 1.060628414154052734e+00
9.999998807907104492e-01 -3.250266290106163403e-05 -5.114228345445655981e-04 -6.154860835522413254e-03 3.207247554764397490e-05 9.999996423583339400e-01 -8.411445776790873411e-04 -1.724311895668506622e-02 5.114499945193529129e-04 8.411280739452631217e-04 9.999995231628844294e-01 1.020184397697448730e+00
9.999998807907104492e-01 -1.845864306496903715e-04 -5.378047347032172262e-04 -5.586849059909582138e-03 1.842398558904376205e-04 9.999998211222107525e-01 -6.444020921143338212e-04 -1.711755618453025818e-02 5.379235371947288513e-04 6.443029083583670658e-04 9.999997019767974393e-01 9.975225925445556641e-01
9.999996423721491112e-01 -3.171107771637992484e-04 -7.397522297102760705e-04 -4.383057821542024612e-03 3.166157623593936210e-04 9.999997018200668109e-01 -6.691800249761231797e-04 -1.691401936113834381e-02 7.399642490781843662e-04 6.689455811282156439e-04 9.999994635582680758e-01 9.748254418373107910e-01
9.999981522560119629e-01 -1.200939931927197618e-04 -1.930773162075952480e-03 -3.570848843082785606e-03 1.187807198973524214e-04 9.999997614254517719e-01 -6.802817329132010774e-04 -1.614380627870559692e-02 1.930854399688541889e-03 6.800511277057878778e-04 9.999979138378733978e-01 9.330034852027893066e-01
9.999924898152023900e-01 2.606178826836084853e-04 -3.863669876765652832e-03 -2.552847145125269890e-03 -2.641664577206527531e-04 9.999995241007790803e-01 -9.179643449286502667e-04 -1.448981650173664093e-02 3.863428952172398567e-03 9.189781482518075140e-04 9.999921321899982729e-01 9.130821228027343750e-01
9.999967217449139412e-01 4.842919275271193209e-04 -2.515722992465570414e-03 -1.011185930110514164e-03 -4.860591213519237924e-04 9.999996432318132289e-01 -7.018965535624202166e-04 -1.440908014774322510e-02 2.515382133424282074e-03 7.031170441950222727e-04 9.999966025360009780e-01 8.748465180397033691e-01
9.999993443489074707e-01 1.407377239318077745e-04 1.159839814825956239e-03 -2.193311229348182678e-03 -1.412864895856437430e-04 9.999998808682544205e-01 4.730678862255585171e-04 -1.494303438812494278e-02 -1.159773091785609722e-03 -4.732314363074027058e-04 9.999992251396960796e-01 8.230656385421752930e-01
9.999626278921667222e-01 -4.999720242701327817e-04 8.632052579110767454e-03 5.030713509768247604e-04 4.957387989473586998e-04 9.999997594919092236e-01 4.925407789817631788e-04 -1.736612245440483093e-02 -8.632296696305274963e-03 -4.882431247247801670e-04 9.999626278921667222e-01 8.496524095535278320e-01
9.999667406276842030e-01 -1.075740133643610010e-03 8.084832290669172888e-03 4.713152069598436356e-03 1.078575775916468249e-03 9.999993474454310638e-01 -3.463823946649360994e-04 -1.870107837021350861e-02 -8.084454573690891266e-03 3.550909886528286208e-04 9.999672770519651976e-01 8.392476439476013184e-01
9.999960660947238011e-01 -8.419113868003549666e-04 2.669843250203605967e-03 6.420697085559368134e-03 8.454704106617833004e-04 9.999987513137579276e-01 -1.332201318208851284e-03 -1.773588918149471283e-02 -2.668718341737985611e-03 1.334453351498399165e-03 9.999955296548392880e-01 8.117554187774658203e-01
9.999992251396960796e-01 -5.402377926643651875e-04 -1.123900073599529842e-03 6.989299319684505463e-03 5.386163790838983945e-04 9.999988666384457270e-01 -1.442446262349501287e-03 -1.590396836400032043e-02 1.124677946791052818e-03 1.441839719139199893e-03 9.999983310706106465e-01 7.604022026062011719e-01
9.999985098839658804e-01 -3.035585413289498694e-04 -1.703751705299757710e-03 7.176479790359735489e-03 3.008340489289162978e-04 9.999986878782843869e-01 -1.599141300184853207e-03 -1.496171951293945312e-02 1.704234862700104713e-03 1.598626416648096793e-03 9.999973177927756751e-01 7.165212631225585938e-01
9.999997615814208984e-01 -7.267071443079804348e-04 1.531516894031854426e-04 5.346270743757486343e-03 7.268930785357952118e-04 9.999990464606305363e-01 -1.217583748400600770e-03 -1.521918736398220062e-02 -1.522667007520794868e-04 1.217694720253348351e-03 9.999992847442626953e-01 6.767514348030090332e-01
9.999947547955478910e-01 -1.402758932625778080e-03 2.916108277810222030e-03 8.548240177333354950e-03 1.408322342258128135e-03 9.999971468187670576e-01 -1.906626091629362758e-03 -1.627994701266288757e-02 -2.913425676524639130e-03 1.910722993908424427e-03 9.999939203340524330e-01 6.331335306167602539e-01
9.999949336096491948e-01 -1.513313684217248035e-03 2.806771939769916405e-03 1.201719325035810471e-02 1.520418052309083223e-03 9.999956596678941656e-01 -2.530748517263109280e-03 -1.691612228751182556e-02 -2.802929840981960297e-03 2.535003043808992107e-03 9.999928474552888247e-01 5.583619475364685059e-01
9.999992251397671339e-01 -9.122966948600150618e-04 8.474370812643649588e-04 1.348956674337387085e-02 9.147575695374679516e-04 9.999953530873367802e-01 -2.908067727131004570e-03 -1.629989407956600189e-02 -8.447801228612661362e-04 2.908840666529521890e-03 9.999954104438657509e-01 5.450382828712463379e-01
9.999988079073318659e-01 -7.270922303080237748e-04 -1.362551880778290619e-03 1.643764413893222809e-02 7.219511416939328186e-04 9.999926649155645997e-01 -3.769817185662212126e-03 -1.509946491569280624e-02 1.365282805636525154e-03 3.768828828554227073e-03 9.999919533797196891e-01 5.453479886054992676e-01
9.999965429315444965e-01 -7.956452162165408631e-04 -2.517199698622202969e-03 1.892708428204059601e-02 7.844948223653773478e-04 9.999899180664179044e-01 -4.427572587497834514e-03 -1.431335043162107468e-02 2.520696958526968956e-03 4.425582465135358134e-03 9.999870658229639275e-01 5.374070405960083008e-01
9.999935627012064288e-01 -9.783225293355901197e-04 -3.445359787234735134e-03 2.091067656874656677e-02 9.616543845043096228e-04 9.999878246236469925e-01 -4.836189949464780521e-03 -1.370662264525890350e-02 3.450049320235848427e-03 4.832845711710942460e-03 9.999823570947796725e-01 5.646567940711975098e-01
9.999955892587486517e-01 -1.155980498436916552e-03 -2.742182001167055294e-03 2.561274170875549316e-02 1.140566683577245999e-03 9.999835911368570862e-01 -5.615926052408347011e-03 -1.352953910827636719e-02 2.748628845438361168e-03 5.612773698951550871e-03 9.999805093402471812e-01 5.555332303047180176e-01
9.999991059305060048e-01 -7.840141597990285885e-04 -1.110992474358306857e-03 2.836355566978454590e-02 7.777188459966721812e-04 9.999837230314470027e-01 -5.655543989891560069e-03 -1.362110860645771027e-02 1.115408376790583134e-03 5.654674843890539204e-03 9.999834299182737141e-01 5.120569467544555664e-01
9.999994635582609703e-01 -8.273119295672147142e-04 -5.627522307275032061e-04 3.287392854690551758e-02 8.236714912159791291e-04 9.999788969506896441e-01 -6.438747907079217167e-03 -1.400615274906158447e-02 5.680672475136816502e-04 6.438281167158665941e-03 9.999790787733928710e-01 4.796834886074066162e-01
9.999989867212875083e-01 -1.094731035085888017e-03 -9.171630087101848364e-04 4.165409505367279053e-02 1.086802466877076490e-03 9.999624404358660179e-01 -8.601003031232113544e-03 -1.462431531399488449e-02 9.265443077310919762e-04 8.599997635185208100e-03 9.999626279031446074e-01 4.568262994289398193e-01
9.999982118610262205e-01 -1.767444830212771103e-03 -6.577785448260366381e-04 5.464924871921539307e-02 1.759311928987539186e-03 9.999244664931548066e-01 -1.216585353305485798e-02 -1.556834392249584198e-02 6.792313070036470890e-04 1.216467459298908871e-02 9.999257922348903094e-01 4.167456328868865967e-01
9.999972581875233857e-01 -2.129486863265749996e-03 -9.994378574203826790e-04 6.963568180799484253e-02 2.112834279431777262e-03 9.998636486926301137e-01 -1.637733642361291139e-02 -1.552810799330472946e-02 1.034176908433437347e-03 1.637517900009810567e-02 9.998653531793948446e-01 3.994701504707336426e-01
9.999968409561716953e-01 -2.012690400769077351e-03 -1.485268649320275591e-03 9.161282330751419067e-02 1.978347746386999173e-03 9.997386843998888883e-01 -2.277229602289650504e-02 -1.463851146399974823e-02 1.530714216642081738e-03 2.276928616247975157e-02 9.997395280114176330e-01 3.812446296215057373e-01
9.999970793745305286e-01 -1.791195860478712138e-03 -1.596615630166838863e-03 1.127465590834617615e-01 1.744718460152769324e-03 9.995879309959392334e-01 -2.865082122253524363e-02 -1.340172626078128815e-02 1.647277036681771278e-03 2.864795348621407278e-02 9.995881920719185132e-01 3.390434384346008301e-01
9.999980926522624713e-01 -1.320815879011139190e-03 -1.421141515198483599e-03 1.353975534439086914e-01 1.269416103727258327e-03 9.993659792601634617e-01 -3.558040292636210217e-02 -1.186123304069042206e-02 1.467235735617578030e-03 3.557853308830960515e-02 9.993658072588544883e-01 2.964086532592773438e-01
9.999989271166498384e-01 -8.686406490073044460e-04 -1.140564570257599549e-03 1.553187072277069092e-01 8.219413517495527399e-04 9.991862387472666418e-01 -4.032503103511747566e-02 -1.096535194665193558e-02 1.174664474092423916e-03 4.032405189341492502e-02 9.991859203434216852e-01 2.742336690425872803e-01
9.999992251397671339e-01 -8.713831225650047916e-04 -8.485663788915226826e-04 1.737388968467712402e-01 8.322287487437622644e-04 9.989822177645248935e-01 -4.509739437964481457e-02 -1.055119931697845459e-02 8.869998855516314507e-04 4.509665425558617713e-02 9.989821915103043182e-01 2.662083208560943604e-01
9.999994635581970215e-01 -1.049656912767692966e-03 -1.058032868393835339e-05 1.998461484909057617e-01 1.047756988555192947e-03 9.987025829785072251e-01 -5.091225969639483900e-02 -1.037159096449613571e-02 6.400700658559799194e-05 5.091222003102302551e-02 9.987031221389770508e-01 2.883130013942718506e-01
9.999988079074562108e-01 -1.104840625680838248e-03 1.098317473617934498e-03 2.292780131101608276e-01 1.166478337820728295e-03 9.983274451794074134e-01 -5.780134733465776276e-02 -9.878733195364475250e-03 -1.032619155012071133e-03 5.780255673984946441e-02 9.983274945645170817e-01 3.127511739730834961e-01
9.999977350246531671e-01 -1.141947388604886045e-03 1.789913471291624180e-03 2.349428981542587280e-01 1.252482990756843828e-03 9.980113682908500206e-01 -6.302188948075643227e-02 -9.262910112738609314e-03 -1.714386278763413429e-03 6.302398737656877969e-02 9.980105191290284949e-01 2.627720236778259277e-01
9.999965429330792688e-01 -1.274367557564093844e-03 2.289394376405386611e-03 2.522497475147247314e-01 1.427081884190425920e-03 9.976848731470361331e-01 -6.799169501154866957e-02 -8.913180790841579437e-03 -2.197447698563337326e-03 6.799472643193027466e-02 9.976832327179607773e-01 2.450079470872879028e-01
9.999974966063582826e-01 -1.186151827094899820e-03 1.875253940261712359e-03 2.745294272899627686e-01 1.315386362381938679e-03 9.975117336017993441e-01 -7.048790780939437339e-02 -8.569588884711265564e-03 -1.786978566087782383e-03 7.049020211467027508e-02 9.975108544327966342e-01 2.348717302083969116e-01
9.999977946293370223e-01 -1.263800383886300172e-03 1.663988056170369713e-03 3.019818067550659180e-01 1.381213444887480213e-03 9.973629521519522534e-01 -7.256233555015370595e-02 -8.364449255168437958e-03 -1.567895640619099140e-03 7.256447381640329652e-02 9.973624977684814041e-01 2.270466089248657227e-01
9.999983310706390682e-01 -1.239864271688237473e-03 1.361604957518554228e-03 3.069503009319305420e-01 1.336565951794634055e-03 9.972956852898868796e-01 -7.348114655203180634e-02 -8.231963962316513062e-03 -1.266816165298223495e-03 7.348284391893677991e-02 9.972956797567675835e-01 1.868735402822494507e-01
9.999991655349731445e-01 -1.307461450735167502e-03 2.746532335345778803e-05 3.165394961833953857e-01 1.305944169871509075e-03 9.972948388598464886e-01 -7.349385900653175596e-02 -8.123265579342842102e-03 6.869935896247625351e-05 7.349383085966110229e-02 9.972956776618957520e-01 1.619662642478942871e-01
9.999992847443870403e-01 -9.737767766352776631e-04 -6.917031335577402806e-04 3.417334854602813721e-01 9.172206222911490070e-04 9.969898526836509234e-01 -7.752686415817240662e-02 -7.811659481376409531e-03 7.651148480363190174e-04 7.752617373281811552e-02 9.969900259404411713e-01 1.501223146915435791e-01
9.999972581881877431e-01 -1.675953255385940902e-03 -1.647935512754966202e-03 3.395468294620513916e-01 1.542450216001703400e-03 9.969582846586667602e-01 -7.792150659781681143e-02 -9.192967787384986877e-03 1.773515832610428333e-03 7.791875148471127943e-02 9.969581412701700174e-01 1.124090626835823059e-01
9.999976158151184791e-01 -2.005826022512970271e-03 -8.283097504000225568e-04 3.816773891448974609e-01 1.943096406882782734e-03 9.975575136280396826e-01 -6.982283689203208632e-02 -1.044009067118167877e-02 9.663390810601413250e-04 6.982106366343643344e-02 9.975590717508566740e-01 1.175160706043243408e-01
9.999977350241806562e-01 -1.993225264653297052e-03 -6.819540072549395114e-04 4.196928739547729492e-01 1.943993269006086266e-03 9.978276685579219318e-01 -6.584945676759601518e-02 -1.056491117924451828e-02 8.117253892123699188e-04 6.584798424911220138e-02 9.978293188227382871e-01 1.124028936028480530e-01
9.999977946283920005e-01 -2.079088711937039039e-03 -3.836854610570903301e-04 4.538773894309997559e-01 2.051655657019507695e-03 9.981169097859476924e-01 -6.130657810701228144e-02 -1.060464605689048767e-02 5.104247247800230980e-04 6.130565344623795099e-02 9.981189372397594184e-01 1.017663553357124329e-01
9.999991059303781071e-01 -1.318429972888455429e-03 -2.733275543803892721e-04 4.637544751167297363e-01 1.300785496597851865e-03 9.983861799078652677e-01 -5.677432756644850559e-02 -9.921595454216003418e-03 3.477394348010420799e-04 5.677391995347003117e-02 9.983869791992283638e-01 7.895712554454803467e-02
9.999996423721313477e-01 -8.669145369940683401e-04 1.920431100343840338e-05 4.235654175281524658e-01 8.667687070555984974e-04 9.987041943862158266e-01 -5.088415335399674305e-02 -9.229060262441635132e-03 2.493278589099645615e-05 5.088414996862411499e-02 9.987045526504516602e-01 3.977028653025627136e-02
9.999995827674865723e-01 -9.010252624593170431e-04 -7.767291908718879936e-05 4.299506247043609619e-01 8.962719584815204144e-04 9.988523078616670103e-01 -4.788778964533830368e-02 -9.215755388140678406e-03 1.207318855449557304e-04 4.788770154118537903e-02 9.988527297973632812e-01 2.204856835305690765e-02
9.999992847443337496e-01 -1.124065897374527598e-03 -4.658561167125030043e-04 4.117612242698669434e-01 1.101774265033078626e-03 9.989698277280076866e-01 -4.536681362898659781e-02 -9.620911441743373871e-03 5.163714522495865822e-04 4.536626692220302459e-02 9.989703298842371737e-01 -9.350472246296703815e-04
9.999988079074029201e-01 -8.890877996614638843e-04 -1.237449191680407281e-03 3.354114890098571777e-01 8.347886051319405865e-04 9.990656515484875877e-01 -4.320943441699855864e-02 -9.498252533376216888e-03 1.274710055440664291e-03 4.320835069314155064e-02 9.990652211353321377e-01 -3.527872636914253235e-02
9.999992847443870403e-01 -8.009252479385633094e-04 -8.605700142170090352e-04 3.233347535133361816e-01 7.676621024377966451e-04 9.992781620069769444e-01 -3.798123562915203116e-02 -1.022017840296030045e-02 8.903689449653029442e-04 3.798054809189155279e-02 9.992780688435196623e-01 -4.160176962614059448e-02
9.999997615814208984e-01 -7.255281763240476172e-04 -3.150117411059789635e-05 3.392048776149749756e-01 7.239625556394457817e-04 9.993755804295517686e-01 -3.532581340927140601e-02 -1.114894449710845947e-02 5.711137782782316208e-05 3.532578051090240479e-02 9.993758201599121094e-01 -4.483312740921974182e-02
9.999995827674865723e-01 -9.066438918144063396e-04 -1.945510996933113603e-04 3.697590231895446777e-01 9.001740836538374424e-04 9.995185672711173197e-01 -3.101348237511009770e-02 -1.222172565758228302e-02 2.225756179541349411e-04 3.101329505443572998e-02 9.995189905166625977e-01 -4.200181365013122559e-02
9.999988079071044922e-01 -1.531565267399269967e-03 -2.497540518228764830e-05 3.938102722167968750e-01 1.530405948869884014e-03 9.996638276439944182e-01 -2.588026691186918679e-02 -1.378125324845314026e-02 6.460433360189199448e-05 2.588019892573356628e-02 9.996650218963623047e-01 -3.991111740469932556e-02
9.999971389770507812e-01 -2.379156667352474823e-03 4.788501698408565322e-05 4.159882664680480957e-01 2.379630925133824348e-03 9.997407798102071474e-01 -2.264226950854597922e-02 -1.519690360873937607e-02 5.996902473270893097e-06 2.264232002198696136e-02 9.997436404228210449e-01 -4.143502935767173767e-02
9.999939203343224392e-01 -2.817679314179832775e-03 2.045974568922717413e-03 4.297128021717071533e-01 2.862347713401297566e-03 9.997501449899556247e-01 -2.216791824119655752e-02 -1.660461165010929108e-02 -1.983001362532377243e-03 2.217364047577530251e-02 9.997521643706370753e-01 -5.046979710459709167e-02
9.999936223131697943e-01 -2.441063672274634225e-03 2.604677970805146462e-03 4.271483719348907471e-01 2.496396855129173753e-03 9.997666660396428151e-01 -2.145634065011737396e-02 -1.706071943044662476e-02 -2.551693934947252274e-03 2.146270540638761659e-02 9.997663505476985790e-01 -5.804448574781417847e-02
9.999980926514773216e-01 -1.910023490053246306e-03 4.085176519915487007e-04 4.636050760746002197e-01 1.917272459058608214e-03 9.998260872304460811e-01 -1.854838189984739719e-02 -1.628457196056842804e-02 -3.730187891051173210e-04 1.854913012390546623e-02 9.998278617961453563e-01 -5.929262563586235046e-02
9.999959468876618018e-01 -1.637506993697213651e-03 -2.334914847720592074e-03 4.638590514659881592e-01 1.599496406224865108e-03 9.998676763311729054e-01 -1.618919970107754458e-02 -1.458986662328243256e-02 2.361115766689181328e-03 1.618539850617284337e-02 9.998661879394958873e-01 -5.903088301420211792e-02
9.999901056350246620e-01 -1.221964280753798978e-03 -4.279607912658671236e-03 4.677686691284179688e-01 1.157702194050078126e-03 9.998870343412412653e-01 -1.498630543439253768e-02 -1.203088276088237762e-02 4.297437146306037903e-03 1.498120220853116358e-02 9.998785267708605318e-01 -6.175262853503227234e-02
9.999930858642755993e-01 -1.039372780893476830e-03 -3.568104874967720566e-03 4.585819542407989502e-01 9.914546013080338671e-04 9.999096514149997672e-01 -1.340518872620273007e-02 -1.107447873800992966e-02 3.581715514883399010e-03 1.340155803396791967e-02 9.999037390769132116e-01 -6.306891888380050659e-02
