0.000000000000000000e+00 0.000000000000000000e+00 0.000000000000000000e+00 0.000000000000000000e+00 0.000000000000000000e+00 0.000000000000000000e+00 0.000000000000000000e+00 0.000000000000000000e+00 0.000000000000000000e+00 0.000000000000000000e+00 0.000000000000000000e+00 0.000000000000000000e+00
9.999983768790715599e-01 -8.769585739346470428e-04 1.573906884806544355e-03 7.170673459768295288e-02 9.470851774857857964e-04 9.989810104929536250e-01 -4.512254097614493836e-02 -2.269610017538070679e-02 -1.532732491019110545e-03 4.512395836068567451e-02 9.989802195804350360e-01 1.195016503334045410e+00
9.999759053908562345e-01 -1.009763495931226968e-03 6.867970254709489762e-03 2.230512425303459167e-01 1.645684608399247770e-03 9.956435167019260790e-01 -9.322703133528931208e-02 -4.375442862510681152e-02 -6.743912803926768382e-03 9.323608757934677416e-02 9.956211888127880494e-01 2.254976153373718262e+00
9.999403777270380322e-01 -2.541603949684315697e-04 1.091679410826229546e-02 4.397671893239021301e-01 1.801580366311858776e-03 9.898689244074345694e-01 -1.419727678135932480e-01 -6.376196444034576416e-02 -1.077011138718074988e-02 1.419839705564060195e-01 9.898103640626043642e-01 3.257326960563659668e+00
9.999151060113429246e-01 1.041855671337274135e-03 1.298827575488205148e-02 7.129045799374580383e-01 1.466739148679610831e-03 9.814629258778850840e-01 -1.916464813230102371e-01 -8.279487118124961853e-02 -1.294717909795354595e-02 1.916492621013221598e-01 9.813780774448878086e-01 4.199736356735229492e+00
9.999069220678835634e-01 1.810779852469797651e-03 1.352287976198911744e-02 1.039306558668613434e+00 1.513685574593129444e-03 9.703114252479938528e-01 -2.418541849734835436e-01 -1.018053311854600906e-01 -1.355934942069840152e-02 2.418521430740951939e-01 9.702183697156814279e-01 5.106570005416870117e+00
9.998928305416704410e-01 2.147509521254434717e-03 1.448156187096354651e-02 1.419704832136631012e+00 2.166537503450170939e-03 9.565850894564549289e-01 -2.914451453444238394e-01 -1.218239385634660721e-01 -1.447872738235538199e-02 2.914452861729665001e-01 9.564779200906547985e-01 6.024498701095581055e+00
9.998489930642421308e-01 2.866214966935860982e-03 1.713989148694867320e-02 1.851160950958728790e+00 3.133663236697123780e-03 9.403988613478032610e-01 -3.400590562394627536e-01 -1.426966190338134766e-01 -1.709301679458707229e-02 3.400614156112369835e-01 9.402478728448906420e-01 6.929947376251220703e+00
9.998105347116095221e-01 3.858918081982217699e-03 1.907887394271730666e-02 2.334571786224842072e+00 3.830208927118717178e-03 9.219874149462826685e-01 -3.872008989920425193e-01 -1.644575465470552444e-01 -1.908465821701208279e-02 3.872006139353447174e-01 9.217979498723308796e-01 7.830502450466156006e+00
9.997881227347548139e-01 4.154970168032334592e-03 2.016050250905791416e-02 2.879217572510242462e+00 5.023852907659950330e-03 9.005433772266232539e-01 -4.347371466015182984e-01 -1.873100772500038147e-01 -1.996172689115763635e-02 4.347463190829458646e-01 9.003316985996617783e-01 8.736346960067749023e+00
9.997830223906531977e-01 4.268606555386187003e-03 2.038840693840758209e-02 3.465199895203113556e+00 6.103865169784407005e-03 8.757802300819751418e-01 -4.826714528823430328e-01 -2.096129730343818665e-01 -1.991609824739487555e-02 4.826911720713754073e-01 8.755641503824617145e-01 9.594365060329437256e+00
9.997955325159686435e-01 4.299491137803105635e-03 1.975873318476475612e-02 4.089718230068683624e+00 6.851534329252259407e-03 8.473051926188790439e-01 -5.310621122226847346e-01 -2.314151823520660400e-01 -1.902497407214657002e-02 5.310889049274520879e-01 8.471024881468084411e-01 1.040140724182128906e+01
9.998079378931510330e-01 4.286944839086480850e-03 1.912353078779192861e-02 4.764930017292499542e+00 7.536644705689521037e-03 8.166421365714249259e-01 -5.770951565926005777e-01 -2.534292824566364288e-01 -1.809105614454828079e-02 5.771284457380390087e-01 8.164529813820082804e-01 1.118622595071792603e+01
9.998131326360678583e-01 3.924987204161490238e-03 1.892866302462389502e-02 5.478462584316730499e+00 8.644354667078959706e-03 7.850440842676867925e-01 -6.193795773907134761e-01 -2.753718160092830658e-01 -1.729089184635498877e-02 6.194274616383715903e-01 7.848634561676326449e-01 1.194014161825180054e+01
9.998007413996818915e-01 3.161455207731634492e-03 1.970996442452086633e-02 6.215996213257312775e+00 1.063679728534548674e-02 7.511529504911329536e-01 -6.600425012921334877e-01 -2.977262176573276520e-01 -1.689189273458834364e-02 6.601206330432605185e-01 7.509696490474220276e-01 1.263783454895019531e+01
9.997771881638489733e-01 2.111852783953685822e-03 2.100271661015720021e-02 7.016530342400074005e+00 1.313288126911064425e-02 7.167333720266373387e-01 -6.972236376177283201e-01 -3.217136375606060028e-01 -1.652578157785915269e-02 6.973441141223927220e-01 7.165459406361158745e-01 1.333425080776214600e+01
9.997417247488572523e-01 7.429702696232699148e-04 2.271413197457954405e-02 7.868221051990985870e+00 1.618291848666785979e-02 6.784501516812542210e-01 -7.344681782303007500e-01 -3.462352976202964783e-01 -1.595609430387099834e-02 7.346460642233519911e-01 6.782629013706296117e-01 1.399420636892318726e+01
9.997021733506158414e-01 -7.625927640759100519e-04 2.439227439849724760e-02 8.748926825821399689e+00 1.925474061364950903e-02 6.387493996557831455e-01 -7.691738811239482443e-01 -3.705139812082052231e-01 -1.499398419221793788e-02 7.694144675606593431e-01 6.385738465881536374e-01 1.460277938842773438e+01
9.996396926422763674e-01 -1.801327295521337139e-03 2.678133891405681116e-02 9.655965633690357208e+00 2.254772379842969604e-02 5.976830141573956645e-01 -8.014153821453890991e-01 -3.943712022155523300e-01 -1.456313996241507917e-02 8.017304845193954366e-01 5.975082804001383696e-01 1.516112416982650757e+01
9.995516833545320390e-01 -2.425152273324741176e-03 2.984210012000623052e-02 1.058974058181047440e+01 2.614428380427753773e-02 5.564427237312404850e-01 -8.304745460463671680e-01 -4.182195309549570084e-01 -1.459139223935396884e-02 8.308824308185902563e-01 5.562566650652446265e-01 1.567480462789535522e+01
9.994519886878017179e-01 -2.590439724417953078e-03 3.300018075757230746e-02 1.153071374446153641e+01 2.964691704263087979e-02 5.134840540135917619e-01 -8.575868390918987005e-01 -4.409953188151121140e-01 -1.472353958345786785e-02 8.580952254241955846e-01 5.132794574949727240e-01 1.613089185953140259e+01
9.993241684432724314e-01 -1.901828859683743619e-03 3.670952753919071859e-02 1.248309350758790970e+01 3.328650803527251345e-02 4.705129998896595556e-01 -8.817650057229823313e-01 -4.640226569026708603e-01 -1.559534379165352681e-02 8.823910130899009774e-01 4.702583175981031594e-01 1.653609600663185120e+01
9.991635807873460173e-01 4.122056812357628025e-04 4.088971649064087471e-02 1.345552188903093338e+01 3.680339421622594309e-02 4.267634241367843084e-01 -9.036141267118461551e-01 -4.870450813323259354e-01 -1.782271029820374844e-02 9.043632068508334898e-01 4.263913004413936170e-01 1.689401906728744507e+01
9.990620145654363071e-01 1.579190481921653689e-03 4.327351626426775844e-02 1.444227839261293411e+01 3.937281961683433695e-02 3.828358420475544976e-01 -9.229769764837907342e-01 -5.081268828362226486e-01 -1.802420949368552239e-02 9.238150378734705237e-01 3.824145704218996911e-01 1.720651078224182129e+01
9.989807713652647525e-01 2.485181510441406526e-03 4.506930568936021175e-02 1.546701229363679886e+01 4.153563275997894377e-02 3.402500407622236489e-01 -9.394172134746805458e-01 -5.279858987778425217e-01 -1.766945538744759195e-02 9.403317146806042803e-01 3.398000245911493300e-01 1.748857256770133972e+01
9.988941102445059173e-01 3.463492533031540654e-03 4.688881250693558572e-02 1.649004996567964554e+01 4.371901098746870662e-02 2.984803570825176333e-01 -9.534139313614892197e-01 -5.468535572290420532e-01 -1.729753153240411526e-02 9.544094931712311380e-01 2.979988502452972643e-01 1.772376972436904907e+01
9.987749988238424637e-01 5.147418861739504366e-03 4.921387815947233374e-02 1.751286984235048294e+01 4.619101410857245904e-02 2.596839590318901214e-01 -9.645883223620039804e-01 -5.660652220249176025e-01 -1.774519484410469125e-02 9.656799394730044561e-01 2.591280813793814808e-01 1.791906902194023132e+01
9.987064616466265754e-01 5.581563014339980915e-03 5.053958467965651707e-02 1.852654028683900833e+01 4.802115123695694515e-02 2.231970695557624618e-01 -9.735897684217913461e-01 -5.844064503908157349e-01 -1.671443983962754218e-02 9.747573617552406366e-01 2.226403225042813405e-01 1.807586693763732910e+01
9.986520181672504659e-01 5.220553436318237789e-03 5.164196386947465800e-02 1.954961252957582474e+01 4.972380936958436387e-02 1.891781146008566783e-01 -9.806830189912755236e-01 -6.028639413416385651e-01 -1.488923746384662218e-02 9.819289112649061124e-01 1.886635201353497049e-01 1.820201875269412994e+01
9.985913781981392567e-01 4.658235746690437933e-03 5.285414106831187731e-02 2.057471657544374466e+01 5.145638595823174427e-02 1.579566274521261859e-01 -9.861044286423561456e-01 -6.215411014854907990e-01 -1.294216876950103796e-02 9.874350635275610522e-01 1.574944303264826095e-01 1.829956213384866714e+01
9.985225178865437812e-01 4.622062379781152405e-03 5.414256932280064882e-02 2.159284640103578568e+01 5.311353297907600579e-02 1.274364860495864893e-01 -9.904235935385496958e-01 -6.409612447023391724e-01 -1.147753841193604324e-02 9.918359635356498449e-01 1.270027068582066654e-01 1.836535245925188065e+01
9.984408978237343524e-01 4.885956788545800164e-03 5.560486470800540121e-02 2.259955085068941116e+01 5.486179694664707063e-02 9.780427479620108777e-02 -9.936923603748666345e-01 -6.607077904045581818e-01 -1.029353140180702501e-02 9.951936752501241434e-01 9.738373556929497132e-02 1.840040281414985657e+01
9.983489004578626203e-01 4.656863091129143095e-03 5.725195700347160410e-02 2.362662149220705032e+01 5.679114751221264051e-02 6.948415877628584536e-02 -9.959652188924058569e-01 -6.809134036302566528e-01 -8.616177738590713800e-03 9.975721855110547542e-01 6.910496491479201087e-02 1.841169211547821760e+01
9.982464040079750411e-01 4.260206184034527090e-03 5.904208269036813339e-02 2.467687571793794632e+01 5.881270636040322047e-02 4.188033078064702652e-02 -9.973901460633489702e-01 -7.018481679260730743e-01 -6.721789621205111372e-03 9.991135513729023643e-01 4.155633534510901061e-02 1.839781084656715393e+01
9.981767280633008221e-01 3.504787066822457383e-03 6.025724869639709907e-02 2.574643743783235550e+01 6.019969836605095631e-02 1.469598276480898850e-02 -9.980781654796446745e-01 -7.240442223846912384e-01 -4.383590934348004058e-03 9.998858657657846427e-01 1.445820086759174936e-02 1.835696368664503098e+01
9.981129922054270409e-01 2.873139900341976135e-03 6.133677410691045634e-02 2.684701312333345413e+01 6.136644519198844461e-02 -1.172965313225567824e-02 -9.980463790034487248e-01 -7.480417434126138687e-01 -2.148067789381057947e-03 9.999270774934090333e-01 -1.188383356759072605e-02 1.828918921202421188e+01
9.980384756283151582e-01 2.593264509281070513e-03 6.254978932573616868e-02 2.797789216786623001e+01 6.260317973824096327e-02 -3.803063039097205611e-02 -9.973136482765724287e-01 -7.734747659415006638e-01 -2.074901698170181750e-04 9.992732089530120820e-01 -3.811837898677294945e-02 1.819253931194543839e+01
9.979486389492707721e-01 2.798981105882105899e-03 6.395842183846250917e-02 2.915260864049196243e+01 6.400719771886909104e-02 -6.331644710284793642e-02 -9.959388064366453408e-01 -8.002758063375949860e-01 1.262006131285699738e-03 9.979895757126129308e-01 -6.336571714644617659e-02 1.806659477204084396e+01
9.978239483065363125e-01 3.469285858575575990e-03 6.584323990802856685e-02 3.040105307847261429e+01 6.589341130175484229e-02 -8.775123525460708229e-02 -9.939606526710745849e-01 -8.292452264577150345e-01 2.329491998802639928e-03 9.961363785982931818e-01 -8.778888711053023375e-02 1.790734893828630447e+01
9.976834335839029899e-01 4.082030271697647400e-03 6.790510570711547067e-02 3.166466737538576126e+01 6.794133844948695156e-02 -1.100688175483364450e-01 -9.915991276383834263e-01 -8.582798019051551819e-01 3.426497034268133172e-03 9.939155861703607986e-01 -1.100911744223949384e-01 1.772200057655572891e+01
9.975368736688570159e-01 4.402192736663705815e-03 7.000575954928332789e-02 3.297558201104402542e+01 6.998104903109617081e-02 -1.304556241819674056e-01 -9.889812854123178898e-01 -8.880212437361478806e-01 4.778958826996041777e-03 9.914443760586887366e-01 -1.304423655647479197e-01 1.750844941288232803e+01
9.974228592735582266e-01 4.300658989072882361e-03 7.161804333280392953e-02 3.427821708470582962e+01 7.146387129835524155e-02 -1.481519570178832235e-01 -9.863791931761453080e-01 -9.164502173662185669e-01 6.368272733779020527e-03 9.889552578170718311e-01 -1.480774903162436207e-01 1.727731629461050034e+01
9.973494293899268781e-01 3.527326506328172864e-03 7.267512410243905097e-02 3.558525598794221878e+01 7.227438595014111511e-02 -1.633126053393591792e-01 -9.839234757199366577e-01 -9.435423556715250015e-01 8.398144504425102130e-03 9.865680670409865405e-01 -1.631346691046827446e-01 1.703056674450635910e+01
9.972855671868806615e-01 2.461452001164764290e-03 7.358966459216705058e-02 3.690579760819673538e+01 7.286660596506026877e-02 -1.766144664159117472e-01 -9.815792316403986195e-01 -9.703218564391136169e-01 1.058088918164846667e-02 9.842770298582959043e-01 -1.763144159660716137e-01 1.676765351742506027e+01
9.972326600752710046e-01 1.691030531797542034e-03 7.432470716349738604e-02 3.821755612641572952e+01 7.330892194481906932e-02 -1.886079843584690385e-01 -9.793124272669697650e-01 -9.966410435736179352e-01 1.236218599146350454e-02 9.820510010442309312e-01 -1.882100095784930427e-01 1.649211453646421432e+01
9.971880936367762960e-01 2.719863334964167396e-03 7.488997431225970225e-02 3.952676225453615189e+01 7.393590810936069568e-02 -1.986974823670684120e-01 -9.772680246447402741e-01 -1.023623259738087654e+00 1.222241388171634198e-02 9.800570967267302480e-01 -1.983398592176478514e-01 1.620591046661138535e+01
9.971399623881573859e-01 4.365613198274011751e-03 7.545089018657870350e-02 4.084219253808259964e+01 7.471367070525357368e-02 -2.074137248387020460e-01 -9.753960293943594317e-01 -1.051149260252714157e+00 1.139134839652607839e-02 9.782435730276679564e-01 -2.071466847713733239e-01 1.590807237476110458e+01
9.970739430656766489e-01 6.020941544457232043e-03 7.620564495089651724e-02 4.219248128682374954e+01 7.570782287867566795e-02 -2.157151261910039974e-01 -9.735169797632551303e-01 -1.079745547845959663e+00 1.057722148935837624e-02 9.764377771242350734e-01 -2.155397638261850046e-01 1.559175040572881699e+01
9.970097170659544261e-01 6.491784778762969485e-03 7.700312205652196096e-02 4.354887772351503372e+01 7.651158831836268881e-02 -2.227641673856614879e-01 -9.718652697683842767e-01 -1.107832649722695351e+00 1.084439620572681499e-02 9.748507488120216058e-01 -2.225947362620554204e-01 1.526714711636304855e+01
9.969407741552933633e-01 6.227083444259639937e-03 7.791223433083328820e-02 4.491459465771913528e+01 7.726926212274741468e-02 -2.286406329901784773e-01 -9.704395509648484630e-01 -1.135019669309258461e+00 1.177089451361287148e-02 9.734909780668893342e-01 -2.284223317994995561e-01 1.493547963351011276e+01
9.968495812028139724e-01 6.031306698606763751e-03 7.908562318956381676e-02 4.630557752400636673e+01 7.830804678257853590e-02 -2.332408653220945927e-01 -9.692608258631408846e-01 -1.161851132288575172e+00 1.260008987554549036e-02 9.724002890185233783e-01 -2.329783587628264929e-01 1.459392934292554855e+01
9.967653512236008817e-01 5.805284886101193254e-03 8.015692900481434513e-02 4.771542549878358841e+01 7.924910127000096838e-02 -2.367682346362242618e-01 -9.683286544428720832e-01 -1.188387673348188400e+00 1.335719087191514047e-02 9.715488159298208970e-01 -2.364624361656078033e-01 1.424394240230321884e+01
9.966811376684159285e-01 5.088255340657447424e-03 8.124542740105718253e-02 4.913662040978670120e+01 8.009146642033022900e-02 -2.398341034691092166e-01 -9.675045011883974810e-01 -1.214622072875499725e+00 1.456251429641516361e-02 9.708005523642623258e-01 -2.394456529290306668e-01 1.388794692605733871e+01
9.965918472567812936e-01 3.736520126039808050e-03 8.240587599597556934e-02 5.057423938065767288e+01 8.084701516988969383e-02 -2.426608258047672217e-01 -9.667365120641032705e-01 -1.241004521027207375e+00 1.638444748644362486e-02 9.701039954752770367e-01 -2.421358871449415251e-01 1.352372293919324875e+01
9.964839675695876808e-01 1.964211400833842242e-03 8.376063664004479437e-02 5.202882636338472366e+01 8.167974745054630559e-02 -2.454062383490615284e-01 -9.659731864993864603e-01 -1.267282264307141304e+00 1.865800721373407633e-02 9.694183410958018277e-01 -2.447038183475603312e-01 1.315027796477079391e+01
9.963895219810435799e-01 3.270707550790770608e-04 8.489884281371880281e-02 5.349446905404329300e+01 8.233303738829267360e-02 -2.477379442339294746e-01 -9.653223202335914355e-01 -1.293349048122763634e+00 2.071693608633672426e-02 9.688270248147848873e-01 -2.468704205605179725e-01 1.277124535292387009e+01
9.963049140779418611e-01 -4.320399293557177097e-04 8.588557227872653521e-02 5.496807468682527542e+01 8.305743742280366493e-02 -2.497037314886029757e-01 -9.647535999256103834e-01 -1.319636601954698563e+00 2.186275995618966461e-02 9.683221880253323199e-01 -2.487451706162973897e-01 1.238801493495702744e+01
9.962285746055696833e-01 -1.260264053594761314e-03 8.675850894217852771e-02 5.646425057202577591e+01 8.366473377375659159e-02 -2.510551878059699149e-01 -9.643503020159611694e-01 -1.346292173489928246e+00 2.299650977694852119e-02 9.679719543510669766e-01 -2.500029122387463776e-01 1.199772130697965622e+01
9.961637549409640968e-01 -1.569718156209927483e-03 8.749462455961973251e-02 5.797333467751741409e+01 8.427400185070492433e-02 -2.521221167225153881e-01 -9.640188436288088525e-01 -1.372864909470081329e+00 2.357256782758574212e-02 9.676941532551844860e-01 -2.510226280671634114e-01 1.160251431912183762e+01
9.960925407779943619e-01 -2.470295246891279512e-03 8.828107298754803156e-02 5.951900018006563187e+01 8.478620321849066055e-02 -2.530177826006249631e-01 -9.637392289575307247e-01 -1.399591645225882530e+00 2.471740176944978509e-02 9.674584742144005656e-01 -2.518196789778581191e-01 1.119674032181501389e+01
9.960069315924025002e-01 -3.233090272961771771e-03 8.921737133077937976e-02 6.110497737675905228e+01 8.548656906403884204e-02 -2.535243272307527995e-01 -9.635442190225903536e-01 -1.426668073982000351e+00 2.573399948602257334e-02 9.673236080182686658e-01 -2.522356014542204150e-01 1.077986197918653488e+01
9.959043256757287299e-01 -4.177721872405282255e-03 9.031677994884960980e-02 6.270113778859376907e+01 8.630960341687733683e-02 -2.536074371452911036e-01 -9.634489712395870598e-01 -1.454038904979825020e+00 2.693002893413695351e-02 9.672982034846100419e-01 -2.522081661585375834e-01 1.036142440885305405e+01
9.958068899559791021e-01 -5.797927446954495578e-03 9.129634140271138121e-02 6.430348552018404007e+01 8.683969592639276258e-02 -2.539107334349657852e-01 -9.633214451354903396e-01 -1.481157209724187851e+00 2.876638885248241143e-02 9.672102788348755364e-01 -2.523425675318181072e-01 9.942203752696514130e+00
9.957220402389225233e-01 -6.918125777303908534e-03 9.213988342822508615e-02 6.591789162904024124e+01 8.737783334425616721e-02 -2.537575491748604861e-01 -9.633131476715304231e-01 -1.508698107674717903e+00 3.004551251852592003e-02 9.672431161670252964e-01 -2.520674937491969025e-01 9.520435117185115814e+00
9.956466707444715514e-01 -8.082653264073260194e-03 9.285675932134725141e-02 6.755455733090639114e+01 8.778354528506285281e-02 -2.535818324886585096e-01 -9.633225334273455287e-01 -1.536517739295959473e+00 3.133298920682741490e-02 9.672801687969760920e-01 -2.517683833197848497e-01 9.094726704061031342e+00
9.955727301157779596e-01 -9.143515366643491238e-03 9.354857121600532177e-02 6.919178248196840286e+01 8.819097443245524359e-02 -2.534280117083900219e-01 -9.633257989435277668e-01 -1.564458714798092842e+00 3.251601264715722750e-02 9.673110352974745307e-01 -2.514996419744128242e-01 8.669049583375453949e+00
9.954993887095600069e-01 -1.024306247266047222e-02 9.421277381583426092e-02 7.083952856808900833e+01 8.855406400300078196e-02 -2.535154108286916674e-01 -9.632694920015437701e-01 -1.592707650735974312e+00 3.375121964381155165e-02 9.672771144524928699e-01 -2.514673716986247642e-01 8.241218648850917816e+00
9.953980207140060710e-01 -1.183774912753502925e-02 9.509283913225410889e-02 7.251103175431489944e+01 8.898162099516582213e-02 -2.541415274614649555e-01 -9.630650835455649705e-01 -1.620793012902140617e+00 3.556756224021939000e-02 9.670945929510448291e-01 -2.519186313100743035e-01 7.807685069739818573e+00
9.953090970590614539e-01 -1.327714483039525370e-02 9.583067742966491775e-02 7.417992401868104935e+01 8.928677154221256740e-02 -2.553391128787205200e-01 -9.627200059528610021e-01 -1.648848887532949448e+00 3.725149311161257693e-02 9.667603916480342896e-01 -2.529558684859766760e-01 7.372302733361721039e+00
9.952472526987189427e-01 -1.408569508150898583e-02 9.635610613616096831e-02 7.585431326180696487e+01 8.953353898108153130e-02 -2.567768221669702311e-01 -9.623146101953120590e-01 -1.676821410655975342e+00 3.829688490171905685e-02 9.663680752135300756e-01 -2.542952846887287510e-01 6.932417176663875580e+00
9.951885115538759985e-01 -1.410366579758154555e-02 9.695830589614762296e-02 7.755102098733186722e+01 9.005441707328899759e-02 -2.582015647125169844e-01 -9.618846884869298730e-01 -1.705405121669173241e+00 3.860088647649065341e-02 9.659881151396626509e-01 -2.556891334651338332e-01 6.485255859792232513e+00
9.951028458766755236e-01 -1.477502772556655956e-02 9.773446006322550339e-02 7.927199102193117142e+01 9.058035109643935989e-02 -2.594856871813517873e-01 -9.614896661656158194e-01 -1.733923684805631638e+00 3.956673000624716385e-02 9.656339247891668753e-01 -2.568766185795865464e-01 6.030597768723964691e+00
9.949964686321435270e-01 -1.569351437502644608e-02 9.866985870125014046e-02 8.102632118016481400e+01 9.116989670360228781e-02 -2.613379422885758752e-01 -9.609321151129394112e-01 -1.763123508542776108e+00 4.086657980083872876e-02 9.651197819581431858e-01 -2.585995536122362992e-01 5.564214937388896942e+00
9.948781986271532096e-01 -1.708033695601993487e-02 9.962746602147203034e-02 8.280948222428560257e+01 9.165055793561711905e-02 -2.632752804340141028e-01 -9.603573824064046693e-01 -1.792916832491755486e+00 4.263267674543593649e-02 9.645695354933515597e-01 -2.603614143295029382e-01 5.087203793227672577e+00
9.948131248281454342e-01 -1.820975142128017019e-02 1.000762290598314619e-01 8.460883081704378128e+01 9.170134333249192748e-02 -2.652113656723681379e-01 -9.598196680362482969e-01 -1.823028355836868286e+00 4.401943094449436988e-02 9.640183278710900971e-01 -2.621658887573863339e-01 4.600974462926387787e+00
9.947535831734641842e-01 -1.911050393346345327e-02 1.004992408078933114e-01 8.641643465310335159e+01 9.178182641133268704e-02 -2.671639305129283604e-01 -9.592703115251108859e-01 -1.853360090404748917e+00 4.518191124945739739e-02 9.634615834958301095e-01 -2.640082802177876609e-01 4.107687674462795258e+00
9.947254195100854179e-01 -1.940352792196484155e-02 1.007216108125063986e-01 8.827738428860902786e+01 9.180392611528136182e-02 -2.695890194495822456e-01 -9.585894844729065944e-01 -1.884135704487562180e+00 4.575345812399796847e-02 9.627799663975119548e-01 -2.663857304235744405e-01 3.594237647950649261e+00
9.946804071943218251e-01 -2.054460482076468988e-02 1.009396193597770358e-01 9.018585074692964554e+01 9.157244586367599415e-02 -2.723995850018783305e-01 -9.578167639216536022e-01 -1.915530603379011154e+00 4.717387732932486893e-02 9.619648565844611809e-01 -2.690692104164925103e-01 3.061313711106777191e+00
9.946463585048329614e-01 -2.222343008360247105e-02 1.009194761599295637e-01 9.209958911687135696e+01 9.095885681384763277e-02 -2.751934721154030150e-01 -9.570762975187436794e-01 -1.945683998987078667e+00 4.904189923109958382e-02 9.611319743200660293e-01 -2.716987671289999295e-01 2.519620977342128754e+00
9.946114325818659063e-01 -2.332630817944766552e-02 1.010147589422744629e-01 9.407212663441896439e+01 9.059845346055851734e-02 -2.781015084824205452e-01 -9.562695599099435562e-01 -1.976631632074713707e+00 5.039859529791874959e-02 9.602684178533207326e-01 -2.744896123088759188e-01 1.955287896096706390e+00
9.945739832170895633e-01 -2.464367699113741497e-02 1.010706737488631379e-01 9.605587328225374222e+01 9.011539218324324252e-02 -2.813392312132981798e-01 -9.553677056882186047e-01 -2.008429421111941338e+00 5.197891879745972915e-02 9.592918878864069576e-01 -2.775919052061501802e-01 1.381580077111721039e+00
9.945447282869321892e-01 -2.545471602504125255e-02 1.011575052517449669e-01 9.802843154221773148e+01 8.978540361264007730e-02 -2.847438133346539835e-01 -9.543896175387466263e-01 -2.040763346478343010e+00 5.309769048449866635e-02 9.582656302924176250e-01 -2.809049965121449555e-01 8.048441037535667419e-01
9.945308733450638483e-01 -2.621733960857845422e-02 1.010989271325518080e-01 1.000439950302243233e+02 8.931504403529970382e-02 -2.882860844236501685e-01 -9.533697899748305726e-01 -2.073853721842169762e+00 5.414023339880452701e-02 9.571853449732337094e-01 -2.843678084734529987e-01 2.103918418288230896e-01
9.945757266887547132e-01 -2.609890745524840600e-02 1.006874913342147848e-01 1.021177343204617500e+02 8.875690202655849015e-02 -2.917797373274734207e-01 -9.523585444714393056e-01 -2.107790900394320488e+00 5.423408729003461465e-02 9.561294012395774589e-01 -2.878805861135201871e-01 -4.072970524430274963e-01
9.946493029263197005e-01 -2.551416067219805170e-02 1.001088996712061058e-01 1.042186929062008858e+02 8.818945326032760768e-02 -2.950217071406541769e-01 -9.514120099354741455e-01 -2.142500979825854301e+00 5.380877736792426952e-02 9.551498416065447028e-01 -2.911930554755072231e-01 -1.041517473757266998e+00
9.946935046751360643e-01 -2.507309224239083825e-02 9.978061837100318798e-02 1.063111141994595528e+02 8.777348026332293385e-02 -2.991372925284486728e-01 -9.501645627896324608e-01 -2.176999939605593681e+00 5.367166775459169398e-02 9.538806111165871737e-01 -2.953491693170759991e-01 -1.682991839945316315e+00
9.946957054673544185e-01 -2.505638418294182587e-02 9.976287453997499666e-02 1.084169937446713448e+02 8.744408012858341517e-02 -3.047481520003465505e-01 -9.484102997663192980e-01 -2.212049042806029320e+00 5.416628448830372589e-02 9.521033249936954324e-01 -3.009406455776315603e-01 -2.342930294573307037e+00
9.946979236981514649e-01 -2.550022305255123314e-02 9.962820491636237286e-02 1.105168265178799629e+02 8.683227211864565087e-02 -3.108139566965566480e-01 -9.464960860148046162e-01 -2.247381201013922691e+00 5.510169788037416749e-02 9.501286349473427872e-01 -3.069517550752867696e-01 -3.019002296030521393e+00
9.947532386298630902e-01 -2.555824899552382179e-02 9.905942733370477760e-02 1.126279496029019356e+02 8.589668440461645238e-02 -3.172790307520932385e-01 -9.444341037114797333e-01 -2.283610841259360313e+00 5.556756107381762011e-02 9.479877597064716443e-01 -3.134189745420855044e-01 -3.720317281782627106e+00
9.947468019313676635e-01 -2.521246730049460372e-02 9.921255737021339449e-02 1.147065471485257149e+02 8.578195385640137449e-02 -3.235605571430381078e-01 -9.423110008133540605e-01 -2.318630611523985863e+00 5.585925563319490972e-02 9.458715015021376127e-01 -3.196980547425916641e-01 -4.427663601934909821e+00
9.947718337416147083e-01 -2.430668980723773090e-02 9.918761830470548824e-02 1.167530180290341377e+02 8.571250946416164584e-02 -3.293036051121722707e-01 -9.403257421667676752e-01 -2.353447256609797478e+00 5.551904642283783664e-02 9.439111825223499563e-01 -3.254985637350148453e-01 -5.139444209635257721e+00
9.947961339298833083e-01 -2.410241228320995910e-02 9.899356363061079245e-02 1.188148402050137520e+02 8.524765668374208183e-02 -3.352125636291916067e-01 -9.382778768654176371e-01 -2.389055037871003151e+00 5.579864647183176152e-02 9.418341737839390770e-01 -3.314134881754757789e-01 -5.873972512781620026e+00
9.947526989944159848e-01 -2.428985154098830049e-02 9.938345413317711818e-02 1.208558038547635078e+02 8.518679294553924142e-02 -3.413259250860949945e-01 -9.360768254645422948e-01 -2.423446530476212502e+00 5.665931654175152682e-02 9.396311063264338737e-01 -3.374657106622587777e-01 -6.614127553999423981e+00
9.946994700919261634e-01 -2.454423652502243230e-02 9.985261464901726280e-02 1.228723117187619209e+02 8.514458730183985247e-02 -3.478337417254392383e-01 -9.336820054871357577e-01 -2.456322276964783669e+00 5.764862055626963216e-02 9.372349057577210596e-01 -3.439002296848245321e-01 -7.358491577208042145e+00
9.946868048454617917e-01 -2.522371496909229724e-02 9.980944078334663683e-02 1.248325700834393501e+02 8.449810401889645828e-02 -3.537816256647052238e-01 -9.315034255220161485e-01 -2.488442623987793922e+00 5.880672311511792733e-02 9.349878745444758499e-01 -3.497705587542574435e-01 -8.096734918653964996e+00
9.946971032030672566e-01 -2.565775902081482082e-02 9.959594510549266144e-02 1.268231036737561226e+02 8.377947834119692239e-02 -3.595462071451435149e-01 -9.293586627004767342e-01 -2.522431174293160439e+00 5.965460492119135927e-02 9.327744659506772562e-01 -3.554899770487561783e-01 -8.861274696886539459e+00
9.947079440903435765e-01 -2.544691480848135928e-02 9.954175249759157629e-02 1.288111280277371407e+02 8.346172943668955790e-02 -3.648887483950085109e-01 -9.273027235019646319e-01 -2.558225637301802635e+00 5.991865888851913985e-02 9.307033124586234774e-01 -3.608338932189535941e-01 -9.635991252958774567e+00
9.947097542009393223e-01 -2.530859956618491252e-02 9.955892569481347709e-02 1.308020888641476631e+02 8.322780922672078086e-02 -3.695360935339939701e-01 -9.254816083245284153e-01 -2.595157524570822716e+00 6.021325990865682154e-02 9.288716544085269256e-01 -3.654747774710845332e-01 -1.042324290424585342e+01
9.946246411212560368e-01 -2.554144972897765334e-02 1.003466871409054162e-01 1.327951649501919746e+02 8.362694989732959161e-02 -3.733249139839012742e-01 -9.239237207961392695e-01 -2.631450368091464043e+00 6.106026961357254035e-02 9.273489865981709990e-01 -3.691822050560711888e-01 -1.122044191509485245e+01
9.945327912275653270e-01 -2.507629463909968187e-02 1.013691601044474089e-01 1.348467201068997383e+02 8.448306578113130849e-02 -3.773476106440772360e-01 -9.222100586837180813e-01 -2.669174348935484886e+00 6.137702150910448462e-02 9.257321211821369911e-01 -3.731660502273645985e-01 -1.204944423586130142e+01
9.944661519256760007e-01 -2.368701047406461882e-02 1.023523239059080658e-01 1.368910003975033760e+02 8.564816827827882728e-02 -3.814016815736468446e-01 -9.204331309570349395e-01 -2.707025026902556419e+00 6.083965766433928335e-02 9.241058829093103943e-01 -3.772623135534345362e-01 -1.288545099645853043e+01
9.944041278641403414e-01 -2.289876224294699891e-02 1.031313588318287511e-01 1.389168526008725166e+02 8.641686824766904584e-02 -3.852141205933397039e-01 -9.187721187420551106e-01 -2.744114430621266365e+00 6.076640000052204588e-02 9.225430764919548832e-01 -3.810796723097882865e-01 -1.372476164251565933e+01
9.943005243750925315e-01 -2.313819658069415572e-02 1.040725280100811834e-01 1.410343111827969551e+02 8.694313329840874793e-02 -3.889888229022996358e-01 -9.171306271351635786e-01 -2.781844103708863258e+00 6.170379890793681321e-02 9.209518551564334077e-01 -3.847600832782064328e-01 -1.461067018657922745e+01
9.942590164061188007e-01 -2.271612596732420705e-02 1.045609196410105801e-01 1.432654560878872871e+02 8.724424404143302225e-02 -3.936391743459138337e-01 -9.151156442231255239e-01 -2.820898151025176048e+00 6.194715632517841519e-02 9.189843187134935087e-01 -3.893974470665158005e-01 -1.555611524730920792e+01
9.942288764625680786e-01 -2.273431268570593952e-02 1.048431792473316082e-01 1.455487123802304268e+02 8.707751239045455338e-02 -3.998104768442558576e-01 -9.124522395399438102e-01 -2.861388890072703362e+00 6.266137601321718209e-02 9.163158481835165237e-01 -3.955234737962500802e-01 -1.654278687387704849e+01
9.941626186627661177e-01 -2.344344040115594122e-02 1.053142571342975120e-01 1.478022919967770576e+02 8.674767141516720459e-02 -4.067086804584073567e-01 -9.094299812211094070e-01 -2.899838982149958611e+00 6.415239011632899169e-02 9.132570581944268184e-01 -4.023009029326479191e-01 -1.753475783020257950e+01
9.940288935040187956e-01 -2.503280578686330540e-02 1.062069560509727034e-01 1.500167166069149971e+02 8.643224866304555221e-02 -4.134722665623299931e-01 -9.064050701396473286e-01 -2.936351789161562920e+00 6.660349292811545974e-02 9.101725349724889558e-01 -4.088397379310477198e-01 -1.852441177517175674e+01
9.939204882285913589e-01 -2.618823153840797030e-02 1.069403553777960175e-01 1.522182377651333809e+02 8.615732621088739718e-02 -4.197366100052683513e-01 -9.035475047619112576e-01 -2.971925636753439903e+00 6.854909349969047494e-02 9.072680721540772319e-01 -4.149285083363092874e-01 -1.952597937732934952e+01
9.938512764299718416e-01 -2.607608631529514942e-02 1.076089125537153940e-01 1.544192553833127022e+02 8.639969164117042300e-02 -4.251478889788774529e-01 -9.009907689766387673e-01 -3.008566522970795631e+00 6.924401506864370781e-02 9.047482026615368822e-01 -4.202808063163152030e-01 -2.054202196747064590e+01
9.937533941021635675e-01 -2.701813036866812512e-02 1.082784020098719879e-01 1.565832792595028877e+02 8.627820114059628342e-02 -4.293959259453609678e-01 -8.989856566094193147e-01 -3.045165816321969032e+00 7.078321636074902390e-02 9.027121132525627312e-01 -4.243825831354529621e-01 -2.155328390747308731e+01
9.936720455522873863e-01 -2.781228089315622778e-02 1.088225294663435067e-01 1.587215794399380684e+02 8.613190249723493008e-02 -4.331685270331027682e-01 -8.971880084799277455e-01 -3.082295389845967293e+00 7.209133970276762615e-02 9.008837351287303230e-01 -4.280319316597394619e-01 -2.256551323086023331e+01
9.935909431669582847e-01 -2.792167794721193280e-02 1.095327236820426708e-01 1.608071338012814522e+02 8.648304151407683327e-02 -4.361819202784910088e-01 -8.956930366775454067e-01 -3.119458051398396492e+00 7.278544625863742068e-02 8.994252121898631547e-01 -4.309716539288294124e-01 -2.356306342035531998e+01
9.935065758868494301e-01 -2.801688401409370768e-02 1.102712014976197641e-01 1.629570010975003242e+02 8.688197558406482446e-02 -4.389479202887689446e-01 -8.943020997363108071e-01 -3.158705225214362144e+00 7.345887276699666901e-02 8.980755967535836159e-01 -4.336634830458945267e-01 -2.459858731180429459e+01
9.933281619608498314e-01 -2.909915209836252958e-02 1.115903311341803067e-01 1.650990163162350655e+02 8.735630655129497657e-02 -4.418471348216574945e-01 -8.928269626056374308e-01 -3.197554884478449821e+00 7.528637566781803958e-02 8.966182848888641921e-01 -4.363572078489775241e-01 -2.563970247656106949e+01
9.931243302326988598e-01 -3.039981472760177814e-02 1.130482904089256113e-01 1.672561901882290840e+02 8.788418482129696507e-02 -4.443280672177872814e-01 -8.915430100341775743e-01 -3.236354535445570946e+00 7.733327070640044765e-02 8.953482115618665027e-01 -4.386013512232008194e-01 -2.669436649233102798e+01
9.929333126086091754e-01 -3.168861176260778789e-02 1.143646300070637889e-01 1.694107903316617012e+02 8.828798019513284245e-02 -4.467156464119781401e-01 -8.903091394587568930e-01 -3.275840124115347862e+00 7.930113028928220675e-02 8.941146252775911130e-01 -4.407611230582332840e-01 -2.775578550249338150e+01
9.927640178142462801e-01 -3.254315451409863641e-02 1.155878368496724568e-01 1.715791021659970284e+02 8.877442074874686284e-02 -4.492911060097544707e-01 -8.889637811976683901e-01 -3.316837592050433159e+00 8.086227274841749357e-02 8.927924983750721299e-01 -4.431510438791242401e-01 -2.883179084211587906e+01
9.926233578009500125e-01 -3.249949708616155925e-02 1.168017647003405796e-01 1.737368708923459053e+02 8.963771623746935591e-02 -4.519523866911389631e-01 -8.875269685997796421e-01 -3.357805756852030754e+00 8.163301645595408274e-02 8.914498431506563403e-01 -4.457053149458419239e-01 -2.991232375055551529e+01
9.924979890829390694e-01 -3.234572267203499052e-02 1.179046050463930934e-01 1.758935839012265205e+02 9.040112629733217109e-02 -4.551116484107072813e-01 -8.858335192602855290e-01 -3.399192651733756065e+00 8.231268450546332105e-02 8.898466956199323485e-01 -4.487733060953953967e-01 -3.100243452936410904e+01
9.923924930218315232e-01 -3.212413417539784072e-02 1.188493996509659006e-01 1.780739208534359932e+02 9.107758354671413592e-02 -4.579775298825695673e-01 -8.842858451303805545e-01 -3.440715899690985680e+00 8.283727161854910481e-02 8.883831505190432631e-01 -4.515676741139179051e-01 -3.211407438665628433e+01
9.922871358597435965e-01 -3.179086325317536516e-02 1.198147779736900703e-01 1.802185815647244453e+02 9.186914946095192658e-02 -4.603233216389491234e-01 -8.829849936055571558e-01 -3.481672508642077446e+00 8.322439176460240395e-02 8.871819320572880141e-01 -4.538523108308576415e-01 -3.321653453260660172e+01
9.922099733763258822e-01 -3.106526566023284919e-02 1.206412781845825066e-01 1.823664625957608223e+02 9.273352778484506009e-02 -4.624723916773677002e-01 -8.817708204294314456e-01 -3.522772101685404778e+00 8.318570524512029774e-02 8.860892935848364571e-01 -4.559889277572399813e-01 -3.432762042433023453e+01
9.920544318569801678e-01 -3.069724368013573845e-02 1.220068992449473144e-01 1.845473257377743721e+02 9.397436625715238634e-02 -4.639675047599803870e-01 -8.808535479938558455e-01 -3.564937530085444450e+00 8.364701261546007849e-02 8.853201871397941014e-01 -4.573962653140809520e-01 -3.546028736978769302e+01
9.919048411612884086e-01 -3.032471550696981197e-02 1.233093577560943066e-01 1.867370868995785713e+02 9.514795118148308695e-02 -4.655870619310986114e-01 -8.798724652745608665e-01 -3.606613097712397575e+00 8.409312377813792094e-02 8.844823906623514587e-01 -4.589327261608678321e-01 -3.660177174955606461e+01
9.917420617986237863e-01 -3.047009945069759432e-02 1.245763055274927561e-01 1.889398094490170479e+02 9.601550031162778276e-02 -4.675588322409500175e-01 -8.787319056989947308e-01 -3.648323139175772667e+00 8.502180049447571886e-02 8.834366482283512179e-01 -4.607721584554928529e-01 -3.775552991777658463e+01
9.916019715035717663e-01 -3.034305660586202741e-02 1.257172582664884963e-01 1.911380349472165108e+02 9.686255356240759673e-02 -4.698554711516317872e-01 -8.774129483579824473e-01 -3.690024344250559807e+00 8.569233237343490406e-02 8.822217040770938823e-01 -4.629705055699652183e-01 -3.891374699026346207e+01
9.914874153228253606e-01 -3.016230995401381759e-02 1.266607291732577689e-01 1.933395303562283516e+02 9.758967675701030187e-02 -4.718181841018174727e-01 -8.762784124588062218e-01 -3.731309501454234123e+00 8.619141631813224957e-02 8.811797978897958350e-01 -4.648582617787629934e-01 -4.007886639982461929e+01
9.914118596022788443e-01 -2.964529158881276660e-02 1.273722156773819669e-01 1.955571991279721260e+02 9.835608943985986452e-02 -4.728760895017479760e-01 -8.756222265609941990e-01 -3.773246197029948235e+00 8.618935148873978214e-02 8.806300929812409528e-01 -4.658991683034016673e-01 -4.125593308359384537e+01
9.913587133837751253e-01 -2.808986387797634751e-02 1.281361032082015960e-01 1.978010999038815498e+02 9.968882875101570118e-02 -4.735856848116870021e-01 -8.750878450553957189e-01 -3.815604729577898979e+00 8.526452263583485236e-02 8.802996982214422728e-01 -4.666930495421170999e-01 -4.245111850649118423e+01
9.912287713843972448e-01 -2.664881675708517805e-02 1.294425098073489488e-01 2.000160535648465157e+02 1.014391287122664714e-01 -4.743878665416759177e-01 -8.744519742353682457e-01 -3.858019141480326653e+00 8.470906649157794455e-02 8.799124914691712762e-01 -4.675236693587193071e-01 -4.363399342447519302e+01
9.911941811639809474e-01 -2.482734528560849238e-02 1.300680520063806911e-01 2.021657885387539864e+02 1.027779088444391448e-01 -4.750925244409986425e-01 -8.739129216768929398e-01 -3.901306753978133202e+00 8.349129703286164994e-02 8.795855252028356164e-01 -4.683572431098105282e-01 -4.478461710363626480e+01
