0.000000000000000000e+00 0.000000000000000000e+00 0.000000000000000000e+00 0.000000000000000000e+00 0.000000000000000000e+00 0.000000000000000000e+00 0.000000000000000000e+00 0.000000000000000000e+00 0.000000000000000000e+00 0.000000000000000000e+00 0.000000000000000000e+00 0.000000000000000000e+00
9.999983310705147233e-01 -8.769586197325334679e-04 1.573906897667176185e-03 7.170673459768295288e-02 9.470851861215351386e-04 9.989810053773440224e-01 -4.512254130870136520e-02 -2.269610017538070679e-02 -1.532732509076595306e-03 4.512395918486955537e-02 9.989802253467843229e-01 1.195016503334045410e+00
9.999861717256521843e-01 -4.465613114759604168e-04 5.238830170083804555e-03 1.513445079326629639e-01 6.986267915920496563e-04 9.988368719662972239e-01 -4.821214358357485408e-02 -2.105832844972610474e-02 -5.211207084357738495e-03 4.821513633725160730e-02 9.988233605133842730e-01 1.059959650039672852e+00
9.999918937683105469e-01 4.183858021426095641e-05 4.029147335631854190e-03 2.167159467935562134e-01 1.559617975703531112e-04 9.987948845077215809e-01 -4.907953976141733038e-02 -2.000753581523895264e-02 -4.026344977319240570e-03 4.907976911051825653e-02 9.987867572247921544e-01 1.002350807189941406e+00
9.999975562097063175e-01 4.440509438190944178e-04 2.157593585072683194e-03 2.731373906135559082e-01 -3.348224147712575149e-04 9.987308612648332362e-01 -5.036433648657701045e-02 -1.903290674090385437e-02 -2.177219605073332787e-03 5.036349135372297781e-02 9.987285763479292200e-01 9.424093961715698242e-01
9.999998211860656738e-01 -1.542259547036893899e-05 6.138288885222504231e-04 3.264019787311553955e-01 4.696268912699266829e-05 9.986773148060803518e-01 -5.141576488403506312e-02 -1.901046000421047211e-02 -6.122240447439253330e-04 5.141578440383787196e-02 9.986771347503697882e-01 9.068336486816406250e-01
9.999993443490069467e-01 -6.047700468882023306e-04 9.518437169329988217e-04 3.803982734680175781e-01 6.529406714089747155e-04 9.986753775783947518e-01 -5.144884721628502355e-02 -2.001860737800598145e-02 -9.194682352244853973e-04 5.144943757973829968e-02 9.986751681131664782e-01 9.179286956787109375e-01
9.999961256997096370e-01 -8.321075440244628555e-04 2.660747275193122829e-03 4.314561188220977783e-01 9.673564658235975222e-04 9.986858478173391562e-01 -5.124073247151571947e-02 -2.087268047034740448e-02 -2.614612923935055733e-03 5.124310875730975212e-02 9.986828014187167923e-01 9.054486751556396484e-01
9.999977946286122688e-01 -5.950767814935485232e-04 2.024679530625207551e-03 4.834108352661132812e-01 6.967883355730591921e-04 9.987181534606519584e-01 -5.061185231362296671e-02 -2.176092751324176788e-02 -1.991966273635625839e-03 5.061315102951113865e-02 9.987163568911192613e-01 9.005550742149353027e-01
9.999989271166498384e-01 -1.146577967517626315e-03 9.383169850116366206e-04 5.446457862854003906e-01 1.193958606123673993e-03 9.986381490757871848e-01 -5.215808828642107958e-02 -2.285253070294857025e-02 -8.772357832640409470e-04 5.215915289789263554e-02 9.986384515861956856e-01 9.058445096015930176e-01
9.999994039535522461e-01 -1.081127329749445717e-03 1.271340394225969206e-05 5.859823226928710938e-01 1.080238493159413338e-03 9.985427242481574872e-01 -5.395533733679689498e-02 -2.230289578437805176e-02 4.563771653920412064e-05 5.395532026886940002e-02 9.985433220863342285e-01 8.580181002616882324e-01
9.999992847443870403e-01 -7.965677566514519758e-04 -8.479146199855219735e-04 6.245183348655700684e-01 7.477138797045146390e-04 9.984228837637489917e-01 -5.613545373544330530e-02 -2.180220931768417358e-02 8.912930497899651527e-04 5.613478166200902564e-02 9.984228021524828023e-01 8.070421814918518066e-01
9.999993443490069467e-01 -7.357247527669586763e-04 -8.947642214743401021e-04 6.752117872238159180e-01 6.851211125642187039e-04 9.984696753271871117e-01 -5.529750505607147065e-02 -2.201410010457038879e-02 9.340787073597311974e-04 5.529685619007618236e-02 9.984695321744894159e-01 7.848187088966369629e-01
9.999991059305060048e-01 -1.148502268004679243e-03 -7.407002875082142369e-04 7.135325670242309570e-01 1.107804612724500037e-03 9.986053841616084892e-01 -5.278375449918842888e-02 -2.194253355264663696e-02 8.002895046956837177e-04 5.278288490089755314e-02 9.986057285648506365e-01 7.539156675338745117e-01
9.999979734421948763e-01 -2.011093665596832680e-03 -2.929825859549380074e-04 7.375336289405822754e-01 1.992759408860830805e-03 9.985951983849282731e-01 -5.294949639694705029e-02 -2.235440164804458618e-02 3.990574041381478310e-04 5.294880327887496740e-02 9.985971451641795227e-01 6.976929306983947754e-01
9.999968409540116454e-01 -2.511885851571255077e-03 -2.391369106836001269e-04 8.005341291427612305e-01 2.496534111184819937e-03 9.987111860164267219e-01 -5.069241633916101580e-02 -2.398741990327835083e-02 3.661622758954763412e-04 5.069165747215387263e-02 9.987142682841820829e-01 6.964162588119506836e-01
9.999951720246045284e-01 -3.076716756520498329e-03 -4.059227142417051347e-04 8.516907095909118652e-01 3.050627805552777461e-03 9.985663624474041544e-01 -5.344060144529730327e-02 -2.452166005969047546e-02 5.697623710148036480e-04 5.343910468713386486e-02 9.985709192923728494e-01 6.599555611610412598e-01
9.999948143981498561e-01 -3.118886554805878290e-03 -7.988048582269457456e-04 8.807057738304138184e-01 3.072403768942244540e-03 9.986027773337748936e-01 -5.275487454349732375e-02 -2.427868358790874481e-02 9.622251964174211025e-04 5.275214555756058132e-02 9.986071593248198042e-01 6.085730195045471191e-01
9.999944567686824826e-01 -3.311937947004687816e-03 -2.582126392329680046e-04 9.070388078689575195e-01 3.293924572297934894e-03 9.986288476124489666e-01 -5.224514905055387126e-02 -2.385722100734710693e-02 4.308912903070449829e-04 5.224400881004154229e-02 9.986342193324162508e-01 5.583447813987731934e-01
9.999935030937194824e-01 -3.591995133914903642e-03 2.099256841755632564e-04 9.337749481201171875e-01 3.598013194277882576e-03 9.987175002826976788e-01 -5.050150926978432681e-02 -2.384832873940467834e-02 -2.825527917593717575e-05 5.050193890929222107e-02 9.987239837646484375e-01 5.136804580688476562e-01
9.999938607215881348e-01 -3.493165941354577520e-03 3.102149168719774922e-04 9.409731626510620117e-01 3.504422260448336601e-03 9.986998157780840879e-01 -5.085645624372903822e-02 -2.277578786015510559e-02 -1.321615418419241905e-04 5.085723102092742920e-02 9.987059235572814941e-01 4.560872316360473633e-01
9.999930262589273866e-01 -3.594706882218299312e-03 1.050753119922021072e-03 9.523797631263732910e-01 3.642222239995523969e-03 9.987727264994032961e-01 -4.939462560081010756e-02 -2.302733808755874634e-02 -8.719043107703328133e-04 4.939810655184118104e-02 9.987788204744418863e-01 4.052041471004486084e-01
9.999912977373810463e-01 -3.407327207831598644e-03 2.397692602209575922e-03 9.724283814430236816e-01 3.520833361871755773e-03 9.987902987113697062e-01 -4.904608610921723511e-02 -2.302242442965507507e-02 -2.227676101028919220e-03 4.905410124198139599e-02 9.987936050035699509e-01 3.579230606555938721e-01
9.999967217445373535e-01 -2.559176479533979611e-03 3.249531489684621358e-04 9.867565035820007324e-01 2.571840537711977959e-03 9.988402415337412910e-01 -4.807979881054963434e-02 -2.108180150389671326e-02 -2.015315694734454155e-04 4.808047413825988770e-02 9.988434910774230957e-01 3.124917149543762207e-01
9.999976158143475402e-01 -2.178625642643016933e-03 -2.555163017682493434e-04 1.024733901023864746e+00 2.164672698323558131e-03 9.989528925349762112e-01 -4.569939315375300820e-02 -1.985901594161987305e-02 3.548106178641319275e-04 4.569872941382335796e-02 9.989551902440041431e-01 2.820617854595184326e-01
9.999975562097063175e-01 -2.199699912723831682e-03 -2.752319070523111038e-04 1.023037672042846680e+00 2.185420468573534558e-03 9.990245364544522166e-01 -4.410478763819945108e-02 -1.886765845119953156e-02 3.719807136803865433e-04 4.410407801842208819e-02 9.990268946273950235e-01 2.351971566677093506e-01
9.999968409541892811e-01 -2.455089549553915104e-03 5.475358028198362530e-04 1.022819876670837402e+00 2.475236480282333451e-03 9.991778012657569485e-01 -4.046840492201928680e-02 -1.921166479587554932e-02 -4.477320180740207434e-04 4.046963045363005662e-02 9.991806746505744741e-01 1.952992975711822510e-01
9.999977946290385944e-01 -1.869071023780369527e-03 -9.613108778221367539e-04 1.013670444488525391e+00 1.831604233007315397e-03 9.992911713542417251e-01 -3.760070600166007249e-02 -1.834122836589813232e-02 1.030907849781215191e-03 3.759886170089621338e-02 9.992923740365391438e-01 1.567979156970977783e-01
9.999969005608591033e-01 -1.765856624632229947e-03 -1.765172906029443493e-03 1.023072242736816406e+00 1.703494062957860988e-03 9.993953825755800269e-01 -3.472757299578209389e-02 -1.845749095082283020e-02 1.825429499149322510e-03 3.472445697865378378e-02 9.993952522806068828e-01 1.261518150568008423e-01
9.999966025380899737e-01 -1.794357292566647454e-03 -1.891408094066531062e-03 1.025104045867919922e+00 1.733590452559274908e-03 9.994973671412707983e-01 -3.165412715449692632e-02 -1.867716014385223389e-02 1.947256270796060562e-03 3.165073988881061950e-02 9.994970569630368118e-01 9.754338115453720093e-02
9.999975562110350324e-01 -1.702940072915351934e-03 -1.412946494743065736e-03 1.018129825592041016e+00 1.658602351591029200e-03 9.995239231159240845e-01 -3.080870955021125512e-02 -1.942014321684837341e-02 1.464739209040999413e-03 3.080629046178917640e-02 9.995242958392722699e-01 6.579032540321350098e-02
9.999977350246069818e-01 -1.784740215968485654e-03 -1.131379845464504895e-03 1.006704449653625488e+00 1.750222785238120249e-03 9.995540365687377582e-01 -2.980916633710543190e-02 -1.974654570221900940e-02 1.184077002108097076e-03 2.980711973096772383e-02 9.995549324352879239e-01 3.505035489797592163e-02
9.999967217471805725e-01 -1.978386251895036026e-03 -1.621937383314005048e-03 1.027070641517639160e+00 1.931560955120370515e-03 9.995953720766906914e-01 -2.838022567888897132e-02 -2.020561322569847107e-02 1.677428022958338261e-03 2.837699876433941171e-02 9.995958810844740583e-01 1.128930132836103439e-02
9.999961853063581430e-01 -2.075659609116214162e-03 -1.837871435452114507e-03 1.050254225730895996e+00 2.024159174046885612e-03 9.996171735494485677e-01 -2.759368702088297112e-02 -2.093476429581642151e-02 1.894442946650087833e-03 2.758986039773869692e-02 9.996175176752117864e-01 -1.388126891106367111e-02
9.999963045146387230e-01 -1.451574626768586214e-03 -2.299728063417737656e-03 1.069561719894409180e+00 1.388698501196133916e-03 9.996314960214163214e-01 -2.711030050997865690e-02 -2.219605445861816406e-02 2.338233171030879021e-03 2.710700612213012839e-02 9.996297965588141210e-01 -4.084715992212295532e-02
9.999968409554682580e-01 -1.226948730593255222e-03 -2.203979130876378752e-03 1.100575685501098633e+00 1.168467438921017010e-03 9.996523171351597847e-01 -2.634253098018938047e-02 -2.399752102792263031e-02 2.235533669590950012e-03 2.633987106219803920e-02 9.996505388362564304e-01 -6.777447462081909180e-02
9.999973177924630363e-01 -1.289471495623052731e-03 -1.907397073410345423e-03 1.130879044532775879e+00 1.238974125661096437e-03 9.996548262828103271e-01 -2.624284746997123177e-02 -2.543302252888679504e-02 1.940578105859458447e-03 2.624041425020351426e-02 9.996537572752686174e-01 -9.664990007877349854e-02
9.999979138385199917e-01 -1.443585411487260765e-03 -1.433461745127517220e-03 1.174716472625732422e+00 1.406887666567852024e-03 9.996793942841137870e-01 -2.527997983762921355e-02 -2.680104039609432220e-02 1.469496055506169796e-03 2.527791157347580864e-02 9.996793869585829384e-01 -1.259445399045944214e-01
9.999976158152747985e-01 -1.915909302027164274e-03 -1.020868038410121734e-03 1.248444437980651855e+00 1.890330845664756065e-03 9.996981727982227062e-01 -2.449355743432390584e-02 -2.896942012012004852e-02 1.067487406544387341e-03 2.449156933034424277e-02 9.996994139552057845e-01 -1.592458337545394897e-01
9.999973177922285572e-01 -2.076817141676164623e-03 -1.050726888393102880e-03 1.263614296913146973e+00 2.052746188120596615e-03 9.997466899207679836e-01 -2.241347835641926273e-02 -2.903457544744014740e-02 1.097009400837123394e-03 2.241126043422592140e-02 9.997482301301801044e-01 -1.853483617305755615e-01
9.999970197696264052e-01 -2.072273869676583263e-03 -1.310264144799909696e-03 1.310914635658264160e+00 2.044976490382863221e-03 9.997876916005663528e-01 -2.050250134190661350e-02 -2.974144183099269867e-02 1.352472812868654728e-03 2.049976058324076700e-02 9.997889401407533683e-01 -2.135511636734008789e-01
9.999976158156265171e-01 -1.515265236681864877e-03 -1.562597973656936531e-03 1.302635073661804199e+00 1.487193979517360820e-03 9.998402176360861038e-01 -1.781183844287415399e-02 -2.842897363007068634e-02 1.589338062331080437e-03 1.780947303775537449e-02 9.998401405412415954e-01 -2.311331182718276978e-01
9.999975562103102789e-01 -8.445706588072858512e-04 -2.017284075516362525e-03 1.307038903236389160e+00 8.137168965957584932e-04 9.998833881745187169e-01 -1.524685838648066026e-02 -2.709213830530643463e-02 2.029926050454378128e-03 1.524518043801614819e-02 9.998816850225935582e-01 -2.467495501041412354e-01
9.999974370007009838e-01 -6.244682961001070919e-04 -2.174682078368264833e-03 1.320541620254516602e+00 5.953187714147489817e-04 9.999103372460894645e-01 -1.337898301256209774e-02 -2.677950076758861542e-02 2.182841766625642776e-03 1.337765413627378663e-02 9.999081494557060523e-01 -2.629132270812988281e-01
9.999982714654933602e-01 -4.665566141092306681e-04 -1.775896591383877097e-03 1.311758518218994141e+00 4.450286910768451454e-04 9.999266170962647360e-01 -1.210343430839876805e-02 -2.631918713450431824e-02 1.781413331627845764e-03 1.210262355081070940e-02 9.999251366840518074e-01 -2.755389809608459473e-01
9.999998211860656738e-01 -6.271364352367023989e-04 1.462655414782078626e-04 1.309206128120422363e+00 6.286131683737039566e-04 9.999465355504024711e-01 -1.032477214354025376e-02 -2.698221616446971893e-02 -1.397826708853244781e-04 1.032486185431480408e-02 9.999467134475708008e-01 -2.862040698528289795e-01
9.999993443490140521e-01 -7.717379447707480586e-04 8.380965531652491548e-04 1.315430283546447754e+00 7.792427328142184639e-04 9.999592958633957140e-01 -8.991490811948270323e-03 -2.752600051462650299e-02 -8.311233250424265862e-04 8.992137896844942802e-03 9.999592304374260721e-01 -2.978380918502807617e-01
9.999991655351436748e-01 -9.893349667068466503e-04 8.226998948947481264e-04 1.350288748741149902e+00 9.963614795329561735e-04 9.999626944746746737e-01 -8.584762552805276503e-03 -2.859628759324550629e-02 -8.141759317368268967e-04 8.585574760230363367e-03 9.999628067148336186e-01 -3.163219690322875977e-01
9.999996423721491112e-01 -8.082796016066859813e-04 -2.613516068401300655e-04 1.356396436691284180e+00 8.063684319075357931e-04 9.999735339874350482e-01 -7.231852525281887850e-03 -2.808710187673568726e-02 2.671900438144803047e-04 7.231638801447198839e-03 9.999737739578584694e-01 -3.246032893657684326e-01
9.999992847443870403e-01 -7.663118901424734999e-04 -9.219877425005523416e-04 1.365716934204101562e+00 7.607802135593463855e-04 9.999818163701714724e-01 -5.985183137869065813e-03 -2.718701958656311035e-02 9.265574626624584198e-04 5.984477530189741268e-03 9.999817013815146538e-01 -3.316674828529357910e-01
9.999991059305202157e-01 -1.046681873392413340e-03 -8.243616534650137799e-04 1.390982866287231445e+00 1.042807800287065545e-03 9.999884922579869162e-01 -4.685947499877516319e-03 -2.683146297931671143e-02 8.292568381875753403e-04 4.685083591311478557e-03 9.999886751214148717e-01 -3.415502905845642090e-01
9.999992847443870403e-01 -9.475547597541371814e-04 -7.537704773202526199e-04 1.409847974777221680e+00 9.448446893595245644e-04 9.999931429024584428e-01 -3.587611295799727693e-03 -2.653654105961322784e-02 7.571647292934358120e-04 3.586896324709834549e-03 9.999932646770588462e-01 -3.499869406223297119e-01
9.999989271166498384e-01 -8.501832958973419086e-04 -1.202830836229713081e-03 1.421194911003112793e+00 8.464788900723191345e-04 9.999949304683118934e-01 -3.076896713303789704e-03 -2.623439952731132507e-02 1.205440610647201538e-03 3.075875237329050993e-03 9.999945759806934120e-01 -3.559954762458801270e-01
9.999980330472197920e-01 -7.654363463175759431e-04 -1.820029756116357160e-03 1.437618970870971680e+00 7.603740202332676112e-04 9.999958238254764709e-01 -2.780520863647853620e-03 -2.638244815170764923e-02 1.822150545194745064e-03 2.779131540831147884e-03 9.999944567745018276e-01 -3.642239868640899658e-01
9.999970793733226060e-01 -8.449156450566698735e-04 -2.271668879786301661e-03 1.454586982727050781e+00 8.388723981727318202e-04 9.999961206291483329e-01 -2.659907945816763434e-03 -2.627774327993392944e-02 2.273907419294118881e-03 2.657994567584434642e-03 9.999939203352461448e-01 -3.734449744224548340e-01
9.999976158147205751e-01 -6.635867621897911794e-04 -2.057841351403316525e-03 1.465642690658569336e+00 6.589619272839852826e-04 9.999972551391844711e-01 -2.247270673125547919e-03 -2.606678381562232971e-02 2.059326972812414169e-03 2.245909371798582299e-03 9.999953508430792226e-01 -3.790326118469238281e-01
9.999991059304846885e-01 -7.313054324180276195e-04 -1.144665261896384576e-03 1.473605632781982422e+00 7.290808593172007357e-04 9.999978526106824139e-01 -1.942653751034703960e-03 -2.628755383193492889e-02 1.146083464846014977e-03 1.941817354373341631e-03 9.999974370015252134e-01 -3.832304179668426514e-01
9.999991655350903841e-01 -6.131809868647585936e-04 -1.133235112917168686e-03 1.496175885200500488e+00 6.117004150176658106e-04 9.999989858154539890e-01 -1.306368822942736334e-03 -2.665557153522968292e-02 1.134034944698214531e-03 1.305674510825929890e-03 9.999985098844277331e-01 -3.902936279773712158e-01
9.999996423721633221e-01 -6.133343962214436685e-04 -5.755661120742631845e-04 1.509084105491638184e+00 6.127255105941378788e-04 9.999992843711444923e-01 -1.057433447272947830e-03 -2.657273598015308380e-02 5.762142245657742023e-04 1.057080386244253767e-03 9.999992847443586186e-01 -3.952069878578186035e-01
9.999992251396960796e-01 -5.174906536460590527e-04 -1.144737862721009920e-03 1.545665502548217773e+00 5.165389262664667192e-04 9.999995226713592755e-01 -8.315383806052260938e-04 -2.672673575580120087e-02 1.145167625509202480e-03 8.309464110185793562e-04 9.999989867212732975e-01 -4.057739973068237305e-01
9.999992251397458176e-01 -7.057806179242158461e-04 -1.016612797757514416e-03 1.585977196693420410e+00 7.053363078516616813e-04 9.999996420589790658e-01 -4.373448228850649309e-04 -2.707642875611782074e-02 1.016921130940318108e-03 4.366274210647405618e-04 9.999993443489714195e-01 -4.168783426284790039e-01
9.999989271166498384e-01 -8.290703948341335977e-04 -1.196460425099662604e-03 1.596160411834716797e+00 8.290939040066919175e-04 9.999996423921143629e-01 1.915288406895561776e-05 -2.737083099782466888e-02 1.196444150991737843e-03 -2.014484212617406733e-05 9.999992847442626953e-01 -4.184375703334808350e-01
9.999982118608556902e-01 -5.370275861893761531e-04 -1.836989647849952313e-03 1.602347731590270996e+00 5.367469048574019519e-04 9.999998806405361318e-01 -1.532857886960690052e-04 -2.711830474436283112e-02 1.837071613408625126e-03 1.522995085258271875e-04 9.999983310699462891e-01 -4.192206561565399170e-01
9.999990463257830697e-01 -5.433682779921337807e-04 -1.279825863365923301e-03 1.614406108856201172e+00 5.437192277304506161e-04 9.999998213771201794e-01 2.738821748161265586e-04 -2.754089795053005219e-02 1.279676798731088638e-03 -2.745777638425289657e-04 9.999991059303781071e-01 -4.217686355113983154e-01
9.999991059303781071e-01 -4.105640948115553976e-04 -1.288205842223968467e-03 1.636665701866149902e+00 4.109488281323972481e-04 9.999998809489507590e-01 2.984045864509237908e-04 -2.781963162124156952e-02 1.288083149120211601e-03 -2.989336914896861819e-04 9.999991059303781071e-01 -4.257084131240844727e-01
9.999992251396605525e-01 -4.122496506145366412e-04 -1.183737015003631394e-03 1.637225151062011719e+00 4.125665832763886209e-04 9.999998809215815410e-01 2.675042699707618973e-04 -2.794097550213336945e-02 1.183626591227948666e-03 -2.679924193599025894e-04 9.999992251396605525e-01 -4.256771206855773926e-01
9.999991655350193298e-01 -3.683266014129063298e-04 -1.235893604175659433e-03 1.647746086120605469e+00 3.683543820203437347e-04 9.999999404056935104e-01 2.225400776713702515e-05 -2.824893593788146973e-02 1.235885312780737877e-03 -2.270923564760135571e-05 9.999992251396179199e-01 -4.278309345245361328e-01
9.999982118608556902e-01 -4.360100760822348807e-04 -1.817223155602533217e-03 1.671503186225891113e+00 4.351316324833903737e-04 9.999997611994893010e-01 -4.837626338770855262e-04 -2.808536216616630554e-02 1.817433745600283146e-03 4.829710612673440706e-04 9.999982118608556902e-01 -4.335335791110992432e-01
9.999985098839658804e-01 -3.139071447590031667e-04 -1.684706650659676969e-03 1.668892264366149902e+00 3.120723023603277912e-04 9.999993437764199689e-01 -1.089267842546823859e-03 -2.805587463080883026e-02 1.685047522187232971e-03 1.088740492884265887e-03 9.999979734429302880e-01 -4.353823363780975342e-01
9.999994039535842205e-01 -2.529509815803831054e-04 -1.045786060856135607e-03 1.674389243125915527e+00 2.514905460564119399e-04 9.999989863537833701e-01 -1.396388775136274537e-03 -2.797252312302589417e-02 1.046138233505189419e-03 1.396125015645809098e-03 9.999985098843922060e-01 -4.398855566978454590e-01
9.999998211860727793e-01 -5.248763800105952235e-04 -3.034679734071593746e-04 1.696707725524902344e+00 5.244370819404951811e-04 9.999988076765694567e-01 -1.445889708384353678e-03 -2.858371101319789886e-02 3.042265307158231735e-04 1.445730247044245409e-03 9.999988675118132164e-01 -4.471613168716430664e-01
9.999994039536090895e-01 -5.331284845391218337e-04 -9.659217029252707351e-04 1.720970034599304199e+00 5.319305138210272954e-04 9.999991052930988777e-01 -1.240066867579303275e-03 -2.851856313645839691e-02 9.665819234214723110e-04 1.239552270014709912e-03 9.999987483028291990e-01 -4.546580910682678223e-01
9.999989867211880323e-01 -5.995994050526964924e-04 -1.299825367477193102e-03 1.754330158233642578e+00 5.972599283369794954e-04 9.999982104633909907e-01 -1.799482434340628169e-03 -2.919982373714447021e-02 1.300901989452540874e-03 1.798704278990273520e-03 9.999975562109071348e-01 -4.663828313350677490e-01
9.999983310701310302e-01 -4.931552632132790845e-04 -1.766729871607415452e-03 1.783161044120788574e+00 4.898924355560205224e-04 9.999981506577378942e-01 -1.846784793457725490e-03 -2.979332394897937775e-02 1.767637440934777260e-03 1.845916200793051853e-03 9.999967217472160996e-01 -4.770111441612243652e-01
9.999990463256835938e-01 -5.921559322423306383e-05 -1.387947939656172802e-03 1.799348592758178711e+00 5.659554577069902948e-05 9.999982117123709102e-01 -1.887676982010748567e-03 -3.011152334511280060e-02 1.388057251460850239e-03 1.887596624064458162e-03 9.999972581880456346e-01 -4.862293303012847900e-01
9.999993443489074707e-01 -8.793705142353662083e-05 -1.163470888948411408e-03 1.807603836059570312e+00 8.569611438540361559e-05 9.999981520639634747e-01 -1.925989936678370196e-03 -3.033173456788063049e-02 1.163638080470263958e-03 1.925888954823172516e-03 9.999974966061309090e-01 -4.932867884635925293e-01
9.999998211860656738e-01 -2.603591185923805095e-05 -5.720758354369180100e-04 1.860949635505676270e+00 2.461956606529883129e-05 9.999969601282449050e-01 -2.475666696645010840e-03 -3.077561408281326294e-02 5.721385241486132145e-04 2.475652168201933345e-03 9.999967813497256941e-01 -5.134500265121459961e-01
9.999989867210388184e-01 2.226243086003688800e-04 -1.422585071037125049e-03 1.908466458320617676e+00 -2.266161059415218448e-04 9.999960669979013339e-01 -2.806473058454940842e-03 -3.139489889144897461e-02 1.421954599209129810e-03 2.806792451261280741e-03 9.999950528184697873e-01 -5.329239368438720703e-01
9.999980926516762736e-01 6.034520595771581839e-04 -1.871858866636808439e-03 1.913738369941711426e+00 -6.086151072833764775e-04 9.999960096310243074e-01 -2.758895572412428145e-03 -3.015339560806751251e-02 1.870186533778905869e-03 2.760029516533354932e-03 9.999944567746297253e-01 -5.416927337646484375e-01
9.999990463257368845e-01 3.522040123096349781e-04 -1.359411402650477670e-03 1.972537517547607422e+00 -3.561774227482904231e-04 9.999956502759965726e-01 -2.923744091633566876e-03 -3.094763308763504028e-02 1.358375768177211285e-03 2.924225472603958487e-03 9.999948143997414718e-01 -5.643330812454223633e-01
9.999986290933193800e-01 4.731648259563162929e-04 -1.583946136383230585e-03 1.983746647834777832e+00 -4.783184392277272518e-04 9.999945784421021555e-01 -3.254856571771589692e-03 -3.179778903722763062e-02 1.582397497259080410e-03 3.255609771660519791e-03 9.999934434957147289e-01 -5.737078189849853516e-01
9.999992847443017752e-01 3.225704792635714253e-04 -1.121445668257953525e-03 1.972558259963989258e+00 -3.264627490845266322e-04 9.999939215967019734e-01 -3.472323126159258637e-03 -3.233392536640167236e-02 1.120318775065243244e-03 3.472686796660434672e-03 9.999933242837322211e-01 -5.767359733581542969e-01
9.999993443489714195e-01 4.640997085257653914e-04 -1.045737074094906351e-03 2.015563488006591797e+00 -4.678947261930379437e-04 9.999932664502679813e-01 -3.631705895248863152e-03 -3.309037536382675171e-02 1.044044620357453823e-03 3.632192879780921091e-03 9.999928474461761141e-01 -5.944522619247436523e-01
9.999998211860656738e-01 5.603929371946042006e-04 -9.605118787651841211e-05 2.073739290237426758e+00 -5.607419880107045174e-04 9.999930860560201085e-01 -3.673388579158636934e-03 -3.393717855215072632e-02 9.399198461323976517e-05 3.673441940918564796e-03 9.999932646751403809e-01 -6.176888942718505859e-01
9.999997019767974393e-01 5.740421008865459473e-04 4.239486014676600747e-04 2.100958585739135742e+00 -5.725720447588428241e-04 9.999938598790256705e-01 -3.459484032258509749e-03 -3.471007943153381348e-02 -4.259318811818957329e-04 3.459240363181736999e-03 9.999939203269434529e-01 -6.342204213142395020e-01
9.999999403953552246e-01 4.194486292403550249e-04 1.354839177270892995e-04 2.092421293258666992e+00 -4.188550519756972790e-04 9.999904630071152489e-01 -4.351928340372587453e-03 -3.449895977973937988e-02 -1.373080303892493248e-04 4.351871088147163391e-03 9.999905228614807129e-01 -6.414743661880493164e-01
9.999998211860727793e-01 3.258851927774511080e-04 -4.972606132091592513e-04 2.105879545211791992e+00 -3.288012420883737463e-04 9.999826560063456160e-01 -5.875439615264787564e-03 -3.504910320043563843e-02 4.953372990712523460e-04 5.875602129774948335e-03 9.999825954457861599e-01 -6.599384546279907227e-01
9.999994039536268531e-01 6.046311271109241136e-04 -9.406623642212034227e-04 2.099832773208618164e+00 -6.105791325312429074e-04 9.999797380487653875e-01 -6.335803416699579450e-03 -3.533215820789337158e-02 9.368124883621931076e-04 6.336373892895236226e-03 9.999794960105781172e-01 -6.760720014572143555e-01
9.999994635582467595e-01 9.350982165161749815e-04 -4.729687755963770963e-04 2.111123085021972656e+00 -9.383032493266926788e-04 9.999763399526564456e-01 -6.822286061059762603e-03 -3.622964024543762207e-02 4.665780288632959127e-04 6.822725875946678009e-03 9.999766349820191635e-01 -7.013149857521057129e-01
9.999999403953552246e-01 1.119880219171142679e-04 -2.928979758302082759e-04 2.078597545623779297e+00 -1.139293240462642409e-04 9.999780061069644121e-01 -6.636332498938434833e-03 -3.501977026462554932e-02 2.921483246609568596e-04 6.636365386911285968e-03 9.999779462827440568e-01 -7.073463201522827148e-01
9.999999403953552246e-01 7.353660243104577195e-05 3.402934462420501233e-04 2.046470880508422852e+00 -7.144844432109900834e-05 9.999812243876045059e-01 -6.132288500637791268e-03 -3.481664508581161499e-02 -3.407379845157265663e-04 6.132263790383091218e-03 9.999811649333700814e-01 -7.117806077003479004e-01
9.999998211860727793e-01 4.641813092247005124e-04 -2.829541299072291000e-04 2.061822175979614258e+00 -4.659487180684509372e-04 9.999801524748933579e-01 -6.278546150388188314e-03 -3.560778126120567322e-02 2.800341462716460228e-04 6.278677003611482510e-03 9.999802112591105185e-01 -7.345283031463623047e-01
9.999996423721313477e-01 5.146267158225373284e-05 -8.623837220804141113e-04 2.040963649749755859e+00 -5.702456981181852624e-05 9.999791982960718473e-01 -6.450663524714751393e-03 -3.439149260520935059e-02 8.620338048785924911e-04 6.450710373862023062e-03 9.999788403585441188e-01 -7.401550412178039551e-01
9.999995231628417969e-01 3.075687483839427416e-05 -9.911586715183108055e-04 2.016507863998413086e+00 -3.757250333472073045e-05 9.999763372120717975e-01 -6.877139232982196031e-03 -3.287574648857116699e-02 9.909237269312143326e-04 6.877173184310692022e-03 9.999758601301493854e-01 -7.443640232086181641e-01
9.999991655350903841e-01 6.368458473171854147e-04 -1.164103050374769343e-03 1.960258364677429199e+00 -6.441619913183718737e-04 9.999799775477264951e-01 -6.295232035077215869e-03 -3.212034702301025391e-02 1.160070649348199368e-03 6.295976291997157359e-03 9.999794960152108558e-01 -7.382433414459228516e-01
9.999994039536375112e-01 7.129658927905535917e-04 -8.537688096165384991e-04 1.990533590316772461e+00 -7.181971792245139818e-04 9.999808706610677778e-01 -6.142714003488499927e-03 -3.398855030536651611e-02 8.493729401379823685e-04 6.143323277088830192e-03 9.999807477064948102e-01 -7.645397782325744629e-01
9.999998807907140019e-01 3.165852068915924866e-04 -2.663491896465321283e-04 1.988024353981018066e+00 -3.181092135058800896e-04 9.999834303928724077e-01 -5.741380881741671785e-03 -3.579446300864219666e-02 2.645271597430109978e-04 5.741465028884090716e-03 9.999834299097365431e-01 -7.747165560722351074e-01
9.999999403953552246e-01 2.321983829827940532e-04 -2.962981897524722677e-04 1.990960836410522461e+00 -2.336764452464008823e-04 9.999874833693053189e-01 -4.998174914542558196e-03 -3.693188726902008057e-02 2.951339120045304298e-04 4.998243581608302621e-03 9.999874234206984625e-01 -7.872516512870788574e-01
9.999995827675078885e-01 -4.090080463269566867e-04 -8.469356977728492069e-04 1.993076086044311523e+00 4.056041657439848902e-04 9.999918923868964526e-01 -4.015328180896142983e-03 -3.629284352064132690e-02 8.485710714012384415e-04 4.014982803022537627e-03 9.999915957479643680e-01 -7.971990108489990234e-01
9.999995827675078885e-01 -8.637861759021927275e-04 -3.136291707878373792e-04 2.051555156707763672e+00 8.624271790540379012e-04 9.999903428719638665e-01 -4.307748018116973332e-03 -3.772398084402084351e-02 3.173471195623278618e-04 4.307475615592248896e-03 9.999906420713244870e-01 -8.290023207664489746e-01
9.999992251396960796e-01 -1.166338408236496094e-03 5.435247569538847546e-04 2.044280290603637695e+00 1.168726804110176154e-03 9.999895719717685205e-01 -4.414755657081231681e-03 -3.785067796707153320e-02 -5.383699899539351463e-04 4.415387227041989160e-03 9.999901056301325752e-01 -8.360067605972290039e-01
9.999997019767761230e-01 -7.723048460833107504e-04 7.658564799600922667e-05 2.025852203369140625e+00 7.726147305220365524e-04 9.999911787494468740e-01 -4.132451761261687027e-03 -3.708940371870994568e-02 -7.339345756918191910e-05 4.132509697228670120e-03 9.999914765357971191e-01 -8.393106460571289062e-01
9.999994635582467595e-01 -5.380448761803770588e-04 -9.370075412173379907e-04 2.117458581924438477e+00 5.342765461131999960e-04 9.999918321491156892e-01 -4.017283911965359097e-03 -3.772967308759689331e-02 9.391612838953733444e-04 4.016780946852066547e-03 9.999915361437992090e-01 -8.859085440635681152e-01
9.999999403953552246e-01 -3.053927790529206775e-04 -2.422855746654743476e-04 2.231144905090332031e+00 3.041660529561340809e-04 9.999871846278249876e-01 -5.047184236180509743e-03 -3.905404731631278992e-02 2.438238589093089104e-04 5.047110375016927719e-03 9.999872446060180664e-01 -9.454450607299804688e-01
9.999997615814208984e-01 1.589861588819538568e-04 -7.166903733493918457e-04 2.283256292343139648e+00 -1.637806609013497949e-04 9.999775894382165742e-01 -6.694690004880508860e-03 -4.049073904752731323e-02 7.156099309213459492e-04 6.694805609182785666e-03 9.999773502403286329e-01 -9.866716265678405762e-01
9.999988079071719937e-01 3.123290273129537896e-04 -1.496388259461410445e-03 2.253579616546630859e+00 -3.234681618979849682e-04 9.999721682329174577e-01 -7.449561853022988560e-03 -3.845009207725524902e-02 1.494019990786910057e-03 7.450037115015656353e-03 9.999710917787396625e-01 -9.919709563255310059e-01
9.999969005586528681e-01 2.854773145628814574e-04 -2.458488304195221522e-03 2.214424610137939453e+00 -3.032769985505077981e-04 9.999737197493361318e-01 -7.242770087186450705e-03 -3.651280701160430908e-02 2.456356072798371315e-03 7.243493438852527389e-03 9.999707341991381782e-01 -9.896539449691772461e-01
9.999980330468360989e-01 2.519333335379104273e-04 -1.951804860206399509e-03 2.201521158218383789e+00 -2.651215945649321171e-04 9.999771153127960943e-01 -6.759650960556635828e-03 -3.557384759187698364e-02 1.950057223439216614e-03 6.760155460960426410e-03 9.999752641159602717e-01 -1.001567602157592773e+00
9.999997019767903339e-01 -2.521585643443722798e-04 -6.950936810861551738e-04 2.201017618179321289e+00 2.480323882807916602e-04 9.999823560017018220e-01 -5.929854355296796352e-03 -3.664088621735572815e-02 6.965767242945730686e-04 5.929680524395242180e-03 9.999821782154043603e-01 -1.016042590141296387e+00
9.999988079071044922e-01 1.057572560977295545e-04 -1.543488878937928710e-03 2.164023876190185547e+00 -1.128395489092964832e-04 9.999894507769192531e-01 -4.589129288280394299e-03 -3.659929335117340088e-02 1.542987301945686340e-03 4.589297925766233632e-03 9.999882578975558545e-01 -1.011261940002441406e+00
9.999991655349731445e-01 1.337094110381312423e-04 -1.312031814311176610e-03 2.138300180435180664e+00 -1.390758556201396323e-04 9.999916560959296596e-01 -4.090940260366899422e-03 -3.712957352399826050e-02 1.311473781242966652e-03 4.091119239436558086e-03 9.999908208916679087e-01 -1.012229323387145996e+00
9.999997019767903339e-01 -3.600675846872681044e-04 -6.947539314817702911e-04 2.085554361343383789e+00 3.577798799689196896e-04 9.999945155538452202e-01 -3.290154869312288816e-03 -3.716266155242919922e-02 6.959348102100193501e-04 3.289905290849548525e-03 9.999943375600395257e-01 -9.975501894950866699e-01
9.999997019767903339e-01 -4.078802773372388994e-04 -6.740057754249456981e-04 2.149867296218872070e+00 4.058435639403973338e-04 9.999954096153281791e-01 -3.019160640514893627e-03 -3.924717381596565247e-02 6.752340705133974552e-04 3.018886062470249598e-03 9.999952316294979937e-01 -1.035523891448974609e+00
9.999982118608556902e-01 -4.950799345535725985e-04 -1.831066829013437442e-03 2.142015218734741211e+00 4.894588472212496599e-04 9.999951692723104690e-01 -3.069021245341642737e-03 -3.884965926408767700e-02 1.832577399909496307e-03 3.068119522110224207e-03 9.999936223108676359e-01 -1.041115164756774902e+00
9.999977946283920005e-01 -5.506359957432895285e-04 -2.051465069140704593e-03 2.157173871994018555e+00 5.453374152459590507e-04 9.999965400411081617e-01 -2.582499510762873655e-03 -3.879965096712112427e-02 2.052879892289638519e-03 2.581374922495438540e-03 9.999945759842887583e-01 -1.054664015769958496e+00
9.999979734421948763e-01 -4.252992425219132727e-04 -1.972868405956643319e-03 2.154600143432617188e+00 4.203845045028069272e-04 9.999968388877276126e-01 -2.490905660219921124e-03 -3.948558866977691650e-02 1.973921433091163635e-03 2.490071105733029921e-03 9.999949336112905485e-01 -1.061419010162353516e+00
9.999986290933193800e-01 -5.054490426252172038e-04 -1.564794277466313157e-03 2.168311834335327148e+00 5.011634332458513030e-04 9.999961235501148016e-01 -2.737945119187238513e-03 -4.099746793508529663e-02 1.566172111779451370e-03 2.737157113157431820e-03 9.999949932145391074e-01 -1.076005339622497559e+00
9.999993443490140521e-01 -8.775486372972619679e-04 -7.707631070282667217e-04 2.157768726348876953e+00 8.753136800597784151e-04 9.999954680892308989e-01 -2.895216858338286667e-03 -4.096816480159759521e-02 7.733002421446144581e-04 2.894540153208072231e-03 9.999955296528852955e-01 -1.080532908439636230e+00
9.999994635582680758e-01 -7.765826125705009965e-04 -6.792700711734421873e-04 2.156713008880615234e+00 7.742187490686336382e-04 9.999936800758338906e-01 -3.473354791185560755e-03 -4.138689488172531128e-02 6.819631089456379414e-04 3.472827012609758235e-03 9.999937415137338803e-01 -1.090110778808593750e+00
9.999996423721597694e-01 -6.872568206433258848e-04 -5.242121741179043681e-04 2.180336952209472656e+00 6.855941957271960430e-04 9.999947536502696854e-01 -3.165299945197620150e-03 -4.152324795722961426e-02 5.263847997412085533e-04 3.164939437888286689e-03 9.999948740011461723e-01 -1.111639857292175293e+00
9.999996423721491112e-01 -8.016630585133224275e-04 -3.863864578590116197e-04 2.144660711288452148e+00 8.006595994883985989e-04 9.999963633121324857e-01 -2.590229856925763303e-03 -4.095660895109176636e-02 3.884615143761038780e-04 2.589919449989819267e-03 9.999966025354467547e-01 -1.102460145950317383e+00
9.999996423721313477e-01 -8.707331271557936523e-04 4.091808169126345796e-05 2.147881031036376953e+00 8.708291570656001568e-04 9.999967218269927294e-01 -2.408101480312652230e-03 -4.109959304332733154e-02 -3.882113378494977951e-05 2.408136148005723953e-03 9.999970793724060059e-01 -1.111085891723632812e+00
9.999991059304207397e-01 -1.255067379107158978e-03 -4.609016442597281917e-04 2.180863142013549805e+00 1.254324069662485219e-03 9.999979129042215753e-01 -1.609505626019478667e-03 -4.216542840003967285e-02 4.629207251127809286e-04 1.608926028998050595e-03 9.999985694886817100e-01 -1.132666945457458496e+00
9.999991655350584097e-01 -1.187449366387701138e-03 -4.456038995842870895e-04 2.189761161804199219e+00 1.186665006081444318e-03 9.999977340918189128e-01 -1.756345581052788218e-03 -4.167556762695312500e-02 4.476884787436574697e-04 1.755815372109045813e-03 9.999983310701310302e-01 -1.141484379768371582e+00
9.999991655351472275e-01 -8.842988511059731837e-04 -9.301397191642072097e-04 2.202722549438476562e+00 8.823227064863430058e-04 9.999973160468929034e-01 -2.122865315494209138e-03 -4.171004146337509155e-02 9.320145472884178162e-04 2.122042979415830755e-03 9.999973177919301293e-01 -1.153758168220520020e+00
9.999994039536375112e-01 -8.614668251858866033e-04 -6.708187206823472415e-04 2.198225498199462891e+00 8.597732217963810486e-04 9.999964818688132917e-01 -2.520853249072095830e-03 -4.170120507478713989e-02 6.729879532940685749e-04 2.520274934181443438e-03 9.999966025360009780e-01 -1.158217072486877441e+00
9.999995827675220994e-01 -7.386428800731202485e-04 -4.993401139415662784e-04 2.201495409011840820e+00 7.375605922119998770e-04 9.999973765968697137e-01 -2.164141995713970978e-03 -4.128515720367431641e-02 5.009373417124152184e-04 2.163772911799172194e-03 9.999975562098413207e-01 -1.165119409561157227e+00
9.999997019767761230e-01 -7.730014873370398033e-04 2.985874129943701996e-06 2.217668771743774414e+00 7.730044890195131302e-04 9.999989867231449114e-01 -1.181536146145475670e-03 -4.193669557571411133e-02 -2.072541974484920502e-06 1.181538100354373455e-03 9.999992847442626953e-01 -1.177066683769226074e+00
9.999986886981879763e-01 -1.335543896481210030e-03 9.293931903018140582e-04 2.243900775909423828e+00 1.336341515480309050e-03 9.999987493687786388e-01 -8.581208512389443266e-04 -4.235853254795074463e-02 -9.282459504902362823e-04 8.593617146888665737e-04 9.999992251397671339e-01 -1.195185422897338867e+00
9.999982714655786253e-01 -1.760334375362544550e-03 5.590893499122377751e-04 2.214953660964965820e+00 1.760846853179245941e-03 9.999980339490263104e-01 -9.175524677681012441e-04 -4.241441190242767334e-02 -5.574730457738041878e-04 9.185353514190586210e-04 9.999994039536268531e-01 -1.182874917984008789e+00
9.999983310706390682e-01 -1.338933057553431472e-03 1.223293282678105179e-03 2.149734973907470703e+00 1.340023484173787083e-03 9.999986901600298461e-01 -8.910118963759909409e-04 -4.328761249780654907e-02 -1.222098711878061295e-03 8.926496443477649478e-04 9.999988079074277891e-01 -1.150623679161071777e+00
