0.000000000000000000e+00 0.000000000000000000e+00 0.000000000000000000e+00 0.000000000000000000e+00 0.000000000000000000e+00 0.000000000000000000e+00 0.000000000000000000e+00 0.000000000000000000e+00 0.000000000000000000e+00 0.000000000000000000e+00 0.000000000000000000e+00 0.000000000000000000e+00
9.999970716917169211e-01 2.970725937203798307e-04 -2.401740174410766943e-03 2.584713976830244064e-03 -3.007007779100257200e-04 9.999988140922341229e-01 -1.510428140568173929e-03 -3.410759568214416504e-02 2.401288619363095220e-03 1.511145922707721840e-03 9.999959751173836953e-01 1.674575448036193848e+00
9.999904127086844952e-01 8.701533770133258608e-04 -4.291540960442876210e-03 8.665715809911489487e-03 -8.830617004095254975e-04 9.999950894382649835e-01 -3.006875685738139448e-03 -6.510738097131252289e-02 4.288903443533848697e-03 3.010636553402896987e-03 9.999862705931492624e-01 3.317079424858093262e+00
9.999827904531962686e-01 1.445148121804248377e-03 -5.685977870601588262e-03 1.690778369084000587e-02 -1.465617545227631061e-03 9.999924550782208765e-01 -3.597464641032070178e-03 -9.431858547031879425e-02 5.680736101074072321e-03 3.605736199224885297e-03 9.999773636957046685e-01 4.926227927207946777e+00
9.999759643467912573e-01 1.790372754994214426e-03 -6.698156022596308753e-03 2.489259885624051094e-02 -1.813955903591067545e-03 9.999921721287006182e-01 -3.516425074283727713e-03 -1.223881468176841736e-01 6.691807878645044012e-03 3.528490714370470776e-03 9.999713843208684061e-01 6.532039165496826172e+00
9.999698517803610187e-01 1.999918652849941043e-03 -7.503056426869703782e-03 3.091442817822098732e-02 -2.021646080124231241e-03 9.999937822990605518e-01 -2.889344276111989029e-03 -1.494957748800516129e-01 7.497231321596407524e-03 2.904425692140472515e-03 9.999676773945792574e-01 8.140008807182312012e+00
9.999604351110691347e-01 2.228570811877259895e-03 -8.611717866809965455e-03 3.568137483671307564e-02 -2.246854342096856871e-03 9.999952412969604909e-01 -2.114007804873448051e-03 -1.764243952929973602e-01 8.606965670111956651e-03 2.133273440071404865e-03 9.999606838703126721e-01 9.752957105636596680e+00
9.999578395462880298e-01 2.222707682818630612e-03 -8.909472513959947396e-03 3.921059099957346916e-02 -2.234635308334972145e-03 9.999966200411083417e-01 -1.329026485002754833e-03 -2.043028175830841064e-01 8.906488362930217728e-03 1.348879874501486510e-03 9.999594266709650459e-01 1.139814889430999756e+01
9.999494590279103257e-01 2.402648782746750079e-03 -9.762513437433856939e-03 4.431420937180519104e-02 -2.412971179535523900e-03 9.999965420250852555e-01 -1.045709308814930794e-03 -2.329237665981054306e-01 9.759967206709355830e-03 1.069213121214296477e-03 9.999517987500324834e-01 1.307545769214630127e+01
9.999421460385686800e-01 2.599425929001587289e-03 -1.043779481603361245e-02 5.091618373990058899e-02 -2.611845319959951988e-03 9.999958971731705004e-01 -1.176393153038396595e-03 -2.627864833921194077e-01 1.043469404470429192e-02 1.203586999575252192e-03 9.999448327475510823e-01 1.482437646389007568e+01
9.999367777675821634e-01 2.481024814965548247e-03 -1.096745110097597370e-02 5.740920873358845711e-02 -2.492384950485969711e-03 9.999963714964152928e-01 -1.022257923378807817e-03 -2.932445146143436432e-01 1.096487505826514164e-02 1.049528404020048412e-03 9.999393331623102066e-01 1.660119676589965820e+01
9.999301166926476414e-01 2.430130727570374138e-03 -1.156962383463616684e-02 6.528049940243363380e-02 -2.444737670537923142e-03 9.999962321833129053e-01 -1.248549918916596084e-03 -3.234076853841543198e-01 1.156654610289155512e-02 1.276747361341356093e-03 9.999322901714020606e-01 1.837582075595855713e+01
9.999224901363856777e-01 1.982868969312993630e-03 -1.229153977742491848e-02 7.327723829075694084e-02 -1.998915789173141746e-03 9.999971657613342391e-01 -1.293369616966334084e-03 -3.529554493725299835e-01 1.228894035778828851e-02 1.317839120998064769e-03 9.999236197054921504e-01 2.012841463088989258e+01
9.999104264295930466e-01 1.361727859015989927e-03 -1.331483438227121924e-02 8.025388699024915695e-02 -1.376238180124656407e-03 9.999984690438821211e-01 -1.080684210830165116e-03 -3.809787873178720474e-01 1.331334240004737775e-02 1.098911793525836995e-03 9.999107696724789385e-01 2.185900712013244629e+01
9.999046114177717604e-01 6.059842606208761754e-04 -1.379858139631482197e-02 8.494473900645971298e-02 -6.146801122824555128e-04 9.999996151669990896e-01 -6.259666230756983935e-04 -4.086837973445653915e-01 1.379819676024407818e-02 6.343886265690264247e-04 9.999045991079528184e-01 2.354760253429412842e+01
9.999020368699444994e-01 1.800098913308427018e-04 -1.399586581013010679e-02 8.799173263832926750e-02 -1.813461887508750726e-04 9.999999791191158671e-01 -9.420895830324746878e-05 -4.365519862622022629e-01 1.399584855933970473e-02 9.673782622174857551e-05 9.999020486352135917e-01 2.523544883728027344e+01
9.998975094590113466e-01 -7.530155117394825488e-05 -1.431659552206793022e-02 9.022601647302508354e-02 8.381742545723166115e-05 9.999998199348654193e-01 5.942262834816169773e-04 -4.640933461487293243e-01 1.431654819798733498e-02 -5.953653610863255969e-04 9.998973357239139270e-01 2.691932177543640137e+01
9.998912478174767360e-01 -2.924305249279868308e-05 -1.474759922337116544e-02 9.281498636119067669e-02 4.102664184775845131e-05 9.999996801850834505e-01 7.987155598732780274e-04 -4.908110704272985458e-01 1.474757114998790503e-02 -7.992337422843780572e-04 9.998909292370848911e-01 2.856860446929931641e+01
9.998984557277578178e-01 -2.959230900358773733e-04 -1.424747917247018610e-02 9.438064775895327330e-02 3.137569156810533842e-04 9.999991701540774658e-01 1.249499001372843515e-03 -5.168708115816116333e-01 1.424709759365220402e-02 -1.253842367027465949e-03 9.998977188140173444e-01 3.016406154632568359e+01
9.999178133293290527e-01 -7.558877627659807029e-04 -1.279825067667655740e-02 9.469859953969717026e-02 7.738832428414774535e-04 9.999987188777501590e-01 1.401195055945538611e-03 -5.433173980563879013e-01 1.279717513435681998e-02 -1.410984248125294509e-03 9.999171172812434394e-01 3.176563251018524170e+01
9.999302347374103839e-01 -1.085718200311548004e-03 -1.176209479544643687e-02 9.497121965978294611e-02 1.096371875114301184e-03 9.999989945657492552e-01 8.993532132856485624e-04 -5.698873661458492279e-01 1.176110652528129276e-02 -9.121860995987186469e-04 9.999304197242030456e-01 3.336279964447021484e+01
9.999240076574484881e-01 -9.027277766739759792e-04 -1.229487669024312280e-02 9.851694817189127207e-02 8.979549598524692779e-04 9.999995193343966804e-01 -3.937103831274436395e-04 -5.958341695368289948e-01 1.229522619381761411e-02 3.826402186483645598e-04 9.999243376372564107e-01 3.494190406799316406e+01
9.999126470124741761e-01 -8.297611791510075456e-04 -1.319127897107909633e-02 1.041252800496295094e-01 8.044788605219687500e-04 9.999978297772723623e-01 -1.921784199236247241e-03 -6.210892871022224426e-01 1.319284496498889826e-02 1.911004220569582782e-03 9.999111445046499069e-01 3.649645030498504639e+01
9.999113855461548850e-01 -1.112279703962686193e-03 -1.326589194245898079e-02 1.112952643306925893e-01 1.067688478806500538e-03 9.999937584487745834e-01 -3.367952613413244256e-03 -6.457726582884788513e-01 1.326955524805067781e-02 3.353490324143774959e-03 9.999063321162461326e-01 3.801827096939086914e+01
9.999194248802395490e-01 -1.578548726234249968e-03 -1.259571082113351490e-02 1.197537222178652883e-01 1.520506523930952687e-03 9.999881886667932873e-01 -4.616339114106311758e-03 -6.700047012418508530e-01 1.260284916522447056e-02 4.596815291552256919e-03 9.999100146923690646e-01 3.950654053688049316e+01
9.999254097209936409e-01 -1.878786662833112960e-03 -1.206835344935766087e-02 1.291742689209058881e-01 1.810810899573431308e-03 9.999824497578769789e-01 -5.641022967611344224e-03 -6.938499603420495987e-01 1.207873992554887865e-02 5.618748696168306828e-03 9.999112629153150689e-01 4.096611166000366211e+01
9.999294380822976169e-01 -2.078563880471234401e-03 -1.169608603828887171e-02 1.395620593102648854e-01 2.001532668351489481e-03 9.999762567405160452e-01 -6.593923126858461034e-03 -7.171755488961935043e-01 1.170951422552521208e-02 6.570047748699963872e-03 9.999098568116937535e-01 4.240553975105285645e+01
9.999211569360220153e-01 -2.049402943803217084e-03 -1.238869885424848452e-02 1.533641732530668378e-01 1.947596148932991596e-03 9.999642840534740396e-01 -8.224201278176001759e-03 -7.401562277227640152e-01 1.240511108245260022e-02 8.199424674769634561e-03 9.998894352147316145e-01 4.384781920909881592e+01
9.998996424056104670e-01 -1.909391096492692175e-03 -1.403778268719887284e-02 1.728902898030355573e-01 1.757509343901998223e-03 9.999398755409634187e-01 -1.082388396226972513e-02 -7.626796606928110123e-01 1.405760570077575940e-02 1.079812616907290315e-02 9.998428797532131762e-01 4.528459703922271729e+01
9.998803554975826957e-01 -1.702993950100797817e-03 -1.537447565393740452e-02 1.985112178372219205e-01 1.489600732960381620e-03 9.999025515877136838e-01 -1.388050496328232034e-02 -7.850923165678977966e-01 1.539661585167201134e-02 1.385594240696970229e-02 9.997854555254995779e-01 4.670824646949768066e+01
9.998665101169691427e-01 -1.550283634229748971e-03 -1.626525644329315096e-02 2.293743613408878446e-01 1.263574892985662793e-03 9.998439122211315588e-01 -1.762255863465714625e-02 -8.076251894235610962e-01 1.629003759978675525e-02 1.759965383169658643e-02 9.997124020737174765e-01 4.811413061618804932e+01
9.998617087166414841e-01 -1.698766055325643580e-03 -1.654320513465940348e-02 2.647063817130401731e-01 1.338001074347235520e-03 9.997615840898125272e-01 -2.179414442812333333e-02 -8.304114509373903275e-01 1.657628412410916754e-02 2.176899566167734418e-02 9.996255987281031929e-01 4.950441372394561768e+01
9.998744722754905334e-01 -1.856081827365120953e-03 -1.573514067490920654e-02 3.055044683860614896e-01 1.443161779191400084e-03 9.996553448039459111e-01 -2.621276194877353999e-02 -8.532059416174888611e-01 1.577837050801312105e-02 2.618676316680077637e-02 9.995325389695713936e-01 5.087158882617950439e+01
9.998914810778549711e-01 -1.976833893397884206e-03 -1.459856827539383721e-02 3.517986919032409787e-01 1.528890150983524057e-03 9.995295685461826896e-01 -3.063174981596835517e-02 -8.761735875159502029e-01 1.465225453094668416e-02 3.060610608424020260e-02 9.994241230366217588e-01 5.222382688522338867e+01
9.998974782789697979e-01 -1.926588152196070762e-03 -1.418876983564255727e-02 4.054147611605003476e-01 1.419426179293455407e-03 9.993626999069605832e-01 -3.566762206808536673e-02 -8.989355508238077164e-01 1.424844414939956810e-02 3.564382545072920794e-02 9.992629781726927174e-01 5.356283199787139893e+01
9.998991946759208105e-01 -1.635704678973687798e-03 -1.410407588778016079e-02 4.660099531756713986e-01 1.054345955493888373e-03 9.991533072775031776e-01 -4.112854131905784028e-02 -9.215541798621416092e-01 1.415940821684338186e-02 4.110952476775300152e-02 9.990543119031708441e-01 5.488116419315338135e+01
9.998957615551067324e-01 -1.353046979015371486e-03 -1.437481436422104533e-02 5.332773710833862424e-01 6.766737124041041643e-04 9.988968361349905845e-01 -4.695373118499490683e-02 -9.439435508102178574e-01 1.442248719258157515e-02 4.693910974207329140e-02 9.987936282535053722e-01 5.616942787170410156e+01
9.998811870812989167e-01 -1.059045448797798399e-03 -1.537823603766423630e-02 6.100511710392311215e-01 2.309984703736674518e-04 9.985545252453532639e-01 -5.374762089370899165e-02 -9.659984204918146133e-01 1.541292835899198480e-02 5.373768263299562309e-02 9.984361287056053857e-01 5.744285380840301514e+01
9.998558231681421438e-01 -8.113228820885044074e-04 -1.696097379096105431e-02 6.990619163261726499e-01 -2.409494002984032706e-04 9.980794189640593839e-01 -6.194687549628224987e-02 -9.879288915544748306e-01 1.697865778391107264e-02 6.194203092849311781e-02 9.979353235477288475e-01 5.870844793319702148e+01
9.998305133749836315e-01 -7.722453946292259612e-04 -1.839424261466708274e-02 8.001060123788192868e-01 -5.315650376389579332e-04 9.974924285561499460e-01 -7.077126826449231523e-02 -1.009889611974358559e+00 1.840277052314462022e-02 7.076905121735384274e-02 9.973229564323022878e-01 5.996881854534149170e+01
9.998051486443424452e-01 -8.049092871706616274e-04 -1.972351047109816360e-02 9.137758101569488645e-01 -7.869707116904170029e-04 9.967486979014670290e-01 -8.056931120984460459e-02 -1.031456999480724335e+00 1.972423436696679397e-02 8.056913399540345522e-02 9.965538466263966777e-01 6.121927714347839355e+01
9.997713577052727008e-01 -1.120468642941075494e-03 -2.135361473324549897e-02 1.041651808773167431e+00 -8.405966071631245599e-04 9.957947949293730616e-01 -9.160796793353546963e-02 -1.052686480805277824e+00 2.136646225980612032e-02 9.160497225362727869e-02 9.955661722602432429e-01 6.245635604858398438e+01
9.997158554199155889e-01 -1.963902276144884312e-03 -2.375608363927362437e-02 1.187055626069195569e+00 -5.234457703953478711e-04 9.945513084374892898e-01 -1.042469226874511157e-01 -1.073645649477839470e+00 2.383137483553700309e-02 1.042297365108811324e-01 9.942676840772409763e-01 6.369196486473083496e+01
9.996509409369426225e-01 -3.164175693178807296e-03 -2.622945436085425894e-02 1.349476956878788769e+00 5.117472084268908229e-05 9.930321749717537783e-01 -1.178435269839467336e-01 -1.094373501837253571e+00 2.641956973596252048e-02 1.178010503478255644e-01 9.926857100169800274e-01 6.491081523895263672e+01
9.995924415189791912e-01 -4.656505266135190294e-03 -2.816501050652773716e-02 1.526957356487400830e+00 8.914975582490012717e-04 9.912176343837674208e-01 -1.322376894790271429e-01 -1.114588843658566475e+00 2.853342058411502055e-02 1.321586858490747252e-01 9.908178064934115570e-01 6.609382808208465576e+01
9.995448110693342381e-01 -6.249454518758618300e-03 -2.951465708062334103e-02 1.720206597005017102e+00 1.828800722848663738e-03 9.890617972259493351e-01 -1.474903954706582587e-01 -1.134458357468247414e+00 3.011355429511651180e-02 1.473692830490568317e-01 9.886230162510490915e-01 6.724513351917266846e+01
9.995052879487601460e-01 -8.219848383346370357e-03 -3.035808714363951583e-02 1.931309797917492688e+00 3.154620608301601271e-03 9.865769893028566440e-01 -1.632663239830208501e-01 -1.154407374560832977e+00 3.129261464441237400e-02 1.630897859176528575e-01 9.861148482798798298e-01 6.838674867153167725e+01
9.994330273297927780e-01 -1.076680259092982657e-02 -3.190140818794065525e-02 2.160230183159001172e+00 4.870957251748774149e-03 9.837604597845647225e-01 -1.794202651316556540e-01 -1.174685224890708923e+00 3.331512656222840318e-02 1.791631483492906185e-01 9.832551391249947370e-01 6.951092898845672607e+01
9.993466448900926169e-01 -1.365021876466797346e-02 -3.346572686483744591e-02 2.410896622692234814e+00 6.815747412007033997e-03 9.804997352693514134e-01 -1.964021759654090149e-01 -1.195287315174937248e+00 3.549406899935418636e-02 1.960457616588751339e-01 9.799521572002689584e-01 7.063019847869873047e+01
9.992674210233113419e-01 -1.684969439129224353e-02 -3.436144758796127324e-02 2.683221721206791699e+00 9.081846829743632499e-03 9.766178774718987654e-01 -2.147906922109165118e-01 -1.216614214703440666e+00 3.717716153206467727e-02 2.143212756615722470e-01 9.760554540901941190e-01 7.172814333438873291e+01
9.992063284930341460e-01 -2.036324441774746766e-02 -3.423523588722594130e-02 2.974067800794728100e+00 1.174797860147910357e-02 9.718774365009809069e-01 -2.351940335532794468e-01 -1.238262953236699104e+00 3.806176688292485510e-02 2.346051719316200879e-01 9.713453120310432398e-01 7.278241777420043945e+01
9.991320594460587623e-01 -2.385709497151202937e-02 -3.414625611392342608e-02 3.289543920313008130e+00 1.424171966437677225e-02 9.659884218159937586e-01 -2.581928394406922123e-01 -1.260353291407227516e+00 3.914461914591457065e-02 2.574824419974418577e-01 9.654897673486525500e-01 7.380787599086761475e+01
9.990119743178714762e-01 -2.768793227784153294e-02 -3.476281886852724407e-02 3.636219584499485791e+00 1.670327222091990554e-02 9.587861164845393747e-01 -2.836374156094518817e-01 -1.282750280573964119e+00 4.118344165586720201e-02 2.827765217316897117e-01 9.583012902478557082e-01 7.482711231708526611e+01
9.988638555544728792e-01 -3.114406788277027105e-02 -3.607000280796436587e-02 4.022708498989231884e+00 1.845842787120460099e-02 9.506626691861690404e-01 -3.096768894450343534e-01 -1.305478503927588463e+00 4.393500321357331206e-02 3.086592562220382696e-01 9.501574496056331975e-01 7.586811590194702148e+01
9.987685968776462975e-01 -3.397371022353743580e-02 -3.615351856603661596e-02 4.444153540884144604e+00 1.985309268870915494e-02 9.415402669213706055e-01 -3.363150018603507929e-01 -1.329305406659841537e+00 4.546586193784485364e-02 3.351831033618510869e-01 9.410553345149090809e-01 7.690651500225067139e+01
9.988627753242397267e-01 -3.450247023981313499e-02 -3.290494824351117981e-02 4.893186085973866284e+00 2.020027748954761337e-02 9.314047051133365063e-01 -3.634243030977482580e-01 -1.353338122367858887e+00 4.318685981757201114e-02 3.623463189271963758e-01 9.310424481724813850e-01 7.792030143737792969e+01
9.990723001520559476e-01 -3.412459161332197233e-02 -2.626882784031793136e-02 5.362846248899586499e+00 2.105100233982746746e-02 9.191349413013470970e-01 -3.933799880261549253e-01 -1.377080723643302917e+00 3.756852897531183511e-02 3.924620643147477272e-01 9.190006168139593923e-01 7.887371546030044556e+01
9.991558476198227901e-01 -3.464507465414736614e-02 -2.207512104886534196e-02 5.829482191358692944e+00 2.208281664103528205e-02 9.060844073956610956e-01 -4.225202904993464736e-01 -1.399452451616525650e+00 3.464016998099053030e-02 4.216761381399974917e-01 9.060845949176190572e-01 7.973091661930084229e+01
9.990947829505458788e-01 -3.662483370450858589e-02 -2.163876699626929648e-02 6.328211211715824902e+00 2.295994573180457077e-02 8.924868426764426266e-01 -4.504887085615214559e-01 -1.420442704111337662e+00 3.581138887273614679e-02 4.495840935860074827e-01 8.925198525643301961e-01 8.058512705564498901e+01
9.989544232348720465e-01 -3.925742482729698696e-02 -2.342893286970738898e-02 6.843945288215763867e+00 2.325711587548271245e-02 8.775870865205447346e-01 -4.788528084218953706e-01 -1.440659131854772568e+00 3.935945706737453004e-02 4.778072416449034576e-01 8.775825163316839372e-01 8.139930570125579834e+01
9.987909367597882504e-01 -4.214075123389272870e-02 -2.531445697517113042e-02 7.402843856369145215e+00 2.341988103016334061e-02 8.606444869993163937e-01 -5.086674514554833104e-01 -1.460889646783471107e+00 4.322237636962614898e-02 5.074595787677346204e-01 8.605908447676142714e-01 8.222090417146682739e+01
9.988383572477727013e-01 -4.236953630277073141e-02 -2.295121966386845860e-02 7.986463868175633252e+00 2.321784777796182669e-02 8.405396710510131264e-01 -5.412522451999753903e-01 -1.481633283197879791e+00 4.222401727844404817e-02 5.400906255277376777e-01 8.405469936784776275e-01 8.299438136816024780e+01
9.990814441506870036e-01 -3.935629851280423447e-02 -1.695139289700533722e-02 8.604158305679447949e+00 2.245582834631783611e-02 8.177647122765435705e-01 -5.751144330727082643e-01 -1.503087252378463745e+00 3.649662624213789730e-02 5.742055007770587860e-01 8.178973280004701030e-01 8.373686760663986206e+01
9.991659638016383571e-01 -3.833134177298028883e-02 -1.407426794636476748e-02 9.247927569900639355e+00 2.195556841927268077e-02 7.949265611021412159e-01 -6.063082676903807089e-01 -1.523507248610258102e+00 3.442861884725744587e-02 6.054935760949133883e-01 7.951051499720420690e-01 8.445783782005310059e+01
9.991020807013347715e-01 -3.985387693407821397e-02 -1.437709398964367828e-02 9.927468680893070996e+00 2.166094759865758862e-02 7.721291093729922839e-01 -6.350964035546082798e-01 -1.540100362151861191e+00 3.641202668613640475e-02 6.342147167578130462e-01 7.722990724844974730e-01 8.517693060636520386e+01
9.989990812902020956e-01 -4.234411433053424795e-02 -1.441567074037983752e-02 1.063185813382733613e+01 2.217734811847406340e-02 7.487518503045106355e-01 -6.624793067681463699e-01 -1.557623095810413361e+00 3.884585964764345617e-02 6.614965174867774023e-01 7.489414907328216797e-01 8.587556397914886475e+01
9.990323375346424895e-01 -4.243322713282388081e-02 -1.156761838765187587e-02 1.133349111035931855e+01 2.267967483912301102e-02 7.223703869856487048e-01 -6.911343258407843804e-01 -1.577016670256853104e+00 3.768316479888351306e-02 6.902031912714531314e-01 7.226337480698240556e-01 8.650226950645446777e+01
9.990935359090845624e-01 -4.163203947983891429e-02 -8.881429695263187013e-03 1.205837520316708833e+01 2.260605239579388179e-02 6.956763152528037120e-01 -7.179996036150438909e-01 -1.597770148888230324e+00 3.607038812878772538e-02 7.171479886920346658e-01 6.959868457199517300e-01 8.710049647092819214e+01
9.990967574323994516e-01 -4.181962881193387882e-02 -7.535776940520324922e-03 1.281316604570019990e+01 2.237917809678705017e-02 6.685916366931208277e-01 -7.432929407250725706e-01 -1.618697911500930786e+00 3.612259231807006532e-02 7.424529224065631317e-01 6.689236251876417017e-01 8.768052679300308228e+01
9.990713964137253322e-01 -4.258032977804330349e-02 -6.577262646576611214e-03 1.360227229550946504e+01 2.227842967279974884e-02 6.412067799695091441e-01 -7.670446772466695817e-01 -1.640337018296122551e+00 3.687840071428110517e-02 7.661858657252341720e-01 6.415599759364906118e-01 8.824463152885437012e+01
9.991992916413388048e-01 -3.988043992314684733e-02 -3.213424183480036167e-03 1.440497126535046846e+01 2.188100466697864843e-02 6.119302233621004561e-01 -7.906090205473078614e-01 -1.663456507027149200e+00 3.349622692498899906e-02 7.899056603465669513e-01 6.123128698094165712e-01 8.877020001411437988e+01
9.994479031562312210e-01 -3.311079589266715389e-02 2.750285797322164771e-03 1.521857830241788179e+01 2.145744612428999651e-02 5.800541595053956279e-01 -8.142952474663672779e-01 -1.686947008594870567e+00 2.536664901866244118e-02 8.139046917396675074e-01 5.804443865537168845e-01 8.925179004669189453e+01
9.996279582201228475e-01 -2.592284019228504807e-02 8.482423063818701411e-03 1.604196342185605317e+01 2.128029836367276162e-02 5.467040993902058110e-01 -8.370554202748448080e-01 -1.709466341882944107e+00 1.706147843011908763e-02 8.369245091800748826e-01 5.470523483977280943e-01 8.969195961952209473e+01
9.996676590513212668e-01 -2.331629315114443213e-02 1.099645036096733204e-02 1.688725485757458955e+01 2.143977273558343027e-02 5.150991261881799899e-01 -8.568624314002919462e-01 -1.729433683678507805e+00 1.431459366862562234e-02 8.568134223235904789e-01 5.154278336821157547e-01 9.011017006635665894e+01
9.996321984277682926e-01 -2.455665147229489989e-02 1.150820294117059842e-02 1.775936069444287568e+01 2.195444630492204147e-02 4.836516103337137329e-01 -8.749852125087885790e-01 -1.746654300019145012e+00 1.592074602244586759e-02 8.749160477954863735e-01 4.840128501971977526e-01 9.050836995244026184e+01
9.995788209025560089e-01 -2.670285137372891901e-02 1.136391356744993926e-02 1.863684334710706025e+01 2.217984721772438966e-02 4.504317143056508210e-01 -8.925353355050269499e-01 -1.762509662657976151e+00 1.871457134038428949e-02 8.924114681447035125e-01 4.508342670465063651e-01 9.086895298957824707e+01
9.995523695976394896e-01 -2.761620775418512780e-02 1.150675892775679388e-02 1.956893845752347261e+01 2.192590292175024616e-02 4.145219813582774471e-01 -9.097751270241860588e-01 -1.780770653858780861e+00 2.035473440774429252e-02 9.096201800972125717e-01 4.149419390072598968e-01 9.121183183789253235e+01
9.995784957085745992e-01 -2.674792236818129831e-02 1.128625562217192013e-02 2.053607007220853120e+01 2.054562689589775615e-02 3.770944679908617703e-01 -9.259468880157994963e-01 -1.800805851817131042e+00 2.051117091825387095e-02 9.257884806259336630e-01 3.774850738875479284e-01 9.152426213026046753e+01
9.996178071602638271e-01 -2.554530880452609426e-02 1.056772474030968564e-02 2.146522756770718843e+01 1.866211559413056414e-02 3.415371518103560988e-01 -9.396829781233780876e-01 -1.820555772632360458e+00 2.039522124559722469e-02 9.395210541181879815e-01 3.418833482622281039e-01 9.178551158308982849e+01
9.996395724982722886e-01 -2.483124995760283699e-02 1.020461273221300556e-02 2.237223818257916719e+01 1.735132831619738344e-02 3.075417919332152361e-01 -9.513763596075794915e-01 -1.840170301496982574e+00 2.048551930352076125e-02 9.512105209889395452e-01 3.078618005839878213e-01 9.200555162131786346e+01
9.996388864890378700e-01 -2.482618362188607902e-02 1.028383322156067696e-02 2.330824800685513765e+01 1.668384808430720123e-02 2.733912872018294249e-01 -9.617582093724111880e-01 -1.859620433300733566e+00 2.106527550392442438e-02 9.615824793999209197e-01 2.737067581903021574e-01 9.220204986631870270e+01
9.996140122752507073e-01 -2.539409026744920972e-02 1.126794757102364021e-02 2.424131389812100679e+01 1.702463685304138330e-02 2.394050892584805301e-01 -9.707705006731307540e-01 -1.878722487017512321e+00 2.195422972906955691e-02 9.705876278917980882e-01 2.397450069978009635e-01 9.236619842052459717e+01
9.995670230970717940e-01 -2.627981919540304037e-02 1.323395027627730612e-02 2.514925690845120698e+01 1.835829661557821305e-02 2.055265691342076373e-01 -9.784793315779828360e-01 -1.897339681163430214e+00 2.299433152393223767e-02 9.782986254119846459e-01 2.059200335926274217e-01 9.249330449104309082e+01
9.995067163282747025e-01 -2.711264210082307488e-02 1.585019409920949279e-02 2.607667484239209443e+01 2.026726101313267372e-02 1.713107324120780317e-01 -9.850085639685896011e-01 -1.915993718430399895e+00 2.399087630111688269e-02 9.848439153483916630e-01 1.717757266192008747e-01 9.259329805523157120e+01
9.994789104905786870e-01 -2.630661294766702477e-02 1.870480151692403489e-02 2.702010985568631440e+01 2.213439606551501765e-02 1.367912184669727027e-01 -9.903525791661957900e-01 -1.935734402388334274e+00 2.349416939116595604e-02 9.902505363116662629e-01 1.373022189881744626e-01 9.266084135323762894e+01
9.995037117681864203e-01 -2.306832992976583924e-02 2.145186042909674046e-02 2.802996226504910737e+01 2.375690153044477879e-02 1.047955026544215712e-01 -9.942099940420432436e-01 -1.957534398883581161e+00 2.068670566549269882e-02 9.942262090579078171e-01 1.052915259223204669e-01 9.270852804929018021e+01
9.995071559011413642e-01 -2.018001567285359482e-02 2.404604478609289470e-02 2.906349214271176606e+01 2.552317870669931765e-02 7.645119997975874382e-02 -9.967465983741107260e-01 -1.980272471904754639e+00 1.827601299838924054e-02 9.968690891933094100e-01 7.692857960332030731e-02 9.273612951859831810e+01
9.994850492202999037e-01 -1.909460971574941310e-02 2.578821949840183828e-02 3.009091850474942476e+01 2.673297758077183492e-02 5.099745169014666818e-02 -9.983409276548653732e-01 -2.001104321330785751e+00 1.774779689878422731e-02 9.985162271094618625e-01 5.148164628608083160e-02 9.274162135645747185e+01
9.994475320554339071e-01 -1.934463566889703390e-02 2.702620467509546376e-02 3.108608093217480928e+01 2.757916323965219421e-02 2.891266418466575602e-02 -9.992014049253260533e-01 -2.020461747422814369e+00 1.854778755817341335e-02 9.993947382894220466e-01 2.943019972943583182e-02 9.272825746797025204e+01
9.994134924897348782e-01 -2.018774056348699233e-02 2.766091394751815299e-02 3.208909501985181123e+01 2.786843662000383637e-02 1.007168977166451006e-02 -9.995608592304423556e-01 -2.039190389215946198e+00 1.990028315948020113e-02 9.997454757067344433e-01 1.062838341836698508e-02 9.270237645693123341e+01
9.994201909886314406e-01 -1.889501652977400650e-02 2.832419803960940438e-02 3.313309326127637178e+01 2.823296911382799576e-02 -5.077661818983161476e-03 -9.995884737257976216e-01 -2.059825967997312546e+00 1.903106143295956246e-02 9.998085795294975320e-01 -4.541255326813454021e-03 9.266990880854427814e+01
9.994659740903185652e-01 -1.549507188837149878e-02 2.876924369643259205e-02 3.419237854436505586e+01 2.850103703215788042e-02 -1.726047105833691461e-02 -9.994447293507209285e-01 -2.081660918891429901e+00 1.598303862793593738e-02 9.997309532499323304e-01 -1.680962790187203251e-02 9.263175193034112453e+01
9.994792653800368409e-01 -1.196750545732079216e-02 2.996626250487422968e-02 3.527163805917371064e+01 2.963949121563063532e-02 -2.660755060935975427e-02 -9.992064545483325677e-01 -2.104931226000189781e+00 1.275533754396913043e-02 9.995743179292370106e-01 -2.623898436372976845e-02 9.258886572159826756e+01
9.994538705621315300e-01 -9.547289784302973731e-03 3.163557927632363459e-02 3.637230863526929170e+01 3.129311342770629140e-02 -3.410869427057108827e-02 -9.989280945229027653e-01 -2.128787418827414513e+00 1.061610429370028058e-02 9.993725262548150967e-01 -3.379130208639529592e-02 9.254148870892822742e+01
9.994189329398748267e-01 -6.223148763924877744e-03 3.351222017091717159e-02 3.748624064878094941e+01 3.324002826081754597e-02 -3.963308199533715354e-02 -9.986612635587559517e-01 -2.152386998757719994e+00 7.543010177775079546e-03 9.991949215398430173e-01 -3.940319487611429472e-02 9.249019447155296803e+01
9.993865098549070680e-01 -2.832276595726840578e-03 3.490819573270937531e-02 3.857761254266370088e+01 3.475242486370534734e-02 -4.343973852610487352e-02 -9.984514300069263770e-01 -2.174986202269792557e+00 4.344293512225598682e-03 9.990520343435916883e-01 -4.331466019502747122e-02 9.243795360065996647e+01
9.993413615864310540e-01 2.875870729912177346e-04 3.628719217924769591e-02 3.965170981839764863e+01 3.626177483154750802e-02 -4.616368312395425361e-02 -9.982755120939796889e-01 -2.196320984512567520e+00 1.388059308658904940e-03 9.989338474864623008e-01 -4.614370636662226688e-02 9.238565398938953876e+01
9.992859378560576822e-01 2.542284569902723227e-03 3.769815900418835991e-02 4.072759284928906709e+01 3.777710612234496529e-02 -4.846625351224268657e-02 -9.981101705340489350e-01 -2.216955866664648056e+00 -7.103915543698609931e-04 9.988215851991049110e-01 -4.852768574934129137e-02 9.233175762183964252e+01
9.992217244968254475e-01 4.511723733359286094e-03 3.918660029326497679e-02 4.177661457017529756e+01 3.936294499812747344e-02 -4.982198081191797912e-02 -9.979821284918138913e-01 -2.236499235033988953e+00 -2.550265606689586066e-03 9.987479234406101414e-01 -4.996080031789539716e-02 9.227914046682417393e+01
9.991691837387698394e-01 6.213697650902741225e-03 4.027818551404189346e-02 4.282333078340161592e+01 4.054377336837123452e-02 -5.114019480537793094e-02 -9.978681691066821902e-01 -2.255971156060695648e+00 -4.140616844693557029e-03 9.986721536303949653e-01 -5.134963344926892631e-02 9.222477547265589237e+01
9.991246528561039675e-01 6.618537415851113818e-03 4.130524201169644832e-02 4.386168744519818574e+01 4.159762088756591841e-02 -5.278332892331136922e-02 -9.977392235069582060e-01 -2.274967517703771591e+00 -4.423346206682687333e-03 9.985840551251800035e-01 -5.301244059734776248e-02 9.216831194795668125e+01
9.991048553899501972e-01 5.570721468246288798e-03 4.193393612040086788e-02 4.490835335210431367e+01 4.217842832533121727e-02 -5.536718089861176334e-02 -9.975747869023882108e-01 -2.293315269052982330e+00 -3.235447454609285348e-03 9.984505207278243644e-01 -5.555258354122552533e-02 9.210733879171311855e+01
9.990923595502886334e-01 4.459601420072464330e-03 4.236235408249758305e-02 4.597534468129742891e+01 4.255051901198839831e-02 -5.831799025200627012e-02 -9.973908287851744880e-01 -2.312247537076473236e+00 -1.977478203982484511e-03 9.982880966775778964e-01 -5.845481684011835655e-02 9.204144909046590328e+01
9.990685420429353814e-01 4.833667365108515294e-03 4.287987826483061204e-02 4.706352224305737764e+01 4.309554314801136016e-02 -6.119649908990792281e-02 -9.971949471692668210e-01 -2.332250362262129784e+00 -2.196010241574125697e-03 9.981140336449250139e-01 -6.134780664438230918e-02 9.197062063775956631e+01
9.990226941026951746e-01 7.186456217263909908e-03 4.361205698920956469e-02 4.816416456655133516e+01 4.398523551381021413e-02 -6.444843721026725925e-02 -9.969512014125609944e-01 -2.354275906458497047e+00 -4.353817243220353857e-03 9.978951617220074288e-01 -6.470154934173562300e-02 9.189363978616893291e+01
9.989926130825512729e-01 8.949262159038979397e-03 4.397351149617990257e-02 4.927465381578076631e+01 4.447986066756265400e-02 -6.773097951433522390e-02 -9.967116214878919411e-01 -2.376165404915809631e+00 -5.941464591334829660e-03 9.976634829043494745e-01 -6.806081014557803510e-02 9.181213294528424740e+01
9.989610448311490032e-01 1.093115024669012551e-02 4.424184517109869264e-02 5.037332632497418672e+01 4.490019188921627602e-02 -6.997076407148558608e-02 -9.965380398878730395e-01 -2.397359468042850494e+00 -7.797671330002276316e-03 9.974891488780902593e-01 -7.038887832813130185e-02 9.173043804429471493e+01
9.989305757434282507e-01 1.327357786878580366e-02 4.428901642014953371e-02 5.146947600797284395e+01 4.512351942384255910e-02 -7.108112481866228627e-02 -9.964493673485471659e-01 -2.417640004307031631e+00 -1.007833516554685824e-02 9.973822165173565901e-01 -7.160405948838284573e-02 9.164949977956712246e+01
9.989094719138832401e-01 1.447485556661438390e-02 4.438857372176391314e-02 5.257633652642834932e+01 4.531946576017801404e-02 -7.201872948287633969e-02 -9.963731472831272029e-01 -2.437441475689411163e+00 -1.122554871437783999e-02 9.972982408286891198e-01 -7.259618375688353664e-02 9.156797084771096706e+01
9.989204021462158023e-01 1.373564203268917011e-02 4.437749783383682783e-02 5.370535507157910615e+01 4.526765371360624152e-02 -7.324797336625074595e-02 -9.962858896546723519e-01 -2.457030061632394791e+00 -1.043406456312211475e-02 9.972191667510642565e-01 -7.379067529848032381e-02 9.148424116335809231e+01
9.989662925755371514e-01 1.063652731742830045e-02 4.419514209177279052e-02 5.486546566442120820e+01 4.486912687483486650e-02 -7.485965387855272879e-02 -9.961841163533341481e-01 -2.476502170786261559e+00 -7.287506526676842782e-03 9.971373508738948788e-01 -7.525952259225908436e-02 9.139718566648662090e+01
9.989981753292146438e-01 7.266266641029371469e-03 4.415707257055331153e-02 5.603239240602124482e+01 4.458356917999073410e-02 -7.634462473576213160e-02 -9.960842352096175301e-01 -2.495906848460435867e+00 -3.866658515130190054e-03 9.970550133483393473e-01 -7.659209690869059339e-02 9.130929592065513134e+01
9.990023977454893789e-01 5.647628863515218554e-03 4.429800883767819053e-02 5.719954242662061006e+01 4.460261109759344755e-02 -7.743928858715057317e-02 -9.959988773419339303e-01 -2.515752311795949936e+00 -2.194625717487952259e-03 9.969810734769922744e-01 -7.761393397209125078e-02 9.122072947584092617e+01
9.989757682666701166e-01 6.048569246727418178e-03 4.484227052775019429e-02 5.836140563443768770e+01 4.517774235392515297e-02 -7.798220651576193152e-02 -9.959305934967233043e-01 -2.536409404128789902e+00 -2.527055958768585197e-03 9.969364023231375160e-01 -7.817559536825191557e-02 9.113332916609942913e+01
9.989443884449652478e-01 7.068141068409028449e-03 4.538887722946646774e-02 5.951418080285657197e+01 4.580376276775181832e-02 -7.836706133757592729e-02 -9.958717884414781674e-01 -2.556885041296482086e+00 -3.481969360867856987e-03 9.968995160391792565e-01 -7.860808361880027018e-02 9.104692674241960049e+01
9.989183685359064313e-01 7.203616000231523493e-03 4.593692325444129892e-02 6.066838517144788057e+01 4.636277735368257713e-02 -7.892810638668522338e-02 -9.958016102107211109e-01 -2.577390298247337341e+00 -3.547658046666729049e-03 9.968542832022809774e-01 -7.917671490817621005e-02 9.095911566726863384e+01
9.988992200862394366e-01 6.052279463922879098e-03 4.651578253015909575e-02 6.180632379010785371e+01 4.684971905857781421e-02 -7.936198923487995660e-02 -9.957443338974192315e-01 -2.597259417176246643e+00 -2.334937950954413342e-03 9.968274898787520266e-01 -7.955817674376290671e-02 9.087256855331361294e+01
9.988830931903333044e-01 4.393799809217899602e-03 4.704530435387063725e-02 6.295912303880322725e+01 4.724565376073957407e-02 -7.931384642452916911e-02 -9.957294622366391623e-01 -2.617344118654727936e+00 -6.436918766898573748e-04 9.968400113802529106e-01 -7.943284819383707174e-02 9.078584623895585537e+01
9.988602147983171031e-01 3.607633096115902844e-03 4.759470849268383763e-02 6.411552669957745820e+01 4.773090169880397221e-02 -7.925099200410007372e-02 -9.957113242749553450e-01 -2.637860164046287537e+00 1.797667345594384082e-04 9.968481655948461251e-01 -7.933285847687117365e-02 9.069885477237403393e+01
9.988437911815388759e-01 2.834444589169872811e-03 4.799006920146350191e-02 6.528416504815686494e+01 4.806333361779582813e-02 -7.961126887281964881e-02 -9.956665917012602618e-01 -2.658319409936666489e+00 9.983885189580854989e-04 9.968219559140593100e-01 -7.965545447761043785e-02 9.060956498794257641e+01
9.988341375979673531e-01 1.934825300109498493e-03 4.823507043617747403e-02 6.645929696515668184e+01 4.823386708048630483e-02 -8.066447040959900949e-02 -9.955735720076145379e-01 -2.678744534030556679e+00 1.964595476663243568e-03 9.967394341875899233e-01 -8.066375084271801277e-02 9.051649918220937252e+01
9.987869252906691475e-01 -4.947668340832591001e-03 4.899182019889065237e-02 6.765187933400738984e+01 4.843108619440779361e-02 -8.100681463945580418e-02 -9.955362001815899475e-01 -2.698041047900915146e+00 8.894254237492311282e-03 9.967012674617997670e-01 -8.066892636945702244e-02 9.042549246363341808e+01
9.985957906607407786e-01 -1.664931570640032846e-02 5.029162118244543539e-02 6.883550360158551484e+01 4.876228259436904411e-02 -8.215257009373369557e-02 -9.954261374020580977e-01 -2.715944770723581314e+00 2.070474995832784562e-02 9.964806849676026701e-01 -8.122535205008556136e-02 9.033724111877381802e+01
9.983406867963890985e-01 -2.573608233811413779e-02 5.151239804940323241e-02 7.001570012525189668e+01 4.919846627725547178e-02 -8.363680539749351883e-02 -9.952810636693876223e-01 -2.733355836942791939e+00 2.992296781537734027e-02 9.961639116374311209e-01 -8.223184996296922789e-02 9.024638277105987072e+01
9.981778946292644283e-01 -2.858530373774174557e-02 5.313916713414062326e-02 7.119867482141125947e+01 5.055237668502499115e-02 -8.465719355771658683e-02 -9.951269350140345971e-01 -2.752528404816985130e+00 3.294461845255496069e-02 9.960000200748754251e-01 -8.305788418845749810e-02 9.015341716818511486e+01
9.981561381723360604e-01 -2.634527473607604919e-02 5.468318139948627477e-02 7.237496080354321748e+01 5.226108726256179643e-02 -8.520011864311770322e-02 -9.949923208454092283e-01 -2.773783937096595764e+00 3.087235959597758872e-02 9.960154950010965402e-01 -8.366618869470097974e-02 9.005958581529557705e+01
9.982334863927022628e-01 -2.069179749804586979e-02 5.569341218286730927e-02 7.353871931985486299e+01 5.372666005548980966e-02 -8.580750760401599508e-02 -9.948620596032741181e-01 -2.795989984646439552e+00 2.536439716517477697e-02 9.960968432612797852e-01 -8.454422630411065342e-02 8.996265792660415173e+01
9.982479033290921899e-01 -1.772707972919221678e-02 5.645240600139407594e-02 7.470940079644788057e+01 5.472662048570651333e-02 -8.613614996451690597e-02 -9.947791517113251381e-01 -2.818079240620136261e+00 2.249712224451873646e-02 9.961256518700666307e-01 -8.501508793825990340e-02 8.986342603527009487e+01
9.981803954604396845e-01 -1.933126723420545631e-02 5.711567407953695857e-02 7.591273095563519746e+01 5.521700648401128841e-02 -8.754580969990562178e-02 -9.946289827865123501e-01 -2.838897896930575371e+00 2.422767659898098988e-02 9.959729079202443991e-01 -8.631909623894092054e-02 8.975822274200618267e+01
9.980352136229564408e-01 -2.361097835471224343e-02 5.803648912290457901e-02 7.712770941213238984e+01 5.573726429068418670e-02 -8.853005054438603527e-02 -9.945128392936909423e-01 -2.858697131276130676e+00 2.861939443751620668e-02 9.957936291479985158e-01 -8.704009656639923043e-02 8.965387997590005398e+01
9.979066618984223647e-01 -2.637098470180436471e-02 5.904968505085247954e-02 7.835937013581860811e+01 5.646486013008658600e-02 -8.985512261638121945e-02 -9.943529436322321446e-01 -2.878668442368507385e+00 3.152798295542276474e-02 9.956056589360329223e-01 -8.817799150190637480e-02 8.954576730541884899e+01
