0.000000000000000000e+00 0.000000000000000000e+00 0.000000000000000000e+00 0.000000000000000000e+00 0.000000000000000000e+00 0.000000000000000000e+00 0.000000000000000000e+00 0.000000000000000000e+00 0.000000000000000000e+00 0.000000000000000000e+00 0.000000000000000000e+00 0.000000000000000000e+00
9.999970793725765361e-01 2.970726011485464737e-04 -2.401740141596388992e-03 2.584713976830244064e-03 -3.007007890795665439e-04 9.999988089983304906e-01 -1.510428111866939397e-03 -3.410759568214416504e-02 2.401288598775863647e-03 1.511145949127490340e-03 9.999960064920401237e-01 1.674575448036193848e+00
9.999980330470421563e-01 5.795370447972461852e-04 -1.888495297272159597e-03 6.081001833081245422e-03 -5.823671881603070810e-04 9.999986903464256338e-01 -1.498417795685775449e-03 -3.099978528916835785e-02 1.887624501250684261e-03 1.499514673768242989e-03 9.999970793744310527e-01 1.642503976821899414e+00
9.999988675119197978e-01 5.817432833693350668e-04 -1.392195807078552795e-03 8.242067880928516388e-03 -5.825711679147138611e-04 9.999996428547285321e-01 -5.943223856854477644e-04 -2.921120449900627136e-02 1.391849596984684467e-03 5.951327766137715081e-04 9.999988675119197978e-01 1.609148502349853516e+00
9.999994039535842205e-01 3.484338773774141459e-04 -1.011064089528411480e-03 7.984815165400505066e-03 -3.483556088498436509e-04 9.999999403681549826e-01 7.757736629665199261e-05 -2.806956134736537933e-02 1.011091051623225212e-03 -7.722511004499416076e-05 9.999994635581970215e-01 1.605811238288879395e+00
9.999997019767761230e-01 2.082093745452107082e-04 -8.053139099891137853e-04 6.021829321980476379e-03 -2.077067001106554234e-04 9.999998210816619659e-01 6.242328745176635354e-04 -2.710762806236743927e-02 8.054436766542494297e-04 -6.240653924634818883e-04 9.999995231628950876e-01 1.607969641685485840e+00
9.999994039535522461e-01 2.260909243815389501e-04 -1.109596127437083692e-03 4.766946658492088318e-03 -2.252350499383007354e-04 9.999997017840182023e-01 7.714072281100560133e-04 -2.692862041294574738e-02 1.109770149923861027e-03 -7.711568092548734543e-04 9.999991059305060048e-01 1.612948298454284668e+00
9.999999403953552246e-01 -1.197869097168959381e-05 -2.995436697091337320e-04 3.529216162860393524e-03 1.221365455382136811e-05 9.999997019796458275e-01 7.844165752794141858e-04 -2.787842229008674622e-02 2.995341783389449120e-04 -7.844201869304338881e-04 9.999996423721491112e-01 1.645191788673400879e+00
9.999996423721313477e-01 1.786013421014429243e-04 -8.534659951384365815e-04 5.103618372231721878e-03 -1.783625865436552771e-04 9.999999403527796149e-01 2.798217688377370492e-04 -2.862094901502132416e-02 8.535159286111593246e-04 -2.796694334660648762e-04 9.999995827675078885e-01 1.677308797836303711e+00
9.999997615814208984e-01 1.988113582021246097e-04 -6.747879216360390137e-04 6.601974368095397949e-03 -1.989019909697381516e-04 1.000000000018036461e+00 -1.342543555720612618e-04 -2.986271679401397705e-02 6.747611914761364460e-04 1.343885349077422742e-04 9.999997615814208984e-01 1.748918771743774414e+00
9.999998807907104492e-01 -1.193714364811793990e-04 -5.302297744521159437e-04 6.493024993687868118e-03 1.194531072024260232e-04 1.000000000009757528e+00 1.539977911193855331e-04 -3.045803122222423553e-02 5.302113713696599007e-04 -1.540611081572024199e-04 9.999998807907104492e-01 1.776820302009582520e+00
9.999998211860656738e-01 -4.777044869268412742e-05 -6.016983556923727024e-04 7.871290668845176697e-03 4.763370692201576717e-05 9.999999999934868766e-01 -2.272700892814963510e-04 -3.016317076981067657e-02 6.017091800458729267e-04 2.272413870037029437e-04 9.999998211860656738e-01 1.774623990058898926e+00
9.999996423721597694e-01 -4.458652510477296841e-04 -7.224271931940447330e-04 7.996738888323307037e-03 4.458354479783196989e-04 9.999998807774705956e-01 -4.142798792800929180e-05 -2.954776398837566376e-02 7.224456057883799076e-04 4.110589109071471903e-05 9.999997615814208984e-01 1.752593874931335449e+00
9.999992847443586186e-01 -6.224831288647982366e-04 -1.024621944450517224e-03 6.976648699492216110e-03 6.227070850511329247e-04 9.999998213257328405e-01 2.182916124346542201e-04 -2.802333794534206390e-02 1.024485798552632332e-03 -2.189294890468443389e-04 9.999994635581970215e-01 1.730592489242553711e+00
9.999995827675220994e-01 -7.613965090044511226e-04 -4.852525071162029613e-04 4.690852016210556030e-03 7.616217737201613769e-04 9.999995829390886382e-01 4.641908705028474982e-04 -2.770501002669334412e-02 4.848988901358097792e-04 -4.645602631254859560e-04 9.999997615814351093e-01 1.688595414161682129e+00
9.999998807907104492e-01 -4.332683805246466771e-04 -1.979038673796619432e-04 3.046993631869554520e-03 4.333747201599180698e-04 9.999997616274975965e-01 5.376160363519769678e-04 -2.786818891763687134e-02 1.976708881556987762e-04 -5.377017660066485405e-04 9.999998807907104492e-01 1.687846302986145020e+00
9.999998807907140019e-01 -2.649679050744765322e-04 -3.209152405570605041e-04 2.234283834695816040e-03 2.651899545712786688e-04 9.999997020356630184e-01 6.920885679050741953e-04 -2.754135988652706146e-02 3.207317786291241646e-04 -6.921736227356693749e-04 9.999997019767903339e-01 1.683872938156127930e+00
9.999998807907104492e-01 4.288280500771730615e-05 -4.310597487866286970e-04 2.588969888165593147e-03 -4.279490748630015995e-05 9.999999999962386754e-01 2.039127823829273742e-04 -2.671772427856922150e-02 4.310684744268655777e-04 -2.038943105391460842e-04 9.999998807907104492e-01 1.649282693862915039e+00
9.999998211860727793e-01 -2.729851960710217803e-04 5.004020642450388110e-04 1.565661397762596607e-03 2.727576322732669367e-04 9.999998211240029855e-01 4.547856788981854753e-04 -2.605974115431308746e-02 -5.005261627957224846e-04 -4.546491294679273765e-04 9.999997615814351093e-01 1.595457077026367188e+00
9.999988079072323899e-01 -4.603857459899778027e-04 1.449982219152413715e-03 3.179517807438969612e-04 4.601574047916577592e-04 9.999998806858646505e-01 1.577975354579272589e-04 -2.644658647477626801e-02 -1.450054696761071682e-03 -1.571301314848422281e-04 9.999989271163940430e-01 1.601570963859558105e+00
9.999994039535842205e-01 -3.219843122172661863e-04 1.036307234031421396e-03 2.726201200857758522e-04 3.225010603100895989e-04 9.999998213527681035e-01 -4.985167580838285222e-04 -2.656996808946132660e-02 -1.036146539263427258e-03 4.988506787101318340e-04 9.999993443489714195e-01 1.597167134284973145e+00
9.999998807907104492e-01 1.977331115382928016e-04 -5.344148147925821286e-04 3.545728512108325958e-03 -1.984249447487332341e-04 9.999991656722219124e-01 -1.294812135236697928e-03 -2.594680339097976685e-02 5.341583164408802986e-04 1.294917971129044831e-03 9.999990463257830697e-01 1.579104423522949219e+00
9.999995827674865723e-01 9.210175984713337913e-05 -8.978333901773142937e-04 5.608331877738237381e-03 -9.347395563838109545e-05 9.999988080353623410e-01 -1.528418065563018910e-03 -2.525511756539344788e-02 8.976915851235389709e-04 1.528501338540683152e-03 9.999983906750884444e-01 1.554546236991882324e+00
9.999999403953552246e-01 -2.633441340287656163e-04 -7.633717011872837390e-05 7.169984281063079834e-03 2.632337273098528385e-04 9.999989270873214098e-01 -1.442639824311461655e-03 -2.468337118625640869e-02 7.671699859201908112e-05 1.442619715817272663e-03 9.999989867210388184e-01 1.521820664405822754e+00
9.999996423721597694e-01 -4.520157482829898258e-04 6.673243025525559891e-04 8.458457887172698975e-03 4.528450456649443789e-04 9.999991063058540908e-01 -1.243102257732595734e-03 -2.423204295337200165e-02 -6.667618290521204472e-04 1.243404049136198619e-03 9.999989867212235595e-01 1.488269567489624023e+00
9.999998211860727793e-01 -2.897802904959326546e-04 5.244455480542531411e-04 9.420546703040599823e-03 2.903160875100049831e-04 9.999994041090995989e-01 -1.021839137666529949e-03 -2.384525910019874573e-02 -5.241491599008440971e-04 1.021991245620981759e-03 9.999993443489714195e-01 1.459571123123168945e+00
9.999999403953552246e-01 -1.903758567574761681e-04 3.694330957769325664e-04 1.038779038935899734e-02 1.907272267094410612e-04 9.999995232298424241e-01 -9.512867594940002149e-04 -2.332558855414390564e-02 -3.692518221214413643e-04 9.513571291352995729e-04 9.999994635582254432e-01 1.439428091049194336e+00
9.999997615814208984e-01 5.279028590299032292e-05 -6.957343431744283718e-04 1.380211394280195236e-02 -5.392397166738283065e-05 9.999986887589447093e-01 -1.629563837093416607e-03 -2.298067882657051086e-02 6.956473807804286480e-04 1.629600960595584125e-03 9.999984502795484786e-01 1.442279458045959473e+00
9.999986290931701660e-01 1.857670500912347747e-04 -1.653127184963663855e-03 1.952611654996871948e-02 -1.900630609381857850e-04 9.999966033516887176e-01 -2.598938515763864632e-03 -2.252343297004699707e-02 1.652638777159154415e-03 2.599249057378752448e-03 9.999952316330755764e-01 1.436777830123901367e+00
9.999990463257368845e-01 2.638088433085998509e-04 -1.339968250130209705e-03 2.562092803418636322e-02 -2.679058167246971267e-04 9.999952923306744124e-01 -3.058261780141949791e-03 -2.241265587508678436e-02 1.339155132882297039e-03 3.058617993932311041e-03 9.999944567721925637e-01 1.423649430274963379e+00
9.999995827674865723e-01 2.226872076437436208e-04 -8.943739968920572493e-04 3.086314350366592407e-02 -2.260348631407498032e-04 9.999929674082655984e-01 -3.744659142588254146e-03 -2.253287285566329956e-02 8.935338119044899940e-04 3.744859548567069929e-03 9.999925494223376177e-01 1.405884146690368652e+00
9.999999403953552246e-01 -7.563580734437343276e-05 -2.859722078585916183e-04 3.533202037215232849e-02 7.444241338938964447e-05 9.999912976329757841e-01 -4.170818145508178171e-03 -2.278626151382923126e-02 2.862851833924651146e-04 4.170796585333536033e-03 9.999912381177367138e-01 1.390283107757568359e+00
9.999997019767761230e-01 -1.016289153018915816e-04 7.984749264716207474e-04 4.079808667302131653e-02 1.051565900909538775e-04 9.999902252091104060e-01 -4.419212598185528508e-03 -2.279449068009853363e-02 -7.980180089361965656e-04 4.419295197189893054e-03 9.999899268179461842e-01 1.367175102233886719e+00
9.999993443489074707e-01 -8.073280337046956703e-05 1.126614117321126296e-03 4.629422351717948914e-02 8.571287818075548626e-05 9.999902252650466616e-01 -4.421044465680834014e-03 -2.296764589846134186e-02 -1.126246177591383457e-03 4.421138099875987493e-03 9.999895691935734021e-01 1.352238059043884277e+00
9.999999403953552246e-01 1.115184793499087368e-04 4.032955360962407168e-04 5.361606925725936890e-02 -1.094841216625792868e-04 9.999873039877814618e-01 -5.040847207763483710e-03 -2.276196330785751343e-02 -4.038525512441992760e-04 5.040802692425072618e-03 9.999872446067747944e-01 1.339005112648010254e+00
9.999999403953552246e-01 3.656005356589418949e-04 8.704630018648974006e-05 6.059519201517105103e-02 -3.651189035736024380e-04 9.999849794525609292e-01 -5.470244268755357353e-03 -2.261862903833389282e-02 -8.904491551220417023e-05 5.470212083309888840e-03 9.999850392341613770e-01 1.318332195281982422e+00
9.999998807907140019e-01 3.761657879464485135e-04 -2.653056391182088448e-04 6.726741790771484375e-02 -3.777076847168679696e-04 9.999828940479283945e-01 -5.835880919323964064e-03 -2.238937094807624817e-02 2.631058450788259506e-04 5.835980294735393370e-03 9.999828934679655390e-01 1.288263678550720215e+00
9.999994039536090895e-01 4.389635380499612525e-04 -9.935629767808807061e-04 7.677379995584487915e-02 -4.457179950943940261e-04 9.999766975927301127e-01 -6.808226532500455744e-03 -2.205486968159675598e-02 9.905513143166899681e-04 6.808665594050244962e-03 9.999763369670802149e-01 1.273425936698913574e+00
9.999986290933193800e-01 4.591211684708114632e-04 -1.569761484612973044e-03 8.901074528694152832e-02 -4.720094351736130872e-04 9.999660910372928369e-01 -8.219851490633825475e-03 -2.193047106266021729e-02 1.565934391692280769e-03 8.220581292663620143e-03 9.999649525111742321e-01 1.265594124794006348e+00
9.999989271164544391e-01 2.780549178851129868e-04 -1.426851723140879890e-03 1.010440960526466370e-01 -2.906706614885477824e-04 9.999607838098794055e-01 -8.849086154320002021e-03 -2.196072041988372803e-02 1.424335292540490627e-03 8.849491711466817012e-03 9.999598265091016458e-01 1.260370612144470215e+00
9.999990463257368845e-01 2.424616781561644114e-04 -1.324151540777448403e-03 1.136697977781295776e-01 -2.554685969370674992e-04 9.999516043510896512e-01 -9.831515918434913931e-03 -2.156738750636577606e-02 1.321703777648508549e-03 9.831845351886026041e-03 9.999507666066342892e-01 1.250458598136901855e+00
9.999986290931701660e-01 3.545831506832075597e-05 -1.643067964479155187e-03 1.278759986162185669e-01 -5.366465403281242552e-05 9.999386081927467140e-01 -1.108197994279100720e-02 -2.122948132455348969e-02 1.642574090510606766e-03 1.108205289318764386e-02 9.999372363932153007e-01 1.237078905105590820e+00
9.999969005586528681e-01 -3.484667439086739944e-04 -2.461314938425966312e-03 1.454038172960281372e-01 3.171931856109713732e-04 9.999193449928297506e-01 -1.269501992037622325e-02 -2.095916867256164551e-02 2.465540310367941856e-03 1.269420009665650495e-02 9.999163749283468405e-01 1.235608816146850586e+00
9.999964833265551079e-01 -6.101174918607196610e-04 -2.580912242366833944e-03 1.624213308095932007e-01 5.747851123691360975e-04 9.999064003860519412e-01 -1.366854374625906671e-02 -2.072785235941410065e-02 2.589010167866945267e-03 1.366701258091573834e-02 9.999032619732872718e-01 1.218850374221801758e+00
9.999973773964399015e-01 -8.712076395525215466e-04 -2.102249497988159001e-03 1.774803996086120605e-01 8.406661967702011573e-04 9.998947124870799508e-01 -1.448538345030671824e-02 -2.021534182131290436e-02 2.114647999405860901e-03 1.448357829438318145e-02 9.998928310862993385e-01 1.183012843132019043e+00
9.999983310704685380e-01 -9.619635033669316111e-04 -1.566207970881759986e-03 1.932492405176162720e-01 9.377694126556923582e-04 9.998813640148536130e-01 -1.537569675774920659e-02 -1.986951380968093872e-02 1.580812968313694000e-03 1.537420166381364695e-02 9.998805524398157729e-01 1.151305437088012695e+00
9.999983906752305529e-01 -1.345158315264719439e-03 -1.158338777417010183e-03 2.111032009124755859e-01 1.326538721302089607e-03 9.998722424380562801e-01 -1.592784626154683178e-02 -1.994901709258556366e-02 1.179616316221654415e-03 1.592628450002964158e-02 9.998724461509027606e-01 1.141615152359008789e+00
9.999964833289780586e-01 -1.750332627378641502e-03 -1.995240861036576361e-03 2.289203852415084839e-01 1.717506104800051170e-03 9.998650581201794507e-01 -1.633708286421578157e-02 -2.027785032987594604e-02 2.023566979914903641e-03 1.633359907010234480e-02 9.998645785174034017e-01 1.124180316925048828e+00
9.999957084701236454e-01 -1.983652436719737875e-03 -2.146403030959856059e-03 2.506664395332336426e-01 1.946409830990203371e-03 9.998499023498109706e-01 -1.721629374026158871e-02 -2.060209028422832489e-02 2.180231967940926552e-03 1.721204252640351484e-02 9.998494986250818783e-01 1.119269490242004395e+00
9.999960064924664493e-01 -2.299249350473903542e-03 -1.641495921978285144e-03 2.723250985145568848e-01 2.268151860790101892e-03 9.998225455990908950e-01 -1.870153244513859600e-02 -2.132689952850341797e-02 1.684204093180596828e-03 1.869773425184106941e-02 9.998237493154817912e-01 1.097944855690002441e+00
9.999960064902921886e-01 -2.686376658126799453e-03 -8.294322590842350329e-04 2.908460795879364014e-01 2.668509310583891403e-03 9.997792355543001497e-01 -2.083947125973849984e-02 -2.164873853325843811e-02 8.852318860590457916e-04 2.083717534778783964e-02 9.997824431371675757e-01 1.054274439811706543e+00
9.999963045138713369e-01 -2.521265663429961539e-03 -1.024363255273204841e-03 3.154761195182800293e-01 2.496353725281230673e-03 9.997175897374674935e-01 -2.363332289471355152e-02 -2.209033817052841187e-02 1.083659823052585125e-03 2.363067760724324451e-02 9.997201563592241769e-01 1.025458216667175293e+00
9.999948740068909103e-01 -2.517945558610908997e-03 -1.974886943123388330e-03 3.466756641864776611e-01 2.465100240115022934e-03 9.996505258682768513e-01 -2.631950669591151190e-02 -2.239698916673660278e-02 2.040467923507094383e-03 2.631450356486164655e-02 9.996516115737321684e-01 1.019236326217651367e+00
9.999946355878819304e-01 -1.833224236268607378e-03 -2.705265392353947609e-03 3.864889144897460938e-01 1.759078395354940483e-03 9.996295453551361510e-01 -2.716038447007763229e-02 -2.272822335362434387e-02 2.754054265096783638e-03 2.715548013404855965e-02 9.996274127722699632e-01 1.041003584861755371e+00
9.999978542339249543e-01 -1.440091548980721023e-03 -1.492556940021091700e-03 4.214450418949127197e-01 1.397630396327897984e-03 9.996049998870522035e-01 -2.806949615900860423e-02 -2.382690273225307465e-02 1.532390015199780464e-03 2.806734859361403878e-02 9.996048216748079085e-01 1.038399100303649902e+00
9.999973177911414268e-01 -2.793224068257541080e-04 2.290297928980465202e-03 4.490325450897216797e-01 3.455660730911289114e-04 9.995801081443832503e-01 -2.897441764027653896e-02 -2.403271570801734924e-02 -2.281242981553077698e-03 2.897513136809326539e-02 9.995775233789458980e-01 1.013786435127258301e+00
9.999838471469146839e-01 -6.639722948927343415e-04 5.647416615554927931e-03 4.696601629257202148e-01 8.468990087191902161e-04 9.994729516617750775e-01 -3.245075137031946250e-02 -2.374260127544403076e-02 -5.622894037514925003e-03 3.245500992456196165e-02 9.994573676356104386e-01 9.534140229225158691e-01
9.999951720260753518e-01 -9.362703915838985593e-04 2.961699394995328909e-03 4.666359424591064453e-01 1.030439279708472711e-03 9.994887485244517977e-01 -3.195549278704735985e-02 -2.237172797322273254e-02 -2.930266316980123520e-03 3.195839071190320624e-02 9.994848988520175226e-01 8.572011590003967285e-01
9.999989271166498384e-01 -9.147878780048923370e-04 -1.144097145623615983e-03 4.987290203571319580e-01 8.788273088262826827e-04 9.995175878073209175e-01 -3.104644774832409151e-02 -2.099025249481201172e-02 1.171946059912443161e-03 3.104540720312876090e-02 9.995172623267336576e-01 8.542104363441467285e-01
9.999936223033856209e-01 -4.138385501138445912e-04 -3.539155636272026811e-03 5.157340764999389648e-01 3.005474210469177843e-04 9.994893329435186047e-01 -3.195160923848773538e-02 -2.021642774343490601e-02 3.550571389496326447e-03 3.195034269942498284e-02 9.994831117463576220e-01 8.141786456108093262e-01
9.999925494194030762e-01 -2.988071254135145349e-04 -3.858247388314942246e-03 5.588985681533813477e-01 1.666807607225880006e-04 9.994150179770423525e-01 -3.420019479843496718e-02 -2.023051492869853973e-02 3.866209415718913078e-03 3.419929594136217332e-02 9.994075937938688980e-01 8.215984702110290527e-01
9.999995231628417969e-01 2.414167731222393448e-04 9.907472932594201583e-04 5.836200118064880371e-01 -2.032705428315628726e-04 9.992653649688003625e-01 -3.832358675165189327e-02 -2.074363641440868378e-02 -9.992714039981365204e-04 3.832336550432025035e-02 9.992648962662826762e-01 7.734771966934204102e-01
9.999832510997208601e-01 1.002172141454283575e-03 5.695529331437748297e-03 6.176944375038146973e-01 -7.679616655241472412e-04 9.991598116382079953e-01 -4.097622763857865225e-02 -2.145396918058395386e-02 -5.731809418648481369e-03 4.097116764019137491e-02 9.991438526964202538e-01 7.424862384796142578e-01
9.999977350237543305e-01 5.820910119581189238e-04 2.048301804118778276e-03 6.437692642211914062e-01 -5.023295806070443570e-04 9.992496565656221463e-01 -3.872760602779870553e-02 -2.041999623179435730e-02 -2.069307956844568253e-03 3.872648884912788247e-02 9.992476717833653765e-01 7.209702134132385254e-01
9.999979734421948763e-01 2.203237801850254957e-04 -1.994078705902827767e-03 6.795411109924316406e-01 -2.933402480223938624e-04 9.993266081244027710e-01 -3.669074639883249112e-02 -1.659311354160308838e-02 1.984652131795883179e-03 3.669125820315466413e-02 9.993246806991500364e-01 7.190927863121032715e-01
9.999969005588269511e-01 -6.060884363291821645e-04 -2.415336324177317501e-03 7.043894529342651367e-01 5.189018808389386783e-04 9.993539595224042449e-01 -3.593562500425292322e-02 -1.752273365855216980e-02 2.435556147247552872e-03 3.593425919304404914e-02 9.993511457618353688e-01 6.986333727836608887e-01
9.999992251396960796e-01 -4.561095693909572959e-04 1.182213862004397216e-03 7.016329765319824219e-01 5.018210124389972659e-04 9.992407192686723061e-01 -3.895856862819764566e-02 -1.939357444643974304e-02 -1.163546810857951641e-03 3.895913117821669935e-02 9.992401604861633757e-01 6.267055273056030273e-01
9.999986886978149414e-01 1.361766553706232272e-04 1.609868321273817422e-03 7.248840928077697754e-01 -7.504115984021536567e-05 9.992809845783484635e-01 -3.791470261690001176e-02 -2.075347863137722015e-02 -1.613873871974647045e-03 3.791453187937765534e-02 9.992796788107298767e-01 5.982269644737243652e-01
1.000000000000000000e+00 2.249448556465032285e-04 -6.061826883288728811e-05 7.547908425331115723e-01 -2.270372933708131313e-04 9.993126992807287445e-01 -3.706852279058246713e-02 -2.092776261270046234e-02 5.223823245614767075e-05 3.706853464245796204e-02 9.993126988410949707e-01 5.800303220748901367e-01
9.999997019767761230e-01 7.274878408227705359e-05 -7.594476122356886953e-04 7.891062498092651367e-01 -1.002233758834285282e-04 9.993430999569321571e-01 -3.623995805496553479e-02 -2.163910679519176483e-02 7.563123363070189953e-04 3.624002300499862272e-02 9.993427993824788302e-01 5.641047358512878418e-01
9.999942183497978476e-01 5.276138082365743661e-04 3.366777582066729502e-03 8.026989698410034180e-01 -4.003998846086043173e-04 9.992899980687645067e-01 -3.767449366680302586e-02 -2.311948873102664948e-02 -3.384264651685953140e-03 3.767292623987117395e-02 9.992843906968573719e-01 5.255684852600097656e-01
9.999668002168036196e-01 7.532306493387251741e-04 8.109435796880276950e-03 8.136070370674133301e-01 -4.290238237657124920e-04 9.992033043845806040e-01 -3.990671653538997027e-02 -2.349050156772136688e-02 -8.133034221827983856e-03 3.990191466836612300e-02 9.991705085052657864e-01 4.815900325775146484e-01
9.999654889106750488e-01 5.177682358740408330e-04 8.292791672236232703e-03 8.233851194381713867e-01 -1.809918139463982667e-04 9.991770968971706024e-01 -4.056011614468542359e-02 -2.251933328807353973e-02 -8.306968025863170624e-03 4.055721411482027250e-02 9.991426751867287237e-01 4.401695728302001953e-01
9.999962449073791504e-01 -5.587126272130465282e-05 2.751227733906362952e-03 8.452914357185363770e-01 1.586089357606783323e-04 9.993019862827436928e-01 -3.735643668040360132e-02 -1.996734179556369781e-02 -2.747220220044255257e-03 3.735673183304411005e-02 9.992982175335818340e-01 4.182104468345642090e-01
9.999985694886817100e-01 -5.732808880601912615e-04 -1.586593648516656683e-03 8.721058368682861328e-01 5.153802566636792037e-04 9.993424116220467335e-01 -3.625651048354765899e-02 -1.722061634063720703e-02 1.606335397809743881e-03 3.625563993304226074e-02 9.993412503280438841e-01 3.981998860836029053e-01
9.999961256980895996e-01 -3.312047153323539883e-04 -2.783777542290575158e-03 8.774826526641845703e-01 2.265573956701742026e-04 9.992962838191449260e-01 -3.750843858635007078e-02 -1.585536263883113861e-02 2.794241532683372498e-03 3.750766065672705984e-02 9.992924359881882879e-01 3.605830371379852295e-01
9.999985694886071030e-01 1.878488789596751796e-04 -1.649259707696440654e-03 9.320951104164123535e-01 -2.533471580338404749e-04 9.992074536287063324e-01 -3.980380254604340418e-02 -1.826099120080471039e-02 1.640475587919354439e-03 3.980416563170763311e-02 9.992061268226848370e-01 3.428788483142852783e-01
9.999990463256835938e-01 1.373274346368795473e-03 -2.126721981119266975e-04 9.671316146850585938e-01 -1.380807487294077873e-03 9.991664982558967623e-01 -4.079720604282611324e-02 -2.003519795835018158e-02 1.564691774547100067e-04 4.079746082425117493e-02 9.991674423217773438e-01 3.124302923679351807e-01
9.999982118606567383e-01 1.887366433650798344e-03 4.398486228484414502e-05 9.291574954986572266e-01 -1.884313300251960754e-03 9.992698956694285872e-01 -3.815962114281631207e-02 -1.974992081522941589e-02 -1.159739331342279911e-04 3.815947100520133972e-02 9.992716908454895020e-01 2.612494528293609619e-01
9.999991655349731445e-01 1.307142406914047449e-03 -1.374308208965888947e-04 9.070106148719787598e-01 -1.311240368522703648e-03 9.993518638933360787e-01 -3.597527806469275058e-02 -1.961452886462211609e-02 9.031692752614617348e-05 3.597542643547058105e-02 9.993526935577392578e-01 2.200400382280349731e-01
9.999995827675292048e-01 6.463903456306026394e-04 -6.033400138551051669e-04 9.360098242759704590e-01 -6.675157899381084503e-04 9.993624230844575518e-01 -3.569678170833596315e-02 -1.945013180375099182e-02 5.798813072033226490e-04 3.569717066934519067e-02 9.993624688334499240e-01 1.964982450008392334e-01
9.999995231628666659e-01 -3.722712913947660916e-04 -8.766202783667441985e-04 9.330658912658691406e-01 3.412385153352109207e-04 9.993824256508488935e-01 -3.513836054143616716e-02 -1.910205371677875519e-02 8.891598554328083992e-04 3.513804474673176692e-02 9.993820789052563214e-01 1.641485542058944702e-01
9.999985694890050070e-01 -1.369912636058776651e-03 -9.934306555240298136e-04 9.079430103302001953e-01 1.334618759582920089e-03 9.993969321716550391e-01 -3.469766366690504172e-02 -1.861719414591789246e-02 1.040364382788538933e-03 3.469628842075089814e-02 9.993973377596816476e-01 1.271060705184936523e-01
9.999976754197348328e-01 -1.943804315838239174e-03 -9.297934494385340712e-04 9.274179339408874512e-01 1.910298850318903341e-03 9.993933980415524720e-01 -3.477217110333694072e-02 -1.865403726696968079e-02 9.968198137357831001e-04 3.477031569703470382e-02 9.993948343299337012e-01 9.999356418848037720e-02
9.999981522562180203e-01 -1.849353186612252321e-03 5.617296704122686293e-04 9.434350132942199707e-01 1.867830414248330961e-03 9.993891454362238136e-01 -3.489843697598494360e-02 -1.974068395793437958e-02 -4.968469729647040367e-04 3.489942060119810563e-02 9.993907213937234246e-01 6.754329800605773926e-02
9.999947547964183059e-01 -1.530470004467868704e-03 2.859003914028373974e-03 1.009852409362792969e+00 1.621899333847931501e-03 9.994783089485651528e-01 -3.225568562194883887e-02 -2.179999649524688721e-02 -2.808146178722381592e-03 3.226015319356401179e-02 9.994755407783273427e-01 4.768669605255126953e-02
9.999955296561680029e-01 -1.696585397011040599e-03 2.460476331064391682e-03 1.033529877662658691e+00 1.765986403311103903e-03 9.995927241870705693e-01 -2.848400956522462515e-02 -2.273807302117347717e-02 -2.411148510873317719e-03 2.848822685020013790e-02 9.995912325314613156e-01 2.760146930813789368e-02
9.999991655350584097e-01 -1.196293012131975078e-03 5.589913838201116545e-04 1.027426362037658691e+00 1.210159361455201421e-03 9.996740387347075041e-01 -2.550159037372060067e-02 -2.083184942603111267e-02 -5.283018108457326889e-04 2.550224469575312902e-02 9.996746182829454597e-01 5.491837859153747559e-03
9.999993443490140521e-01 -8.644852808444299748e-04 -7.812321565763280518e-04 9.951624274253845215e-01 8.470316919961737301e-04 9.997560233177381628e-01 -2.207189710213781214e-02 -1.935742609202861786e-02 8.001223905012011528e-04 2.207122085355894825e-02 9.997560978661788056e-01 -1.336388848721981049e-02
9.999990463257368845e-01 -3.155504368817740293e-04 -1.347048592259591192e-03 1.003014087677001953e+00 2.901594587105052470e-04 9.998230264379478482e-01 -1.880810985200502203e-02 -1.872864179313182831e-02 1.352745224721729755e-03 1.880770171488654885e-02 9.998221995028018227e-01 -2.588101103901863098e-02
9.999995827675078885e-01 -3.510376899777466566e-04 8.748130277809474655e-04 1.043998241424560547e+00 3.642699891890158193e-04 9.998848486380607081e-01 -1.517188271808960452e-02 -2.063557878136634827e-02 -8.693863637745380402e-04 1.517219485144605251e-02 9.998845458442318090e-01 -3.246764838695526123e-02
9.999952912333398558e-01 -2.292767535999059669e-04 3.051529349110562381e-03 1.059285283088684082e+00 2.667010236739181250e-04 9.999246697096051406e-01 -1.226935189891903942e-02 -2.183495089411735535e-02 -3.048486541956663132e-03 1.227010856134191918e-02 9.999200705213482365e-01 -3.815687820315361023e-02
9.999941587482119587e-01 -1.107209795814094802e-03 3.238614698156374629e-03 1.079259514808654785e+00 1.137699387275578622e-03 9.999549139504084749e-01 -9.427745983300268862e-03 -2.327030710875988007e-02 -3.228030167520046234e-03 9.431375643078332427e-03 9.999503495614803228e-01 -4.288620874285697937e-02
9.999963641197737729e-01 -1.637530447226674419e-03 2.151808835147482266e-03 1.100670576095581055e+00 1.653737833817003899e-03 9.999701052384410982e-01 -7.551889970280907700e-03 -2.385619282722473145e-02 -2.139378106221556664e-03 7.555421092709790898e-03 9.999691844633176174e-01 -4.737701267004013062e-02
9.999933838934111918e-01 -1.929823679773787605e-03 3.084095622646575163e-03 1.113932013511657715e+00 1.947100768249630798e-03 9.999823906538091167e-01 -5.608854766219330962e-03 -2.359957993030548096e-02 -3.073217114433646202e-03 5.614822834098781579e-03 9.999795556809374375e-01 -5.129423737525939941e-02
9.999937415181037181e-01 -1.500120942088830527e-03 3.204661625435963578e-03 1.091371893882751465e+00 1.512645091264266939e-03 9.999911974601278786e-01 -3.909251972949342492e-03 -2.259920351207256317e-02 -3.198769176378846169e-03 3.914074932058475564e-03 9.999871850407870966e-01 -5.224087089300155640e-02
9.999945163776082779e-01 -1.501632041834340603e-03 2.960503687573828781e-03 1.074097275733947754e+00 1.510002133659399393e-03 9.999948866448131746e-01 -2.827045920280001328e-03 -2.133478224277496338e-02 -2.956243231892585754e-03 2.831500741812376098e-03 9.999916553671077679e-01 -5.229961127042770386e-02
9.999966621423901358e-01 -1.511332304357291319e-03 2.102060298556872580e-03 1.075883030891418457e+00 1.516341496534102939e-03 9.999960140862038660e-01 -2.383436066736105419e-03 -2.063488215208053589e-02 -2.098449738696217537e-03 2.386615470500758063e-03 9.999949336115037113e-01 -5.389636754989624023e-02
9.999970793744950015e-01 -1.584495976160139484e-03 1.842149093412128900e-03 1.049021720886230469e+00 1.587135163926556292e-03 9.999977392151784272e-01 -1.432083525735041449e-03 -1.954336836934089661e-02 -1.839875709265470505e-03 1.435003060354128612e-03 9.999973177926761991e-01 -5.261715501546859741e-02
9.999980330476176960e-01 -1.179778387317149740e-03 1.592000980068334964e-03 1.046716213226318359e+00 1.181990058536988575e-03 9.999983336852232840e-01 -1.389015370847532325e-03 -1.947192102670669556e-02 -1.590359606780111790e-03 1.390894414517625244e-03 9.999977946293370223e-01 -5.436499416828155518e-02
9.999994039535842205e-01 -1.054324501590059348e-03 2.844878141968991804e-04 1.038356661796569824e+00 1.054796676610604556e-03 9.999980931486925906e-01 -1.664854423077524953e-03 -1.899636164307594299e-02 -2.827319549396634102e-04 1.665153441419986446e-03 9.999985694886071030e-01 -5.646352469921112061e-02
9.999991059304562668e-01 -5.841510238021789623e-04 -1.186425060857040177e-03 1.046665906906127930e+00 5.811308428563116690e-04 9.999966007798560819e-01 -2.544353246216280937e-03 -1.834775134921073914e-02 1.187907299026846886e-03 2.543661553847165191e-03 9.999960660957469827e-01 -6.097315624356269836e-02
9.999991655350193298e-01 -3.759424277136477429e-04 -1.256885701305531997e-03 1.066991329193115234e+00 3.722870631673591557e-04 9.999957071045032508e-01 -2.907248376586386938e-03 -1.893226802349090576e-02 1.257973257452249527e-03 2.906777971944635164e-03 9.999949932131180219e-01 -6.588970124721527100e-02
9.999998807907104492e-01 -5.449096740407139740e-04 2.201126889582585085e-04 1.088177561759948730e+00 5.455453065223991871e-04 9.999957088115981607e-01 -2.898105297907263306e-03 -2.000282518565654755e-02 -2.185325138270854950e-04 2.898224862292408943e-03 9.999958276748657227e-01 -7.082845270633697510e-02
9.999972581873102229e-01 -8.835928722063848004e-04 2.160798287725559756e-03 1.100642323493957520e+00 8.908480186370915099e-04 9.999939267891970740e-01 -3.358961279427902409e-03 -2.202554419636726379e-02 -2.157817361876368523e-03 3.360877149953631071e-03 9.999920129907629018e-01 -7.698085159063339233e-02
9.999986290933193800e-01 -4.901294225340888360e-04 1.589327082453217835e-03 1.110489249229431152e+00 4.954777160446309503e-04 9.999942209990128061e-01 -3.366484455177563059e-03 -2.188949845731258392e-02 -1.587667851708829403e-03 3.367267292353412489e-03 9.999930858682937185e-01 -8.150684088468551636e-02
9.999982118607597670e-01 -4.169974283735926259e-04 1.857228201707696600e-03 1.098672509193420410e+00 4.213314671138723710e-04 9.999972004077493093e-01 -2.333823900469659401e-03 -2.119406312704086304e-02 -1.856249757111072540e-03 2.334602099816326937e-03 9.999955296563811658e-01 -8.169490098953247070e-02
9.999973773956298828e-01 -2.216996793524950008e-04 2.281025753210568462e-03 1.096149682998657227e+00 2.244812137067730973e-04 9.999992853687627026e-01 -1.219243866219849818e-03 -2.028053626418113708e-02 -2.280753571540117264e-03 1.219752654589262297e-03 9.999966621417684109e-01 -8.093826472759246826e-02
9.999993443489074707e-01 -1.955690657182096394e-04 1.147473777494416054e-03 1.106860518455505371e+00 1.967113223067841477e-04 9.999995233875437206e-01 -9.954277659215248885e-04 -1.980147138237953186e-02 -1.147278468124568462e-03 9.956527958251276678e-04 9.999988675120619064e-01 -8.152893185615539551e-02
9.999997019767761230e-01 5.130941898858117496e-05 -7.915925254192291002e-04 1.129018545150756836e+00 -5.225701795681311768e-05 9.999992847937803075e-01 -1.197104073882441664e-03 -1.958858594298362732e-02 7.915305322967469692e-04 1.197145080113280746e-03 9.999989867212519812e-01 -8.372968435287475586e-02
9.999949932101337424e-01 3.955774279779963962e-04 -3.147262851214574150e-03 1.160110592842102051e+00 -4.002043852617855058e-04 9.999988693641715942e-01 -1.469659593200256390e-03 -1.947210915386676788e-02 3.146677743643522263e-03 1.470911723075687960e-03 9.999939799361854398e-01 -8.705549687147140503e-02
9.999940991405154023e-01 2.821356648653206033e-04 -3.421275616042568184e-03 1.166926741600036621e+00 -2.867011486551648836e-04 9.999990476350807400e-01 -1.334020924171256881e-03 -1.940467767417430878e-02 3.420896129682660103e-03 1.334993985359383961e-03 9.999932646803628700e-01 -8.788974583148956299e-02
9.999986290931701660e-01 -2.054777319353974345e-05 -1.672019663002328235e-03 1.167150020599365234e+00 1.883475088999483904e-05 9.999994635259329412e-01 -1.024532541440240823e-03 -1.984546333551406860e-02 1.672039856202900410e-03 1.024499644464306469e-03 9.999980926521025992e-01 -8.856644481420516968e-02
9.999997615814315566e-01 -5.755610402521460587e-04 3.327554477496212962e-04 1.161863207817077637e+00 5.757484125458629809e-04 9.999996424800031702e-01 -5.632445157354055163e-04 -2.065709233283996582e-02 -3.324311692267656326e-04 5.634359795973591101e-04 9.999997615814315566e-01 -8.740030974149703979e-02
9.999993443489927358e-01 -6.263881197667304623e-04 9.551894117335817504e-04 1.152775168418884277e+00 6.268023784058440739e-04 9.999997022365963995e-01 -4.334522960853945612e-04 -2.047563716769218445e-02 -9.549176320433616638e-04 4.340507115851433007e-04 9.999994039536090895e-01 -8.640242367982864380e-02
9.999998211860656738e-01 -5.595856074080360083e-04 6.600829445657451595e-05 1.154204368591308594e+00 5.596231785602867603e-04 9.999996423931329925e-01 -5.703940810754062635e-04 -2.050525695085525513e-02 -6.568909157067537308e-05 5.704309442080557346e-04 9.999998211860656738e-01 -8.781107515096664429e-02
9.999991655350584097e-01 -4.877708747700538658e-04 -1.212538509930988478e-03 1.137938618659973145e+00 4.873068253491916191e-04 9.999998209600938770e-01 -3.829776540581666250e-04 -1.986911892890930176e-02 1.212725066579878330e-03 3.823864565482282263e-04 9.999992251396605525e-01 -8.654711395502090454e-02
9.999985098839658804e-01 -3.960426038415000094e-04 -1.691297135235136050e-03 1.152799248695373535e+00 3.962550115319263266e-04 9.999999404797476066e-01 1.252573276606929408e-04 -2.008470147848129272e-02 1.691247336566448212e-03 -1.259273212173561696e-04 9.999985694885253906e-01 -8.672231435775756836e-02
9.999995231628844294e-01 -4.857043538440760527e-04 -8.235071769594188131e-04 1.156403660774230957e+00 4.857867906874098474e-04 9.999998808308415699e-01 9.992144827712312540e-05 -2.051604539155960083e-02 8.234585402533411980e-04 -1.003214497832111141e-04 9.999996423721313477e-01 -8.699146658182144165e-02
9.999995827675078885e-01 -3.331020436717502405e-04 -8.185140096663618987e-04 1.168638348579406738e+00 3.328369904221500919e-04 9.999998807025274328e-01 -3.239311410672860662e-04 -2.045924589037895203e-02 8.186218328773975372e-04 3.236585769011285363e-04 9.999995827675078885e-01 -8.928978443145751953e-02
9.999995231628417969e-01 -1.717780791257401745e-04 -9.660345691250760061e-04 1.175131916999816895e+00 1.708006079309126735e-04 9.999994633912425712e-01 -1.011832802011180610e-03 -2.042512409389019012e-02 9.662078809924423695e-04 1.011667290726769863e-03 9.999989867212946137e-01 -9.306580573320388794e-02
9.999759793281555176e-01 -1.993317685405812385e-04 -6.929717713399335434e-03 1.192582368850708008e+00 1.992698971250601858e-04 9.999999999886244328e-01 -9.618582221332941861e-06 -1.929651387035846710e-02 6.929719354957342148e-03 8.237466713557906051e-06 9.999759793281555176e-01 -9.100671857595443726e-02
9.999302029651246926e-01 -3.469002843115842334e-04 -1.181138574779227665e-02 1.183624267578125000e+00 3.401141431897680700e-04 9.999997592812553959e-01 -5.765472114957069689e-04 -1.790372282266616821e-02 1.181158330291509628e-02 5.724897528789837930e-04 9.999300837641484918e-01 -8.825134485960006714e-02
9.999573826840517654e-01 -4.577990606298482004e-04 -9.220607583911424876e-03 1.180196523666381836e+00 4.482883776867375991e-04 9.999993400936945109e-01 -1.033500960964695318e-03 -1.741106621921062469e-02 9.221075102686882019e-03 1.029323463249486037e-03 9.999569654692699316e-01 -9.085834771394729614e-02
9.999944567724128319e-01 -1.363551239644367240e-03 -3.021997691391407892e-03 1.182974696159362793e+00 1.361014594220832929e-03 9.999986852535646120e-01 -8.412854412194846606e-04 -1.917256787419319153e-02 3.023141063749790192e-03 8.371678408402444260e-04 9.999950528161249963e-01 -9.296560287475585938e-02
9.999964237243830212e-01 -1.707183191838709119e-03 2.074344190233956726e-03 1.176285982131958008e+00 1.708434604814484947e-03 9.999983928185528503e-01 -6.016598104785748176e-04 -2.125553227961063385e-02 -2.073313575237989426e-03 6.052015052295661723e-04 9.999976754192374528e-01 -9.383135288953781128e-02
9.999837279482832741e-01 -1.455208005290218069e-03 5.511380201364905404e-03 1.163758516311645508e+00 1.459971464149237286e-03 9.999985764751723183e-01 -8.603805008464506833e-04 -2.220604754984378815e-02 -5.510120186954736710e-03 8.684129708305954320e-04 9.999844431931492750e-01 -9.692788869142532349e-02
9.999954104443133929e-01 -9.966539410260796643e-04 2.868557527393350657e-03 1.170681476593017578e+00 9.979889428827007358e-04 9.999994052899098262e-01 -4.639939348499107002e-04 -2.208925597369670868e-02 -2.868093317374587059e-03 4.668545742628361223e-04 9.999957680707112218e-01 -9.923189133405685425e-02
9.999983906747687001e-01 -4.957628455600215922e-04 -1.730376782892707310e-03 1.203330159187316895e+00 4.934902749158288915e-04 9.999990452044493772e-01 -1.313513210733535967e-03 -2.081865631043910980e-02 1.731026219204068184e-03 1.312657166035291478e-03 9.999976754200972096e-01 -1.052032932639122009e-01
9.999902248394079152e-01 -5.309235314863854863e-04 -4.392852157938438411e-03 1.214978456497192383e+00 5.276935676301469647e-04 9.999995810656800987e-01 -7.364062886891530914e-04 -1.979923434555530548e-02 4.393241368234157562e-03 7.340809809741541403e-04 9.999900460272002078e-01 -1.043427661061286926e-01
9.999954700482582837e-01 -7.373441955055969749e-04 -2.909054304321944708e-03 1.231660723686218262e+00 7.339936934584213868e-04 9.999990438685472105e-01 -1.152647999911586823e-03 -1.997131109237670898e-02 2.909901551902294159e-03 1.150507616876871031e-03 9.999951124219030874e-01 -1.081126704812049866e-01
