0.000000000000000000e+00 0.000000000000000000e+00 0.000000000000000000e+00 0.000000000000000000e+00 0.000000000000000000e+00 0.000000000000000000e+00 0.000000000000000000e+00 0.000000000000000000e+00 0.000000000000000000e+00 0.000000000000000000e+00 0.000000000000000000e+00 0.000000000000000000e+00
9.999982879807158831e-01 -6.065278428080446393e-06 1.850405050089447192e-03 -2.361418155487626791e-04 7.303419126648647197e-06 9.999997761173901045e-01 -6.691127182258451442e-04 -1.990504562854766846e-02 -1.850400577460999466e-03 6.691250869756032752e-04 9.999980641427866912e-01 9.980639219284057617e-01
9.999972307151455686e-01 -3.465555858591821492e-04 2.327758850447451261e-03 2.384788240306079388e-04 3.485439613067356436e-04 9.999995747282892644e-01 -8.538503075372947488e-04 -3.863791376352310181e-02 -2.327461953923898059e-03 8.546592692732719919e-04 9.999969262344692300e-01 1.990871429443359375e+00
9.999989387911929484e-01 -3.618964683499914449e-04 -1.411186534132310901e-03 -1.417829480487853289e-04 3.605428323600654667e-04 9.999994748235017106e-01 -9.593547762043170115e-04 -5.724877119064331055e-02 1.411532980115711529e-03 9.588449649385750442e-04 9.999985440944297865e-01 3.021084308624267578e+00
9.999610421575294561e-01 -4.701904650291400558e-05 -8.826774973722563422e-03 -5.596366972895339131e-03 4.711255124892276230e-05 9.999999988362756609e-01 1.038537831188901901e-05 -7.508960552513599396e-02 8.826774475140044401e-03 -1.080082560826896232e-05 9.999610432090377810e-01 4.090411424636840820e+00
9.999339637570033856e-01 9.672160613666959492e-05 -1.149168265044956533e-02 -1.216422513243742287e-02 -8.391104641587062156e-05 9.999993745936855971e-01 1.115244894118756942e-03 -9.307389892637729645e-02 1.149178333175606900e-02 -1.114206968419649774e-03 9.999333465079996985e-01 5.167993426322937012e+00
9.999478556619175729e-01 -2.568125229948033149e-04 -1.020881993477838583e-02 -1.870116012287326157e-02 2.809263795360372826e-04 9.999971740903451645e-01 2.360697289606430559e-03 -1.110940463840961456e-01 1.020818482894859762e-02 -2.363442119432463805e-03 9.999451020450302874e-01 6.211325883865356445e+00
9.999718990412219677e-01 -7.043960780037517152e-04 -7.463575152529457017e-03 -2.378993321326561272e-02 7.299193433461246324e-04 9.999938938056909254e-01 3.417538454030652831e-03 -1.285854429006576538e-01 7.461122277805889123e-03 -3.422890225797782428e-03 9.999663071708254636e-01 7.204353332519531250e+00
9.999773187121093754e-01 -7.741472183511798966e-04 -6.690497546877751528e-03 -2.963195953634567559e-02 8.014667919199298333e-04 9.999913489626089946e-01 4.081623564600749335e-03 -1.461747381836175919e-01 6.687279889604416140e-03 -4.086893199726864684e-03 9.999692883242226049e-01 8.222922801971435547e+00
9.999701943163353812e-01 -3.128147641500235486e-04 -7.714442680699666946e-03 -3.505648605641908944e-02 3.453657487085745603e-04 9.999910423863969111e-01 4.218515078412816977e-03 -1.640064809471368790e-01 7.713053963903654039e-03 -4.221053646959144895e-03 9.999613450052253771e-01 9.264405250549316406e+00
9.999467482883542813e-01 1.700017184159593998e-04 -1.031851185793797657e-02 -4.248680852469988167e-02 -1.208051972020562182e-04 9.999886246376945564e-01 4.768228320485989533e-03 -1.811853181570768356e-01 1.031920508813542227e-02 -4.766727874306576906e-03 9.999353940688975317e-01 1.029990935325622559e+01
9.999168272441708583e-01 5.103050532127557763e-04 -1.288713244689043171e-02 -5.177219983306713402e-02 -4.393083338531442563e-04 9.999847159146080244e-01 5.511346964974008118e-03 -1.982651818543672562e-01 1.288974794706389260e-02 -5.505227146375211988e-03 9.999017686112611214e-01 1.134335815906524658e+01
9.998948047128981553e-01 7.915563775184621381e-04 -1.448285008748484946e-02 -6.206249565002508461e-02 -7.002919002981694780e-04 9.999798746654264825e-01 6.305541639886414265e-03 -2.161039803177118301e-01 1.448754980698002161e-02 -6.294736104013775452e-03 9.998752358159347375e-01 1.243665397167205811e+01
9.998796304921451217e-01 9.291371687940702109e-04 -1.548745398743975321e-02 -7.379328578826971352e-02 -8.164062537884387129e-04 9.999731410546269794e-01 7.283587726661378860e-03 -2.343101408332586288e-01 1.549380546283814913e-02 -7.270066950500695020e-03 9.998535333331651787e-01 1.355315375328063965e+01
9.998784076323156134e-01 6.277973727818661736e-04 -1.558126506814066191e-02 -8.707594804582186043e-02 -4.977203132321950628e-04 9.999650078186130830e-01 8.350773186415336863e-03 -2.538469769060611725e-01 1.558596243915428767e-02 -8.342002684001335877e-03 9.998437321732158711e-01 1.470652425289154053e+01
9.998865131151506436e-01 1.235071956885094727e-04 -1.506471494579999029e-02 -1.003940461960155517e-01 1.801549639882532729e-05 9.999558769512341128e-01 9.393818506350518766e-03 -2.730180956423282623e-01 1.506521044882831728e-02 -9.393023829469248839e-03 9.998423928487287782e-01 1.579953718185424805e+01
9.998896343081967730e-01 -2.742630588396536488e-04 -1.485408976663176242e-02 -1.155057663854677230e-01 4.336169926060058025e-04 9.999423830195830476e-01 1.072579215820928730e-02 -2.913797758519649506e-01 1.485029223026677891e-02 -1.073104938447011665e-02 9.998321426118406130e-01 1.689229178428649902e+01
9.998859048136643501e-01 -3.359830174339247856e-04 -1.510180354698841335e-02 -1.326301212247926742e-01 5.220428819837995933e-04 9.999239927980982934e-01 1.231812071453666953e-02 -3.088313117623329163e-01 1.509651702179035278e-02 -1.232459906530526325e-02 9.998100816813613179e-01 1.796570551395416260e+01
9.998799942647244032e-01 -2.819225577734371267e-04 -1.548927334790632139e-02 -1.510902720328886062e-01 4.951165639489363583e-04 9.999051784408399257e-01 1.376186712551617786e-02 -3.259819429367780685e-01 1.548392485007745074e-02 -1.376788461833109573e-02 9.997853236692233470e-01 1.904289543628692627e+01
9.998657546783364936e-01 9.337644644837807153e-05 -1.638486809101641350e-02 -1.688763483252841979e-01 1.468460715299506737e-04 9.998925340507281989e-01 1.465942651826768195e-02 -3.424322027713060379e-01 1.638447612076856727e-02 -1.465986461235103608e-02 9.997582894439013268e-01 2.007942616939544678e+01
9.998430918775779164e-01 5.769085525271425282e-04 -1.770476775355517979e-02 -1.879754031833726913e-01 -3.030378804449751517e-04 9.998803245470769818e-01 1.546753864306986241e-02 -3.586109448224306107e-01 1.771157228278510964e-02 -1.545974644532908081e-02 9.997236100278505955e-01 2.110570025444030762e+01
9.998012145095013237e-01 1.141127998075800202e-03 -1.990550909216183204e-02 -2.067146378394681960e-01 -8.262073436486499275e-04 9.998744855951053889e-01 1.582183419672688815e-02 -3.736454807221889496e-01 1.992106540201680001e-02 -1.580224296786449448e-02 9.996766678633813852e-01 2.210718858242034912e+01
9.997680872844786348e-01 1.619436663200265027e-03 -2.147438177059397130e-02 -2.244512087490875274e-01 -1.275859040121780962e-03 9.998711221291528561e-01 1.600347824376368785e-02 -3.880681339651346207e-01 2.149753081740029409e-02 -1.597236854955335142e-02 9.996413054749549998e-01 2.309036403894424438e+01
9.997416249337254257e-01 2.283162767899573394e-03 -2.261571450671825620e-02 -2.416652760293800384e-01 -1.920302948190986481e-03 9.998692929566974641e-01 1.605333108301628536e-02 -4.020485179498791695e-01 2.264941084137241795e-02 -1.600575427929108729e-02 9.996153360260583431e-01 2.406144177913665771e+01
9.997200061239684965e-01 2.979499573009391708e-03 -2.347406947648595504e-02 -2.592859419819433242e-01 -2.592497725843129555e-03 9.998605117928263120e-01 1.649957311353201714e-02 -4.159980816766619682e-01 2.351995559166621813e-02 -1.643409686236901868e-02 9.995882813185058557e-01 2.502498525381088257e+01
9.996841754791269130e-01 3.664919494112853487e-03 -2.486197220092787458e-02 -2.762852667656261474e-01 -3.251454248197503324e-03 9.998560838066097300e-01 1.665051711453943012e-02 -4.297706745564937592e-01 2.491941696528867864e-02 -1.656442090781816770e-02 9.995522210560580101e-01 2.598494488000869751e+01
9.996198719901109309e-01 4.347669755239562048e-03 -2.722515913954662997e-02 -2.951910349365789443e-01 -3.896385077709922738e-03 9.998544992347017102e-01 1.660718348939163591e-02 -4.448424167931079865e-01 2.729340040743299250e-02 -1.649479092997234442e-02 9.994913667292860682e-01 2.701790338754653931e+01
9.995133613225639646e-01 5.170490068337326925e-03 -3.076209632198287011e-02 -3.122563364740926772e-01 -4.695861862242045083e-03 9.998691308068906602e-01 1.548128356576919037e-02 -4.601824022829532623e-01 3.083811633418078249e-02 -1.532929521948871512e-02 9.994068357225865951e-01 2.809631568193435669e+01
9.994138849235995048e-01 5.861149984847279643e-03 -3.372734117557036476e-02 -3.277375523757655174e-01 -5.390133198505198467e-03 9.998869138056700745e-01 1.403944672253992602e-02 -4.760292619466781616e-01 3.380581438185702864e-02 -1.384942312978377013e-02 9.993324573899077246e-01 2.921131867170333862e+01
9.993808955980421072e-01 6.298675304350687988e-03 -3.461433522495305920e-02 -3.427462291729170829e-01 -5.852233921621451118e-03 9.998985809617114695e-01 1.298380332884613124e-02 -4.935111142694950104e-01 3.469260543374750455e-02 -1.277319381227324212e-02 9.993164006700041568e-01 3.035260957479476929e+01
9.993960029882221763e-01 6.237621138997915225e-03 -3.418656598273298736e-02 -3.581616350274998695e-01 -5.801190102750457787e-03 9.999006003107772100e-01 1.285051327920618165e-02 -5.118662714958190918e-01 3.426332448197606101e-02 -1.264442883935967474e-02 9.993328489621310373e-01 3.149301451444625854e+01
9.994250174989504076e-01 6.055062939230019224e-03 -3.336121415693017039e-02 -3.751321651798207313e-01 -5.617845940878227542e-03 9.998973092140778229e-01 1.318373366809811285e-02 -5.306789483875036240e-01 3.343761660476346487e-02 -1.298873509040617859e-02 9.993564021691880850e-01 3.264125531911849976e+01
9.994306334644800227e-01 6.001796813689037370e-03 -3.320221871795853152e-02 -3.923531447362620384e-01 -5.551775926770748798e-03 9.998917004686598275e-01 1.362956778297493184e-02 -5.486117806285619736e-01 3.328042482972374400e-02 -1.343747628459196833e-02 9.993557162263365656e-01 3.372427946329116821e+01
9.994218216959656065e-01 5.881470555676391807e-03 -3.348776824484279990e-02 -4.108481642615515739e-01 -5.405827304263849560e-03 9.998834744960323206e-01 1.427636021185972950e-02 -5.660227648913860321e-01 3.356783205799959702e-02 -1.408707683818781996e-02 9.993371577786351878e-01 3.477018576860427856e+01
9.994152261729740694e-01 5.731914509943202528e-03 -3.370980346537061356e-02 -4.305990778666455299e-01 -5.217734380701464190e-03 9.998690068048290414e-01 1.532137327583091638e-02 -5.831310320645570755e-01 3.379320851229808409e-02 -1.513652493723716304e-02 9.993142171866008505e-01 3.579268878698348999e+01
9.994053196369859782e-01 5.542893650150425809e-03 -3.403356301178536020e-02 -4.511448622506577522e-01 -4.981034714223172427e-03 9.998502742053795300e-01 1.657161623388433286e-02 -5.993663445115089417e-01 3.412032201591518044e-02 -1.639223906031623060e-02 9.992832922270439289e-01 3.677427923679351807e+01
9.993817924736250191e-01 5.411160020299402712e-03 -3.473833933047340561e-02 -4.722011287522036582e-01 -4.793644097064725731e-03 9.998294532298346304e-01 1.783494968875625267e-02 -6.146852811798453331e-01 3.482892258561953724e-02 -1.765740075335279005e-02 9.992372903120461114e-01 3.769558036327362061e+01
9.993321691449260635e-01 5.369949784209937169e-03 -3.614387017755534698e-02 -4.917047948401886970e-01 -4.690700017789117306e-03 9.998112898597918408e-01 1.885157824274786079e-02 -6.290771244093775749e-01 3.623828149126313153e-02 -1.866944852464568969e-02 9.991687738547205822e-01 3.854377436637878418e+01
9.992864910710241855e-01 5.259670879643705242e-03 -3.740113133580037774e-02 -5.096441277128178626e-01 -4.531272103839744346e-03 9.997989351040891259e-01 1.953348248138212298e-02 -6.430121688172221184e-01 3.749635097020674601e-02 -1.935007046414370310e-02 9.991094026366440506e-01 3.932223445177078247e+01
9.992642255150046005e-01 5.096217772288837156e-03 -3.801363137501453243e-02 -5.266267501574475318e-01 -4.332466389508767349e-03 9.997876435003184570e-01 2.014690147551155552e-02 -6.569275492802262306e-01 3.810823193067160164e-02 -1.996738511917873007e-02 9.990741044540292215e-01 4.004687380790710449e+01
9.992654519114068101e-01 4.824301712501614589e-03 -3.801687427023162091e-02 -5.430010177951771766e-01 -4.034467143040307811e-03 9.997749897991310419e-01 2.082529344376615743e-02 -6.703778998926281929e-01 3.810878758453977583e-02 -2.065661843414830223e-02 9.990600704780980834e-01 4.071011835336685181e+01
9.992781563765271713e-01 4.486967717017431231e-03 -3.772311372931967666e-02 -5.599253115069586784e-01 -3.683156000563194386e-03 9.997652621704907761e-01 2.135075921472862764e-02 -6.841951152309775352e-01 3.781005885481082684e-02 -2.119640719264110490e-02 9.990601141930947060e-01 4.135558867454528809e+01
9.992751308289692380e-01 4.223002068275910105e-03 -3.783357186782227571e-02 -5.770673204970080405e-01 -3.396393227717793128e-03 9.997546982818900085e-01 2.188624628231060354e-02 -6.979917967692017555e-01 3.791671689095784531e-02 -2.174188392983871995e-02 9.990443498981376180e-01 4.198323613405227661e+01
9.992268011623738344e-01 3.984393652920832120e-03 -3.911424863177669076e-02 -5.963283323508221656e-01 -3.107293082894554189e-03 9.997429291235557791e-01 2.245930535769000494e-02 -7.120024263858795166e-01 3.919368021131564711e-02 -2.232040041467741112e-02 9.989823097316696821e-01 4.263413977622985840e+01
9.991910799877787852e-01 3.827770694464375199e-03 -4.003166052472505870e-02 -6.145664744835812598e-01 -2.919274754912701709e-03 9.997374162350405324e-01 2.272831746062048061e-02 -7.257921332493424416e-01 4.010814764809713523e-02 -2.259306865381540200e-02 9.989398829464375407e-01 4.326377969980239868e+01
9.991972644124913483e-01 3.666022278002801019e-03 -3.989219311157026632e-02 -6.322395254683215171e-01 -2.753888419808028527e-03 9.997340604796395303e-01 2.289594757732747385e-02 -7.398596489802002907e-01 3.996552125476252049e-02 -2.276770953674672401e-02 9.989416341875462235e-01 4.389173603057861328e+01
9.992280490297735795e-01 3.416842954982392874e-03 -3.913606030725948204e-02 -6.507357072841841727e-01 -2.516247573545775645e-03 9.997314213684063144e-01 2.303809078145461695e-02 -7.547774622216820717e-01 3.920426673591904942e-02 -2.292183048813742352e-02 9.989682753505098045e-01 4.455005854368209839e+01
9.992433579005979283e-01 3.246702750601228489e-03 -3.875784582232048164e-02 -6.679444716137368232e-01 -2.368743743284169433e-03 9.997400401372633638e-01 2.267688689881652495e-02 -7.699333680793642998e-01 3.882139544910999385e-02 -2.256792120671070531e-02 9.989912853412643567e-01 4.522477066516876221e+01
9.992096047538792103e-01 3.069388982154378810e-03 -3.963262064099094817e-02 -6.816404585551936179e-01 -2.233309036873501376e-03 9.997743939765788568e-01 2.112281892906924669e-02 -7.847582548856735229e-01 3.968851343074331073e-02 -2.101761166357053387e-02 9.989910319425380214e-01 4.592442333698272705e+01
9.990645780093455608e-01 3.261466491850527078e-03 -4.311996989018845872e-02 -6.944556667294818908e-01 -2.414876097202552259e-03 9.998035926855136646e-01 1.967090304420770347e-02 -7.988922260701656342e-01 4.317565680384471971e-02 -1.954837306432420999e-02 9.988762304560534488e-01 4.666431492567062378e+01
9.988208154279539785e-01 3.487097523638917583e-03 -4.842332928142998455e-02 -7.050960439082700759e-01 -2.640676638987257858e-03 9.998428051308625442e-01 1.753259407322078217e-02 -8.124607130885124207e-01 4.847685524789609179e-02 -1.738404955436623212e-02 9.986730142175496150e-01 4.744115287065505981e+01
9.986505595152515014e-01 3.936926061476067606e-03 -5.178378697103543093e-02 -7.122678242449183017e-01 -3.148774567569214301e-03 9.998780998504021023e-01 1.529283028977348330e-02 -8.259158171713352203e-01 5.183768126177846353e-02 -1.510913805402725602e-02 9.985412203553073462e-01 4.820848059654235840e+01
9.985280986665548975e-01 4.528197507273109233e-03 -5.404749393533270913e-02 -7.177531502966303378e-01 -3.818167929891442842e-03 9.999051478163117901e-01 1.323317664428637006e-02 -8.398647326976060867e-01 5.410228985000403029e-02 -1.300733630590304030e-02 9.984506755144247903e-01 4.897214096784591675e+01
9.983401994882757924e-01 5.483698006987847325e-03 -5.733040329422113557e-02 -7.207777623843867332e-01 -4.869642266592554003e-03 9.999293332839729320e-01 1.084504598721587436e-02 -8.537628920748829842e-01 5.738582289995761143e-02 -1.054786681929428295e-02 9.982963537124920350e-01 4.975337016582489014e+01
9.981779277512503601e-01 6.592500419688832568e-03 -5.997802504614387770e-02 -7.194166265253443271e-01 -6.148767572999591646e-03 9.999523683965435561e-01 7.579815002786036322e-03 -8.681041896343231201e-01 6.002513813022581496e-02 -7.197213096722517196e-03 9.981709186888223506e-01 5.055863881111145020e+01
9.980682424338245262e-01 7.230229310706406259e-03 -6.170500165441097223e-02 -7.138393407512921840e-01 -7.024181427016909680e-03 9.999690091272624981e-01 3.555511260167189790e-03 -8.830605037510395050e-01 6.172879652428524266e-02 -3.115215747813778521e-03 9.980880978703773332e-01 5.135453593730926514e+01
9.979765339075897801e-01 7.348127927651778614e-03 -6.315728608602644290e-02 -7.023576440114993602e-01 -7.466534364528427774e-03 9.999707818951775185e-01 -1.638969350159465545e-03 -8.984194407239556313e-01 6.314339739336680135e-02 2.107218998184587615e-03 9.980022399742982664e-01 5.214385390281677246e+01
9.979381006991616676e-01 7.427522173598997794e-03 -6.375248298937365166e-02 -6.860285902221221477e-01 -7.910569719039082723e-03 9.999418610670318674e-01 -7.327849106030941834e-03 -9.143636198714375496e-01 6.369434872631875300e-02 7.817058280531861622e-03 9.979388375748129425e-01 5.292352324724197388e+01
9.979876214963238068e-01 7.238129023755620998e-03 -6.299457776940513287e-02 -6.652914153237361461e-01 -8.068248609192052792e-03 9.998838105392577891e-01 -1.293324343983019362e-02 -9.310140805318951607e-01 6.289364597867129481e-02 1.341547277322371369e-02 9.979300648771839422e-01 5.369241940975189209e+01
9.981296174315484881e-01 6.788016325186203501e-03 -6.075516142945992099e-02 -6.389960551459807903e-01 -7.938625918869941442e-03 9.997933016090538860e-01 -1.871716528183481679e-02 -9.482069360092282295e-01 6.061555101185648470e-02 1.916446952138988608e-02 9.979771931680064823e-01 5.443758976459503174e+01
9.981868748401898639e-01 5.881093448051086248e-03 -5.990305198093342359e-02 -6.083452382881660014e-01 -7.393107317025806105e-03 9.996588430695936278e-01 -2.505073725383552899e-02 -9.648886648938059807e-01 5.973528991286523870e-02 2.544818682376122354e-02 9.978898160250002647e-01 5.510635936260223389e+01
9.981714425872620922e-01 4.528861823715257806e-03 -6.027653452087105429e-02 -5.735190937120933086e-01 -6.446668506755330423e-03 9.994778913983530799e-01 -3.166046542718255197e-02 -9.811650654301047325e-01 6.010167775052601552e-02 3.199115528522700203e-02 9.976794847620594764e-01 5.575474917888641357e+01
9.981505135160738673e-01 3.099483144140311765e-03 -6.071198869941007298e-02 -5.358121299941558391e-01 -5.425286097311667922e-03 9.992560930343730163e-01 -3.818149819536778566e-02 -9.975043712183833122e-01 6.054848171804494417e-02 3.844026193875045572e-02 9.974247979791358576e-01 5.637675869464874268e+01
9.981666872255764433e-01 1.612300748443640718e-03 -6.050342965001928586e-02 -4.919494891364593059e-01 -4.389517737255045973e-03 9.989411218729764563e-01 -4.579702135721763073e-02 -1.014265262521803379e+00 6.036552531994224258e-02 4.597864197054641472e-02 9.971168275760827759e-01 5.699312317371368408e+01
9.982414434083637378e-01 4.339082738309427774e-04 -5.927758754872205355e-02 -4.414366314013022929e-01 -3.641353478425350503e-03 9.985336682083036930e-01 -5.401160985671838582e-02 -1.031290099956095219e+00 5.916723085316454717e-02 5.413247803379317435e-02 9.967792702575075658e-01 5.763342988491058350e+01
9.983404396910281475e-01 -6.136553751925479883e-04 -5.758463253859354147e-02 -3.859728628594893962e-01 -2.974494627187431166e-03 9.980589933209874642e-01 -6.220448724014861208e-02 -1.047865194268524647e+00 5.751103250018366891e-02 6.227254032217953428e-02 9.964008289150432240e-01 5.824735754728317261e+01
9.984188815906269721e-01 -2.305363525195703710e-03 -5.616424291609672242e-02 -3.209167325694579631e-01 -1.748404170363834862e-03 9.974015731461218781e-01 -7.202114251036449699e-02 -1.064794559963047504e+00 5.618433915406212398e-02 7.200546635261712014e-02 9.958205324500812861e-01 5.885357350111007690e+01
9.985309650919008684e-01 -3.996256928282006064e-03 -5.403648474133108948e-02 -2.512802535493392497e-01 -4.244770273312559465e-04 9.966689745308067172e-01 -8.155228400825700885e-02 -1.082057486288249493e+00 5.418239171437725515e-02 8.145541810262409144e-02 9.952031366961402448e-01 5.942282134294509888e+01
9.986875000192674268e-01 -5.538903144430212984e-03 -5.091755941934401203e-02 -1.791341805655974895e-01 8.760280161494948771e-04 9.958370918968656449e-01 -9.114668933816708063e-02 -1.099244528450071812e+00 5.121044698282498087e-02 9.098245410160159252e-02 9.945349079672715087e-01 5.994820511341094971e+01
9.988012756824898863e-01 -6.867909264778326167e-03 -4.846486889863052538e-02 -1.029039824206847697e-01 2.035885194055436949e-03 9.950799056438579537e-01 -9.905471495737780407e-02 -1.116646029986441135e+00 4.890671596526695308e-02 9.883730675277181688e-02 9.939010614378833708e-01 6.052326917648315430e+01
9.988635276454035372e-01 -8.029610547809712048e-03 -4.698061828276219737e-02 -1.516938747954554856e-02 2.948730514188741166e-03 9.942294910852321754e-01 -1.072335024362955497e-01 -1.134197958745062351e+00 4.757055946838126964e-02 1.069731013425843230e-01 9.931232539121287450e-01 6.117293304204940796e+01
9.988744516788121697e-01 -9.038310706534231215e-03 -4.656327654841761060e-02 8.386321572470478714e-02 3.617875989322553998e-03 9.933352820027374630e-01 -1.152038562803701927e-01 -1.151491851545870304e+00 4.729419368884674874e-02 1.149057286131307393e-01 9.922499346309917589e-01 6.188621401786804199e+01
9.988512345419837679e-01 -1.037829136625668079e-02 -4.678143138331937456e-02 1.913720390002708882e-01 4.551868454750824383e-03 9.923997849839679697e-01 -1.229713269723672064e-01 -1.168424542061984539e+00 4.770211470706284956e-02 1.226171188378330917e-01 9.913069910075198443e-01 6.262532830238342285e+01
9.988065570324508036e-01 -1.200892781162542743e-02 -4.734181324998786716e-02 3.088805770676117390e-01 5.691795975914782507e-03 9.913160972087013967e-01 -1.313773149119619454e-01 -1.184950710274279118e+00 4.850840223662410133e-02 1.309510636372359649e-01 9.902013703508626419e-01 6.337342190742492676e+01
9.987125348201963959e-01 -1.385959830663541399e-02 -4.879738033743839798e-02 4.352005368273239583e-01 6.852839852100736651e-03 9.899960895865450583e-01 -1.409282838514355207e-01 -1.200636078603565693e+00 5.026242512035577342e-02 1.404124429604728108e-01 9.888164817006704910e-01 6.410694682598114014e+01
9.985946037963416844e-01 -1.615432208371490180e-02 -5.047628301334172729e-02 5.681237822573166341e-01 8.334268401089280423e-03 9.884291339484948535e-01 -1.514542410500508141e-01 -1.216015434823930264e+00 5.233886929468361399e-02 1.508207049441286085e-01 9.871746338521417696e-01 6.481088495254516602e+01
9.984824052669651895e-01 -1.864231415463866656e-02 -5.182036757159978746e-02 7.034680491487961262e-01 9.963145499244808329e-03 9.865838571979269611e-01 -1.629510001448942480e-01 -1.231262199580669403e+00 5.416292185671698484e-02 1.621874127033914037e-01 9.852723588209114647e-01 6.546709471940994263e+01
9.983813601809493621e-01 -2.139829795608160640e-02 -5.269508978852102676e-02 8.421351408760529011e-01 1.179895364138270827e-02 9.842923311054396773e-01 -1.761516154339438089e-01 -1.246423627249896526e+00 5.563671751825444850e-02 1.752447424934690801e-01 9.829515938703144995e-01 6.606912028789520264e+01
9.982575214304637568e-01 -2.424641775439427549e-02 -5.379620928640498068e-02 9.915675616066437215e-01 1.352336290567110466e-02 9.814206154407755234e-01 -1.913914685757205636e-01 -1.261422443203628063e+00 5.743726632795827930e-02 1.903304673822057980e-01 9.800384041571239546e-01 6.666093462705612183e+01
9.981044835263366277e-01 -2.703342076344236039e-02 -5.528683501930044264e-02 1.157851079682586715e+00 1.479961884884704870e-02 9.774281153120091270e-01 -2.107492602111393776e-01 -1.275674257427453995e+00 5.973618038135275476e-02 2.095315574309520867e-01 9.759754685410929609e-01 6.724157965183258057e+01
9.979639779856580573e-01 -2.989235264004479545e-02 -5.634133382060072665e-02 1.346903467754600570e+00 1.587032487572345371e-02 9.719679236554900070e-01 -2.345772541683751322e-01 -1.289040702395141125e+00 6.177403525252461725e-02 2.332054944431599108e-01 9.704633769133903520e-01 6.781369119882583618e+01
9.978506713461531286e-01 -3.257227800535726636e-02 -5.686021807532164185e-02 1.556639770249603316e+00 1.660562637122931992e-02 9.650798407314173932e-01 -2.614290614806262236e-01 -1.301635188050568104e+00 6.338999027331167213e-02 2.599229649710922407e-01 9.635464500551002009e-01 6.837320768833160400e+01
9.977432493734886831e-01 -3.543576973289449400e-02 -5.703257449098376314e-02 1.793192425946472213e+00 1.741888845120679111e-02 9.569202705757615668e-01 -2.898278421517432313e-01 -1.314114601351320744e+00 6.484589929021532251e-02 2.881803289342432794e-01 9.553779918757782097e-01 6.894815593957901001e+01
9.976658012563480726e-01 -3.821031496956799750e-02 -5.659435337076942213e-02 2.052498201112030074e+00 1.811691514005240103e-02 9.471972301207818301e-01 -3.201393206673101566e-01 -1.326264927163720131e+00 6.583863903011097363e-02 3.183667367697905481e-01 9.456785365700216550e-01 6.951332849264144897e+01
9.976701944600380179e-01 -4.081061097649409802e-02 -5.466879473516150084e-02 2.331895599345443770e+00 1.892007134265512314e-02 9.354240543036667077e-01 -3.530210610296215523e-01 -1.338485953398048878e+00 6.554551080324877432e-02 3.511642531093052133e-01 9.340168378309489094e-01 7.005293184518814087e+01
9.977279625786681372e-01 -4.310537301998509929e-02 -5.177682401835410897e-02 2.630121151189086959e+00 1.972195680444467983e-02 9.217322313489427765e-01 -3.873251064833037605e-01 -1.350830189883708954e+00 6.442016072956732731e-02 3.854239490603911245e-01 9.204881435316100147e-01 7.056507182121276855e+01
9.977761685313536466e-01 -4.538772465558171126e-02 -4.881262092410825620e-02 2.947683701495407149e+00 2.052121322986735774e-02 9.059419629413346664e-01 -4.229042912877281624e-01 -1.362690520472824574e+00 6.341606514492922897e-02 4.209621292142446403e-01 9.048587118710542665e-01 7.105506750941276550e+01
9.978222880223082125e-01 -4.732167881021311084e-02 -4.594932252502591241e-02 3.282170573453186080e+00 2.096510877216663585e-02 8.880391141599605076e-01 -4.592896645213822571e-01 -1.374106901697814465e+00 6.253915365670571769e-02 4.573261313729793942e-01 8.870973248879332473e-01 7.151874500513076782e+01
9.978653498860615700e-01 -4.886088488373682009e-02 -4.332848283918869919e-02 3.636613110284088179e+00 2.104935606638596787e-02 8.687148445012013998e-01 -4.948650761090782613e-01 -1.385070126503705978e+00 6.181964174886613039e-02 4.928966756548795458e-01 8.678889324230435465e-01 7.197201246023178101e+01
9.979100017511115528e-01 -5.035356043488882494e-02 -4.049873277803173188e-02 4.007655510882614180e+00 2.123453726579535572e-02 8.474552148659210138e-01 -5.304420356869006259e-01 -1.395474166609346867e+00 6.103050738937021436e-02 5.284734409107856301e-01 8.467532695063599846e-01 7.240503475069999695e+01
9.979656209296494662e-01 -5.180537850578921522e-02 -3.715941603915743491e-02 4.398268053511856124e+00 2.169155483090507569e-02 8.239858809693059172e-01 -5.661949703169878445e-01 -1.405648387037217617e+00 5.995077890667573767e-02 5.642370696091394411e-01 8.234333205471916495e-01 7.282234653830528259e+01
9.979952472428024191e-01 -5.360912109323837105e-02 -3.363849902103271255e-02 4.816531131247757003e+00 2.260675750206667806e-02 7.984030182387327201e-01 -6.016988906276332649e-01 -1.415940291248261929e+00 5.911362783673715371e-02 5.997321757275427823e-01 7.980143459870175926e-01 7.323611268401145935e+01
9.980057678495178886e-01 -5.557736957328564265e-02 -2.992730075380519578e-02 5.256957570294616744e+00 2.376019159433240269e-02 7.699991319685249858e-01 -6.376023761429364667e-01 -1.426151626743376255e+00 5.848025850229204847e-02 6.356197705853967594e-01 7.697841038930802737e-01 7.362980782985687256e+01
9.980248344236063440e-01 -5.733006378871055575e-02 -2.568450232563284502e-02 5.722437599877594039e+00 2.512329556446472531e-02 7.389825602595038179e-01 -6.732559659240231476e-01 -1.436410693451762199e+00 5.757820676014151901e-02 6.712808945726752574e-01 7.389632674822174119e-01 7.400838115811347961e+01
9.980724521080468481e-01 -5.850292127378094870e-02 -2.070720998744772501e-02 6.210031340102432296e+00 2.662761675641587070e-02 7.050895165356350081e-01 -7.086181931741647455e-01 -1.446837396360933781e+00 5.605667104728845329e-02 7.067009140180718907e-01 7.052882160912076204e-01 7.436876299977302551e+01
9.981178105607487749e-01 -5.918532712671010360e-02 -1.606030181290178313e-02 6.715782353858230636e+00 2.782101726851694129e-02 6.703887694426117205e-01 -7.414882930993352828e-01 -1.457325066439807415e+00 5.465187315693822989e-02 7.396458577306609383e-01 6.707735667886092212e-01 7.470923525094985962e+01
9.980979255850385146e-01 -6.037742159416342042e-02 -1.245383091597238555e-02 7.235686430911300704e+00 2.876387347580088363e-02 6.347672547755559558e-01 -7.721678391692914367e-01 -1.467999302782118320e+00 5.452678722894921393e-02 7.703408980615953361e-01 6.352965687363216762e-01 7.502583783864974976e+01
9.980495374136094666e-01 -6.170607877804089314e-02 -9.459424417920678230e-03 7.764610240439651534e+00 2.938306662497872437e-02 5.980307728813379908e-01 -8.009343481725962333e-01 -1.478330379351973534e+00 5.507954488003875826e-02 7.990942087944247207e-01 5.986774500572240587e-01 7.531293520331382751e+01
9.980028528924766995e-01 -6.282867620099705230e-02 -6.546989026081792562e-03 8.305459151248214766e+00 2.989802064620814340e-02 5.611127945232579073e-01 -8.271992143273222409e-01 -1.488040433265268803e+00 5.564543089882834082e-02 8.253514337960105030e-01 5.618706227869127989e-01 7.557685011625289917e+01
9.980046604780935526e-01 -6.305420386367090180e-02 -3.296215879437791596e-03 8.852439413050888106e+00 3.032230660007395259e-02 5.244158903161431073e-01 -8.509221654807084256e-01 -1.497491099871695042e+00 5.538280767942646565e-02 8.491243379853421480e-01 5.252814514662573764e-01 7.581471903622150421e+01
9.979810515296451134e-01 -6.351216162693236467e-02 1.615959722413477871e-04 9.412507722357986495e+00 3.113091068022933242e-02 4.869461969970481086e-01 -8.728770060153558941e-01 -1.507255367934703827e+00 5.535961694234712432e-02 8.711197429490312727e-01 4.879402691481920518e-01 7.602912874519824982e+01
9.978947054103153302e-01 -6.475819418088216151e-02 3.540226050865312446e-03 9.982674369792221114e+00 3.228006404832562543e-02 4.485940925958954439e-01 -8.931524716156258314e-01 -1.517419182695448399e+00 5.625081669714725868e-02 8.913864012730373654e-01 4.497400685356015559e-01 7.621913839876651764e+01
9.978195599365690116e-01 -6.555590245583270415e-02 7.651761966565698986e-03 1.056235940215992741e+01 3.386590044271448746e-02 4.090323228716559734e-01 -9.118912542805865939e-01 -1.527896032668650150e+00 5.665003614469971138e-02 9.101620638652319073e-01 4.103605620736299753e-01 7.638211539387702942e+01
9.977547663035328807e-01 -6.589791530693042687e-02 1.195370556703129021e-02 1.114357400892185979e+01 3.552568206261118994e-02 3.694510811907149583e-01 -9.285708505660719148e-01 -1.538586272858083248e+00 5.677457382111216616e-02 9.269106555462680586e-01 3.709626455618121876e-01 7.651695366203784943e+01
9.976878213107517324e-01 -6.590933387977078450e-02 1.658224700487058445e-02 1.174451161382603459e+01 3.753607230017475677e-02 3.309693618557079109e-01 -9.428946520100226492e-01 -1.549753222614526749e+00 5.665734272344311734e-02 9.413369435119129935e-01 3.326780790721984293e-01 7.663517479598522186e+01
9.975596919780383987e-01 -6.673090091653768874e-02 2.053406446732443727e-02 1.240203381536412053e+01 3.951317020939851959e-02 2.971151380902622985e-01 -9.540237439904771799e-01 -1.562193003483116627e+00 5.756188253248940151e-02 9.525069981792635421e-01 2.990268350814760945e-01 7.676121455430984497e+01
9.973547242660077972e-01 -6.860056742938952512e-02 2.403156533897582089e-02 1.309775573966908269e+01 4.174717285604207656e-02 2.699564397188526366e-01 -9.619670962215127741e-01 -1.575774488970637321e+00 5.950401282941702313e-02 9.604256779171864711e-01 2.721062102461266896e-01 7.689493145048618317e+01
9.971478238981561493e-01 -7.051067354968271195e-02 2.691583568722677802e-02 1.376734114644932561e+01 4.368756057223478068e-02 2.484378571375698563e-01 -9.676621456852281256e-01 -1.590021881274878979e+00 6.154359711959508233e-02 9.660780900405838700e-01 2.508097079403396323e-01 7.701780411601066589e+01
9.970550404655744714e-01 -7.088434983430982883e-02 2.926867319778806223e-02 1.437976486442494206e+01 4.506512020910789784e-02 2.327467588465026993e-01 -9.714927077374212461e-01 -1.604703932069242001e+00 6.205144013421760862e-02 9.699506973011644551e-01 2.352557408061586586e-01 7.712763655185699463e+01
9.969904081058739154e-01 -7.109637438309453217e-02 3.091005814394058929e-02 1.494455266950535588e+01 4.593156890837565148e-02 2.205118863780918814e-01 -9.743022112997540285e-01 -1.619267929345369339e+00 6.245331954746734943e-02 9.727897067277975207e-01 2.231138036114027057e-01 7.722729346901178360e+01
9.969546795056432043e-01 -7.098379854542635758e-02 3.229036010735444190e-02 1.548679084537434392e+01 4.663131044720927182e-02 2.107544313795267077e-01 -9.764261828422403644e-01 -1.634284325875341892e+00 6.250510297388760239e-02 9.749583939830226420e-01 2.134226841370640837e-01 7.732302672415971756e+01
9.969629853258148433e-01 -6.998152711781288615e-02 3.416711507426146294e-02 1.601439804790425114e+01 4.775081984248272238e-02 2.027399162689812184e-01 -9.780676794351285119e-01 -1.649764399044215679e+00 6.151963178213735312e-02 9.767287812967861971e-01 2.054658674619337655e-01 7.741579197347164154e+01
9.969592148666739373e-01 -6.898360165176251058e-02 3.624343520661305745e-02 1.652575720308232121e+01 4.918431423012906145e-02 1.962956533359422051e-01 -9.793104307190481084e-01 -1.665336238220334053e+00 6.044193185311778904e-02 9.781151666263877553e-01 1.990916715719080743e-01 7.750594551861286163e+01
9.969347995801428608e-01 -6.867794977728598760e-02 3.747458606160856964e-02 1.704457283971714787e+01 5.002200513211185751e-02 1.912330674251713769e-01 -9.802692043136532751e-01 -1.680365132167935371e+00 6.015649913902319790e-02 9.791390366733155881e-01 1.940823085028314798e-01 7.759939408302307129e+01
9.968386349073172781e-01 -6.984581958604282881e-02 3.787211959305063214e-02 1.757337350604939274e+01 5.036982259048328886e-02 1.869090311160473139e-01 -9.810850600531351162e-01 -1.694610178470611572e+00 6.144604892358510040e-02 9.798911039363580322e-01 1.898362649708057737e-01 7.769483423233032227e+01
9.963418176085057087e-01 -7.710547513350224369e-02 3.684736339300521968e-02 1.820014143941807561e+01 5.045849044210026779e-02 1.828039381850551648e-01 -9.818536861092588275e-01 -1.708589753136038780e+00 6.897045183905778365e-02 9.801211485772926002e-01 1.860258339173481712e-01 7.781293422728776932e+01
9.957310290431036215e-01 -8.509909377285923560e-02 3.574719625089491093e-02 1.885802621601033024e+01 5.068311825473315740e-02 1.804112480072197211e-01 -9.822845835685574123e-01 -1.722272202372550964e+00 7.714233160035169345e-02 9.799030185847553698e-01 1.839541650622399105e-01 7.794055118411779404e+01
9.953981061259922214e-01 -8.906392792542078274e-02 3.535855007326249577e-02 1.950712216852116399e+01 5.095135438237127778e-02 1.794072243016559542e-01 -9.824545828459335661e-01 -1.736279832199215889e+00 8.115768483261442956e-02 9.797349971348735531e-01 1.831195390496034858e-01 7.806669973582029343e+01
9.953636309135370785e-01 -8.915584998824591101e-02 3.608984161080816544e-02 2.013372064588475041e+01 5.178122068148210272e-02 1.805081596996158944e-01 -9.822095038567859593e-01 -1.751141352578997612e+00 8.105521228986745097e-02 9.795243941294833334e-01 1.842878559914167547e-01 7.819156653434038162e+01
9.957706541392973287e-01 -8.353358651612149965e-02 3.824845459295604655e-02 2.080603356120991521e+01 5.317401798769638005e-02 1.845054140557198241e-01 -9.813920093393727617e-01 -1.766997305676341057e+00 7.492214736671606867e-02 9.792751871194741442e-01 1.881668932784910930e-01 7.832973953336477280e+01
9.963387779397993027e-01 -7.488190272575502571e-02 4.125215409645605069e-02 2.153755445239949040e+01 5.488371971398597199e-02 1.902667565380783687e-01 -9.801970917457552002e-01 -1.784147707745432854e+00 6.555010971603190961e-02 9.788724441931390130e-01 1.936799450525686084e-01 7.848472333699464798e+01
9.965266983930466393e-01 -7.146591816067575376e-02 4.274531472928409792e-02 2.231173999069142155e+01 5.598420960308023858e-02 1.949605416490228227e-01 -9.792120074197609991e-01 -1.801619695499539375e+00 6.164663547163247437e-02 9.782039714401956632e-01 1.982843478282046157e-01 7.865149963647127151e+01
9.963595571273964335e-01 -7.389926278999130183e-02 4.250331610585609404e-02 2.317455632446217351e+01 5.647898517870306168e-02 1.987460377200042094e-01 -9.784222691270791916e-01 -1.819394668564200401e+00 6.385731871980188101e-02 9.772609229114271878e-01 2.021962694913612135e-01 7.884037936478853226e+01
9.958119062482994055e-01 -8.182391819014217527e-02 4.078595084267378629e-02 2.410527117011952214e+01 5.670521454932619249e-02 2.028331514727953200e-01 -9.775700646534389859e-01 -1.836627529934048653e+00 7.171587005010096605e-02 9.757886856669465425e-01 2.066235100547129111e-01 7.905041597038507462e+01
9.954672117687174415e-01 -8.642299505235770396e-02 3.970007833236034039e-02 2.503298367021488957e+01 5.686511789705248066e-02 2.062726986468010060e-01 -9.768407916132086921e-01 -1.853590542450547218e+00 7.623246460642417455e-02 9.746705288040395931e-01 2.102521619886086324e-01 7.926192439347505569e+01
9.955657502563804995e-01 -8.462377223765037149e-02 4.108106727825530657e-02 2.595073754547047429e+01 5.814770672252232014e-02 2.103293123671864939e-01 -9.758998025217845429e-01 -1.871042674407362938e+00 7.394376998342590268e-02 9.739611889245981535e-01 2.143173379575750437e-01 7.947370595484972000e+01
9.957821361846740382e-01 -8.112466403939512516e-02 4.285704306158377719e-02 2.689579273221897893e+01 5.949172049572309939e-02 2.153059910502455321e-01 -9.747328174481099117e-01 -1.888894837349653244e+00 6.984749421379363166e-02 9.731711663948777735e-01 2.192241055397129434e-01 7.969664513319730759e+01
9.958331101112555261e-01 -8.036813955330683601e-02 4.309731953247499664e-02 2.783416939733433537e+01 5.982060797264677349e-02 2.189815835974340541e-01 -9.738935059373499126e-01 -1.906137751415371895e+00 6.883248991520618532e-02 9.724135067911696684e-01 2.228767824206299708e-01 7.992097852379083633e+01
9.957047718840549289e-01 -8.236720634268757113e-02 4.228061691393849436e-02 2.884003687856602482e+01 5.961955779680541689e-02 2.210311624768885319e-01 -9.734427222709247651e-01 -1.924059344455599785e+00 7.083442366134895529e-02 9.717823154047496859e-01 2.249924796324270226e-01 8.016105621308088303e+01
9.954496466555294854e-01 -8.570674215883558600e-02 4.164559186637150495e-02 2.987329531667637639e+01 5.988489746670823399e-02 2.227319286723851988e-01 -9.730386873117026214e-01 -1.942177800461649895e+00 7.412017288689601302e-02 9.711049594654526107e-01 2.268509591622179244e-01 8.040893677622079849e+01
9.952836943745869691e-01 -8.743540707040882431e-02 4.201686926111366377e-02 3.092885530946659856e+01 6.077908796819830872e-02 2.244813940784817774e-01 -9.725811051929474926e-01 -1.961011657491326332e+00 7.560601945498537924e-02 9.705478624483251382e-01 2.287369155146564970e-01 8.066485596448183060e+01
