0.000000000000000000e+00 0.000000000000000000e+00 0.000000000000000000e+00 0.000000000000000000e+00 0.000000000000000000e+00 0.000000000000000000e+00 0.000000000000000000e+00 0.000000000000000000e+00 0.000000000000000000e+00 0.000000000000000000e+00 0.000000000000000000e+00 0.000000000000000000e+00
9.999982714653015137e-01 -6.065278331635358183e-06 1.850405031428952168e-03 -2.361418155487626791e-04 7.303419005899591809e-06 9.999997615904636650e-01 -6.691127099674816416e-04 -1.990504562854766846e-02 -1.850400585681200027e-03 6.691250676305292300e-04 9.999980330471345269e-01 9.980639219284057617e-01
9.999998211860727793e-01 -3.411529688232914511e-04 4.771256766884951787e-04 4.746206395793706179e-04 3.412414401034735700e-04 9.999999404255591751e-01 -1.853726012263949498e-04 -1.873286813497543335e-02 -4.770623927470296621e-04 1.855353836449497029e-04 9.999998807907104492e-01 9.928075075149536133e-01
9.999930262565612793e-01 -1.238783117147351418e-05 -3.738987639347217569e-03 -3.802617720793932676e-04 1.199820326345732435e-05 9.999999999953261831e-01 -1.042292403313784904e-04 -1.861085742712020874e-02 3.738988889381289482e-03 1.041836523147030014e-04 9.999930262565612793e-01 1.030212879180908203e+00
9.999724626557515705e-01 3.206188752426631749e-04 -7.414979769075987284e-03 -5.454584024846553802e-03 -3.134202003444649942e-04 9.999994613046057079e-01 9.719712447489824419e-04 -1.784083433449268341e-02 7.415287662297487259e-03 -9.696204951319987997e-04 9.999720454347027498e-01 1.069327116012573242e+00
9.999964237213134766e-01 1.339718274936851547e-04 -2.664997747179246104e-03 -6.567858159542083740e-03 -1.310305058407207346e-04 9.999994035681991633e-01 1.103828514960445437e-03 -1.798429340124130249e-02 2.665143925696611404e-03 -1.103475352413479937e-03 9.999958276769973509e-01 1.077582001686096191e+00
9.999991059303781071e-01 -3.664610027286898330e-04 1.283216919580172210e-03 -6.536934990435838699e-03 3.648573049228470699e-04 9.999991649499059276e-01 1.249754629466111452e-03 -1.802014745771884918e-02 -1.283673802390694618e-03 -1.249285303651759271e-03 9.999983906752376583e-01 1.043332457542419434e+00
9.999961256985372415e-01 -4.519088498913804140e-04 2.746689653286171762e-03 -5.088773090392351151e-03 4.489969889515475071e-04 9.999993430421983964e-01 1.060657828803145261e-03 -1.749139651656150818e-02 -2.747167134657502174e-03 -1.059420503117601553e-03 9.999957084675905605e-01 9.930274486541748047e-01
9.999997019767761230e-01 -7.205890329342803252e-05 7.738140225441558339e-04 -5.842026323080062866e-03 7.154505197478136513e-05 9.999997615446576393e-01 6.640590832271920036e-04 -1.758929528295993805e-02 -7.738617132417857647e-04 -6.640035193588682272e-04 9.999994635582680758e-01 1.018569469451904297e+00
9.999993443489714195e-01 4.562463988456921999e-04 -1.025739146627397845e-03 -5.424526520073413849e-03 -4.561084960879435019e-04 9.999998807279233404e-01 1.346636437418839715e-04 -1.783174276351928711e-02 1.025800476782023907e-03 -1.341957111873001707e-04 9.999994635581970215e-01 1.041482448577880859e+00
9.999964833263632613e-01 4.676100890352969611e-04 -2.605999699172721357e-03 -7.430322468280792236e-03 -4.661860462255081744e-04 9.999997609182763592e-01 5.470229362202551652e-04 -1.717883720993995667e-02 2.606254769489169121e-03 -5.458061433326680256e-04 9.999964833263632613e-01 1.035504102706909180e+00
9.999966621400879774e-01 3.204321406276245060e-04 -2.570477646382929651e-03 -9.285391308367252350e-03 -3.185321728355026971e-04 9.999996417672486482e-01 7.395313650224100621e-04 -1.707986369729042053e-02 2.570713870227336884e-03 -7.387101298494437585e-04 9.999964237222904728e-01 1.043448805809020996e+00
9.999986886978895484e-01 2.622824794251589356e-04 -1.597744343685005486e-03 -1.029029581695795059e-02 -2.610202871154015947e-04 9.999996420427558208e-01 7.901430293613926443e-04 -1.783879846334457397e-02 1.597951049916446209e-03 -7.897249898950430003e-04 9.999984502796088748e-01 1.093295812606811523e+00
9.999995231628417969e-01 1.171206165413015093e-04 -1.006254883153066132e-03 -1.173079013824462891e-02 -1.161388382659167551e-04 9.999995230488191167e-01 9.756821066330845921e-04 -1.820616051554679871e-02 1.006368664093315601e-03 -9.755647629598185322e-04 9.999990463259109674e-01 1.116499781608581543e+00
9.999999403953552246e-01 -3.186245519088102022e-04 -9.250975168510245945e-05 -1.328266225755214691e-02 3.187235561199486256e-04 9.999993443804374715e-01 1.072079421958684010e-03 -1.953683607280254364e-02 9.216810576617717743e-05 -1.072108861990272999e-03 9.999994039535522461e-01 1.153370499610900879e+00
9.999997615814351093e-01 -5.163454973804361848e-04 5.202706576010607134e-04 -1.331809815019369125e-02 5.157982781322789645e-04 9.999993440666056221e-01 1.051383497630951338e-03 -1.917111873626708984e-02 -5.208131624385714531e-04 -1.051114863210619865e-03 9.999993443489714195e-01 1.093012928962707520e+00
9.999999403953552246e-01 -4.159345523353125975e-04 2.143858367868211646e-04 -1.511172018945217133e-02 4.156472859904170036e-04 9.999990462061809637e-01 1.338299682871455605e-03 -1.836168020963668823e-02 -2.149422653019428253e-04 -1.338210422545671463e-03 9.999991059303283691e-01 1.092754602432250977e+00
9.999999403953552246e-01 -8.804497022337306371e-05 -2.463930492603787323e-04 -1.712435483932495117e-02 8.843757150694270264e-05 9.999987483371710617e-01 1.593854502883681329e-03 -1.745153591036796570e-02 2.462523989379405975e-04 -1.593876185819430302e-03 9.999986886978895484e-01 1.073413729667663574e+00
9.999999403953552246e-01 2.748577752510483220e-05 -3.874138597688182861e-04 -1.846015080809593201e-02 -2.692645488000175447e-05 9.999989867059775328e-01 1.443664615096162040e-03 -1.715063117444515228e-02 3.874531248584389687e-04 -1.443654096318532087e-03 9.999989271164544391e-01 1.077189922332763672e+00
9.999995231628666659e-01 3.491137581767427586e-04 -9.003542738408043273e-04 -1.778607629239559174e-02 -3.483100155899747363e-04 9.999995228829149374e-01 8.927011278651432544e-04 -1.645025983452796936e-02 9.006655309349298477e-04 -8.923870978973930113e-04 9.999991655351472275e-01 1.036530733108520508e+00
9.999989867211453998e-01 4.510134525695114888e-04 -1.326928094542319941e-03 -1.909905485808849335e-02 -4.499507828586383346e-04 9.999995822894932607e-01 8.010270211469553347e-04 -1.617874205112457275e-02 1.327288802713155746e-03 -8.004291859337077375e-04 9.999988079073709457e-01 1.026274085044860840e+00
9.999974370005659807e-01 5.240445084975986142e-04 -2.209702937580054413e-03 -1.873923465609550476e-02 -5.232847196958399782e-04 9.999998207891387381e-01 3.444058884876288404e-04 -1.503453589975833893e-02 2.209882950410246849e-03 -3.432486898389056074e-04 9.999974966050650949e-01 1.001488327980041504e+00
9.999986290933193800e-01 4.500520130905494710e-04 -1.576726075438575824e-03 -1.773657090961933136e-02 -4.497822855988996976e-04 9.999998806696448472e-01 1.714118953926795726e-04 -1.442265324294567108e-02 1.576803042553365231e-03 -1.707024831097345152e-04 9.999987483024597168e-01 9.831754565238952637e-01
9.999991655350903841e-01 6.446814592677568845e-04 -1.152138579293997137e-03 -1.721406728029251099e-02 -6.446420877908101699e-04 9.999998211609576471e-01 3.454775604036757885e-05 -1.398038398474454880e-02 1.152160577476024628e-03 -3.380500823376569874e-05 9.999993443489074707e-01 9.710777401924133301e-01
9.999994039536375112e-01 6.727944120604362243e-04 -8.704880398541503528e-04 -1.762066595256328583e-02 -6.724208284079186138e-04 9.999996421210619602e-01 4.294248965541655710e-04 -1.394956372678279877e-02 8.707767119631171227e-04 -4.288393168948995138e-04 9.999995231628844294e-01 9.635434746742248535e-01
9.999988079073318659e-01 6.594352338314882342e-04 -1.399785004272165265e-03 -1.699932478368282318e-02 -6.592513061370874894e-04 9.999997614605806717e-01 1.318627163368285918e-04 -1.377259287983179092e-02 1.399871660396456718e-03 -1.309397545806723073e-04 9.999990463256835938e-01 9.599596261978149414e-01
9.999970197682621631e-01 6.452139746463338588e-04 -2.374834947063071341e-03 -1.890576817095279694e-02 -6.453751667459123320e-04 9.999998212912621920e-01 -6.710501108926441010e-05 -1.507174223661422729e-02 2.374791074544191360e-03 6.863746655911412420e-05 9.999971985816955566e-01 1.032958507537841797e+00
9.999934434909398817e-01 7.961364432467764362e-04 -3.547137134170230167e-03 -1.706530153751373291e-02 -8.002615042114955002e-04 9.999990496306163656e-01 -1.161657804209298298e-03 -1.533998548984527588e-02 3.546208608895540237e-03 1.164488773407849898e-03 9.999930858653094390e-01 1.078412294387817383e+00
9.999953508387591228e-01 6.907348870461905467e-04 -2.970270606145326321e-03 -1.548121590167284012e-02 -6.951252770350940802e-04 9.999986917515688578e-01 -1.477338525336698970e-03 -1.584685966372489929e-02 2.969246124848723412e-03 1.479396357711354471e-03 9.999945163774128787e-01 1.115002989768981934e+00
9.999994635582467595e-01 4.615948376177528940e-04 -8.878088539880493518e-04 -1.500867679715156555e-02 -4.625501567753435156e-04 9.999992851861787546e-01 -1.076140949153264617e-03 -1.748185232281684875e-02 8.873115293681621552e-04 1.076551054329542845e-03 9.999989867212875083e-01 1.141290903091430664e+00
9.999998807907104492e-01 -5.110602137654947830e-05 4.295429342725445160e-04 -1.541540585458278656e-02 5.116144283798945702e-05 1.000000000002835732e+00 -1.290184713626086439e-04 -1.835515722632408142e-02 -4.295363323763012886e-04 1.290404316809240504e-04 9.999998807907104492e-01 1.140404939651489258e+00
9.999996423721313477e-01 -1.838965049161911760e-04 8.261180181750132868e-04 -1.697053015232086182e-02 1.836121007734239918e-04 9.999999403431452105e-01 3.443248647545037546e-04 -1.881267689168453217e-02 -8.261812618002295494e-04 -3.441730447462792997e-04 9.999995827675078885e-01 1.148240804672241211e+00
1.000000000000000000e+00 -6.620777852126328265e-05 1.572495999250396166e-04 -1.722097955644130707e-02 6.613717414438724518e-05 9.999998807860404071e-01 4.489713002192116816e-04 -1.793283224105834961e-02 -1.572793116793036461e-04 -4.489608982112258673e-04 9.999998807907104492e-01 1.083024144172668457e+00
9.999999403953552246e-01 -1.457926919916306121e-04 -2.876627468813245259e-04 -1.849501952528953552e-02 1.459796825957482280e-04 9.999997616087139551e-01 6.501157654665082591e-04 -1.741098426282405853e-02 2.875679056160151958e-04 -6.501577057781669777e-04 9.999997019767903339e-01 1.045906305313110352e+00
1.000000000000000000e+00 -1.879250274872280705e-04 -2.257018939602179440e-04 -1.975091360509395599e-02 1.881619682535529137e-04 9.999994636027612627e-01 1.050224587981123852e-03 -1.710826717317104340e-02 2.255043946206569672e-04 -1.050267019309103489e-03 9.999994635581970215e-01 1.022503018379211426e+00
9.999999403953552246e-01 -2.363710673774366419e-04 -3.275995870933290626e-04 -2.054578438401222229e-02 2.367825804705861459e-04 9.999992252370170087e-01 1.256692722098349006e-03 -1.623531244695186615e-02 3.273022593930363655e-04 -1.256770146607147365e-03 9.999991655350193298e-01 9.815904498100280762e-01
9.999997615814208984e-01 -1.864865895909380864e-04 -7.092587639171954970e-04 -2.105626650154590607e-02 1.873846766813763720e-04 9.999992253078868742e-01 1.266381556999364617e-03 -1.531893666833639145e-02 7.090219878591597080e-04 -1.266514114823480419e-03 9.999989867212235595e-01 9.213011264801025391e-01
9.999989867210388184e-01 -1.013426592662783213e-04 -1.410352585668469367e-03 -1.950366608798503876e-02 1.027722732943048278e-04 9.999994637051269342e-01 1.013621341138125700e-03 -1.439184322953224182e-02 1.410249155014753342e-03 -1.013765248490769433e-03 9.999984502797794050e-01 8.481940031051635742e-01
9.999992251396179199e-01 -1.584650568815148197e-04 -1.259033442457032715e-03 -1.793933287262916565e-02 1.593236741075296226e-04 9.999997617182326826e-01 6.818914040318637456e-04 -1.393504440784454346e-02 1.258925069123506546e-03 -6.820914521808475739e-04 9.999989867212235595e-01 7.784600853919982910e-01
9.999998211860656738e-01 -1.984684971228886554e-04 -6.124414179581064111e-04 -1.698262244462966919e-02 1.988471130107971607e-04 9.999998212613523396e-01 6.182097839922519669e-04 -1.391538046300411224e-02 6.123185739852488041e-04 -6.183314312066361118e-04 9.999996423721633221e-01 7.246393561363220215e-01
9.999999403953552246e-01 -2.982179394515947313e-04 -7.617917062501861517e-07 -1.637426763772964478e-02 2.982183941639959812e-04 9.999997019769046869e-01 6.898770484075677578e-04 -1.345035061240196228e-02 5.560577847063541412e-07 -6.898772553540766239e-04 9.999997615814208984e-01 6.632445454597473145e-01
9.999998807907140019e-01 -3.517724064378185468e-04 2.987542414487312677e-04 -1.692429371178150177e-02 3.516109799937307268e-04 9.999998211293060768e-01 5.401637904741067153e-04 -1.381721533834934235e-02 -2.989441854879260063e-04 -5.400586784223490588e-04 9.999998211860727793e-01 6.454703211784362793e-01
9.999999403953552246e-01 -2.868976896423899490e-04 -1.068912487272792686e-04 -1.714200899004936218e-02 2.869560266844928265e-04 9.999997615981569554e-01 5.460504473686618281e-04 -1.379668153822422028e-02 1.067345729097723961e-04 -5.460811080411076546e-04 9.999998211860656738e-01 6.276474595069885254e-01
9.999991059303781071e-01 -2.884149275389393929e-04 -1.278080679692946038e-03 -1.926101185381412506e-02 2.891561513914467363e-04 9.999997617958159557e-01 5.798055881828257643e-04 -1.401062961667776108e-02 1.277913223020732403e-03 -5.801746553397504891e-04 9.999989867211880323e-01 6.509036421775817871e-01
9.999995827674865723e-01 -1.878070997942114274e-04 -9.152384914235113349e-04 -1.823814213275909424e-02 1.880575816614257767e-04 9.999999404424728677e-01 2.735961000624792723e-04 -1.378970686346292496e-02 9.151870617642998695e-04 -2.737680937646355672e-04 9.999995231628666659e-01 6.296399235725402832e-01
1.000000000000000000e+00 -1.655608882484516054e-04 1.427119239175155831e-04 -1.767305098474025726e-02 1.655359519645571709e-04 9.999999999958721908e-01 1.747198367190656886e-04 -1.406751573085784912e-02 -1.427408424206078053e-04 -1.746962079778313637e-04 1.000000000000000000e+00 6.279563307762145996e-01
9.999997019767761230e-01 -2.380247047534903579e-04 7.618150694386717145e-04 -1.849618181586265564e-02 2.379076195597081000e-04 9.999999999721613797e-01 1.537732231328026871e-04 -1.491781324148178101e-02 -7.618516101501882076e-04 -1.535919270017824245e-04 9.999997019767761230e-01 6.583225131034851074e-01
9.999999403953552246e-01 -1.475173370241573923e-04 3.832153240825759435e-04 -1.720876432955265045e-02 1.476532109549212601e-04 9.999999404154173988e-01 -3.545547395877527829e-04 -1.515590585768222809e-02 -3.831629874184727669e-04 3.546112936966827611e-04 9.999998807907140019e-01 6.747121214866638184e-01
9.999996423721313477e-01 -1.368069321747144304e-04 -8.675756067997539853e-04 -1.369598694145679474e-02 1.354609946561599609e-04 9.999988077247671248e-01 -1.551248104866917747e-03 -1.482488680630922318e-02 8.677867590449750423e-04 1.551129998979966507e-03 9.999984502796621655e-01 6.996526718139648438e-01
9.999939203262329102e-01 1.769372735710116051e-04 -3.490398569884446082e-03 -1.281520817428827286e-02 -1.820594179526846546e-04 9.999989280491002885e-01 -1.467232106427652019e-03 -1.413397118449211121e-02 3.490135073661804199e-03 1.467858597413468358e-03 9.999928474491497354e-01 7.398915886878967285e-01
9.999859333038330078e-01 2.151793132435162164e-04 -5.307232993677421864e-03 -1.064037717878818512e-02 -2.266523792355396028e-04 9.999976780198912563e-01 -2.161272568919407784e-03 -1.356848701834678650e-02 5.306755192577838898e-03 2.162444952849285063e-03 9.999836087553859443e-01 7.768379449844360352e-01
9.999942183501318027e-01 5.015730169935778268e-04 -3.366206465928265647e-03 -7.171780336648225784e-03 -5.092280603720446275e-04 9.999973216902797724e-01 -2.273618484922805289e-03 -1.345510408282279968e-02 3.365056822076439857e-03 2.275319458897556713e-03 9.999917745735338315e-01 7.673277258872985840e-01
9.999971985823066234e-01 6.659872830822421551e-04 -2.269196203712964266e-03 -5.485326051712036133e-03 -6.707568225194637801e-04 9.999975594094610010e-01 -2.101750023065928393e-03 -1.394891552627086639e-02 2.267790958285331726e-03 2.103266270641598878e-03 9.999952316340703362e-01 7.636603713035583496e-01
9.999940395384321334e-01 1.045824322273869586e-03 -3.291224534183186980e-03 -3.024612087756395340e-03 -1.053916161841694787e-03 9.999964322537637784e-01 -2.457839236093126677e-03 -1.389815937727689743e-02 3.288642270490527153e-03 2.461293167761377521e-03 9.999915361569300387e-01 7.812291979789733887e-01
9.999956488638659380e-01 1.273335729467496395e-03 -2.648157803489546974e-03 1.361135859042406082e-03 -1.282209095881718663e-03 9.999935740771704884e-01 -3.351798531636245460e-03 -1.434129755944013596e-02 2.643872750923037529e-03 3.355179522929310765e-03 9.999908805090527153e-01 8.052686452865600586e-01
9.999982118611683291e-01 8.707601074813941643e-04 -1.710397808243757731e-03 5.577285774052143097e-03 -8.777455326923477852e-04 9.999913038509569141e-01 -4.087592761428541013e-03 -1.495631411671638489e-02 1.706823473796248436e-03 4.089086520629114929e-03 9.999902248501939539e-01 7.958971261978149414e-01
9.999988675118700598e-01 4.364505721286622195e-04 -1.419668859913214001e-03 1.148169673979282379e-02 -4.438726914264470164e-04 9.999861750160248253e-01 -5.231953519968930016e-03 -1.535893697291612625e-02 1.417365856468677521e-03 5.232577963685064448e-03 9.999852776666315890e-01 7.893179655075073242e-01
9.999997019767974393e-01 4.420485115908940037e-04 -5.546008584024779333e-04 1.632905378937721252e-02 -4.452143989212998393e-04 9.999834909216366308e-01 -5.721331910186472705e-03 -1.594417914748191833e-02 5.520626436918973923e-04 5.721577351407103329e-03 9.999834299116834302e-01 7.796693444252014160e-01
9.999997019767761230e-01 1.620914195214176359e-04 8.014147740552255914e-04 2.073717489838600159e-02 -1.575933532510995216e-04 9.999842636645303040e-01 -5.609543305530573752e-03 -1.665046066045761108e-02 -8.023114060051739216e-04 5.609415196801165182e-03 9.999839663552450020e-01 7.688961625099182129e-01
9.999973773956298828e-01 -1.178617799536501969e-04 2.283166319002584432e-03 2.629536017775535583e-02 1.310069403457347903e-04 9.999834316306248638e-01 -5.758133658840975180e-03 -1.719285547733306885e-02 -2.282449742779135704e-03 5.758417569337037634e-03 9.999808073478391179e-01 7.451703548431396484e-01
9.999994039536268531e-01 -5.413708953199772300e-04 8.852847007376908172e-04 3.065081685781478882e-02 5.469332146214485324e-04 9.999800354839629701e-01 -6.294995468347901538e-03 -1.668172888457775116e-02 -8.818591013550758362e-04 6.295476276078681988e-03 9.999797940336776492e-01 6.687695980072021484e-01
9.999994635582254432e-01 -9.503990591160965586e-04 -3.608221294028763357e-04 3.482614457607269287e-02 9.480122843079363815e-04 9.999780036143605111e-01 -6.558404079851890174e-03 -1.627640053629875183e-02 3.670473233796656132e-04 6.558058858182475026e-03 9.999784231198738382e-01 6.483898162841796875e-01
9.999993443489714195e-01 -1.025975835749383695e-03 -4.409943494276740783e-04 3.770696371793746948e-02 1.023102895396588163e-03 9.999785393780140641e-01 -6.466273681027886674e-03 -1.633930578827857971e-02 4.476191534195095301e-04 6.465818427852487726e-03 9.999789595628882921e-01 6.220095157623291016e-01
9.999994635581970215e-01 -1.036318371670081478e-03 1.911299808944180777e-04 4.386264085769653320e-02 1.037733396515250206e-03 9.999709143863387828e-01 -7.558237684895071848e-03 -1.676089130342006683e-02 -1.832916750572621822e-04 7.558431942015886307e-03 9.999714493751525879e-01 6.163644790649414062e-01
9.999989867212519812e-01 -7.399606347175542416e-04 1.206529373638988044e-03 5.051285773515701294e-02 7.497988284137918624e-04 9.999662711392992565e-01 -8.174149275529596012e-03 -1.702483743429183960e-02 -1.200440223328769207e-03 8.175045923851653740e-03 9.999658465624605697e-01 6.403067111968994141e-01
9.999983906749179141e-01 -6.547582713524078505e-04 1.664422589615495787e-03 5.546376854181289673e-02 6.683207617425267200e-04 9.999664516427740901e-01 -8.161005961543944115e-03 -1.657509431242942810e-02 -1.659023342654109001e-03 8.162105442364064878e-03 9.999653101424179624e-01 6.139276623725891113e-01
9.999983310706390682e-01 -1.215223337533600330e-03 1.340772300712377799e-03 6.505613029003143311e-02 1.228257730483565957e-03 9.999515573997785900e-01 -9.763955546594399459e-03 -1.692936569452285767e-02 -1.328842015936970711e-03 9.765586466555120637e-03 9.999514222571406208e-01 6.062159538269042969e-01
9.999970793742178898e-01 -1.306994658180128796e-03 2.017485687545989177e-03 6.963647902011871338e-02 1.326066664860667266e-03 9.999541296790137590e-01 -9.481134070375438552e-03 -1.726292632520198822e-02 -2.005001530051231384e-03 9.483781981513450532e-03 9.999529720264703769e-01 5.692478418350219727e-01
9.999947547949403770e-01 -1.273762456104719429e-03 2.988390754212977285e-03 7.214607298374176025e-02 1.302274486423310451e-03 9.999534858712115781e-01 -9.558458939896301992e-03 -1.718704216182231903e-02 -2.976076444610953331e-03 9.562300250629207632e-03 9.999498726953888195e-01 5.253837704658508301e-01
9.999966621416511714e-01 -1.142912529402364012e-03 2.315708727985378666e-03 7.623019814491271973e-02 1.161143328899744143e-03 9.999682518750432347e-01 -7.886690744826389821e-03 -1.740150153636932373e-02 -2.306621288880705833e-03 7.889352998325993571e-03 9.999662042498655978e-01 5.750640630722045898e-01
9.999986886981879763e-01 -9.027751177828191717e-04 1.345144590495951338e-03 8.773459494113922119e-02 9.137502036048288090e-04 9.999660949723769843e-01 -8.180868722390917044e-03 -1.755192875862121582e-02 -1.337713561952114105e-03 8.182087117051095593e-03 9.999656081499139759e-01 6.496638655662536621e-01
9.999997019767903339e-01 -6.676280081581859038e-04 2.820201330752337347e-04 9.903260320425033569e-02 6.698598336698190214e-04 9.999678745847975225e-01 -7.989286407039594695e-03 -1.729389280080795288e-02 -2.766771940514445305e-04 7.989473164708993380e-03 9.999680519123010924e-01 7.132809758186340332e-01
9.999995231628666659e-01 -9.382829412142542399e-04 -4.010964055507959449e-04 1.075088232755661011e-01 9.351349460439382921e-04 9.999693602550181470e-01 -7.777901885068286281e-03 -1.693269051611423492e-02 4.083819512743502855e-04 7.777522785811230577e-03 9.999697208422553274e-01 7.391142845153808594e-01
9.999990463258789930e-01 -1.148216658075396990e-03 -7.975856961239544476e-04 1.175085380673408508e-01 1.141462716955525536e-03 9.999639314580025529e-01 -8.417459577831062911e-03 -1.652616821229457855e-02 8.072219789028167725e-04 8.416541206376637607e-03 9.999642968283311006e-01 7.480936050415039062e-01
9.999977946291593867e-01 -1.179789973120268926e-03 -1.744949277491767391e-03 1.263199597597122192e-01 1.163029055778544429e-03 9.999534888537473520e-01 -9.575415635244223858e-03 -1.568536832928657532e-02 1.756165060214698315e-03 9.573364695437680538e-03 9.999526143784365217e-01 7.335249185562133789e-01
9.999967813514842874e-01 -1.506090213727770367e-03 -2.063403967286119370e-03 1.329232454299926758e-01 1.484233960805103614e-03 9.999432238800912698e-01 -1.055324843745073134e-02 -1.537935622036457062e-02 2.079180907458066940e-03 1.055015129260650220e-02 9.999421836140243158e-01 7.039381265640258789e-01
9.999970197699497021e-01 -1.653124391025055174e-03 -1.807683508475438437e-03 1.353442668914794922e-01 1.632149866952148365e-03 9.999320759903225220e-01 -1.154352887499253931e-02 -1.524676475673913956e-02 1.826643478125333786e-03 1.154054358537437430e-02 9.999317527928468508e-01 6.562097668647766113e-01
9.999972581881308997e-01 -1.859015720670046095e-03 -1.451456342913924093e-03 1.386670917272567749e-01 1.839572336348141435e-03 9.999100802804012922e-01 -1.328415555949207134e-02 -1.516142766922712326e-02 1.476021250709891319e-03 1.328144846461243311e-02 9.999107123367707572e-01 6.020255684852600098e-01
9.999969005608697614e-01 -1.756152982366261011e-03 -1.776616194830587820e-03 1.494324207305908203e-01 1.728603279188951902e-03 9.998800276594549397e-01 -1.539135285806175063e-02 -1.499881595373153687e-02 1.803432707674801350e-03 1.538823396813954192e-02 9.998799564360218994e-01 5.918143391609191895e-01
9.999965429327914990e-01 -1.325522276675832403e-03 -2.277248315416490615e-03 1.662835180759429932e-01 1.280495216246707590e-03 9.998058694681788428e-01 -1.966154020709947464e-02 -1.425181422382593155e-02 2.302868058905005455e-03 1.965855680532646588e-02 9.998041396440555673e-01 5.806450247764587402e-01
9.999973177922285572e-01 -1.124118963931891027e-03 -2.014849120177355027e-03 1.890523880720138550e-01 1.074721773730781538e-03 9.997028175940682049e-01 -2.435222426822758815e-02 -1.336644496768712997e-02 2.041625324636697769e-03 2.434999445071317492e-02 9.997013813482915623e-01 5.721115469932556152e-01
9.999983906749818630e-01 -7.829815058936230848e-04 -1.598089617887504203e-03 2.097363024950027466e-01 7.384944685720137847e-04 9.996173648378542387e-01 -2.765088766309563989e-02 -1.259448565542697906e-02 1.619128277525305748e-03 2.764966438451921249e-02 9.996163850075419077e-01 5.595164895057678223e-01
9.999985694889090837e-01 -8.592974000117306306e-04 -1.434208198132968983e-03 2.365526556968688965e-01 8.166548183305560871e-04 9.995652087630452209e-01 -2.947281060079959616e-02 -1.247941330075263977e-02 1.458910643123090267e-03 2.947159861091708244e-02 9.995645289313301873e-01 5.749482512474060059e-01
9.999992847443763822e-01 -7.320461637045824191e-04 -9.720989647073825703e-04 2.593057751655578613e-01 7.007924292181666459e-04 9.994949478150992883e-01 -3.177096703655181431e-02 -1.215032581239938736e-02 9.948657825589179993e-04 3.177026261912452298e-02 9.994947316669424708e-01 5.651725530624389648e-01
9.999996423721491112e-01 -7.939386772989163879e-04 3.216502882758187284e-04 2.793973982334136963e-01 8.046744144529424658e-04 9.993912661890858029e-01 -3.487887902033314641e-02 -1.222102623432874680e-02 -2.937627723440527916e-04 3.487912357573952349e-02 9.993914962177541383e-01 5.396033525466918945e-01
9.999990463258789930e-01 -7.601460827020849360e-04 1.156574899986528501e-03 2.982255518436431885e-01 8.023119859136562670e-04 9.993185140868158234e-01 -3.690486898278658168e-02 -1.234423648566007614e-02 -1.127733499743044376e-03 3.690575996258105285e-02 9.993181233104131422e-01 5.121399760246276855e-01
9.999992251397600285e-01 -7.600176079502235678e-04 1.036498155144023993e-03 3.175625503063201904e-01 7.997570471132142700e-04 9.992430525351048143e-01 -3.889453428847233774e-02 -1.186033058911561966e-02 -1.006152946501970291e-03 3.889533140285017510e-02 9.992428425582318141e-01 4.899956881999969482e-01
9.999995231628844294e-01 -4.077346786462677456e-04 8.959224181698524289e-04 3.344868719577789307e-01 4.437217590033855352e-04 9.991777102251400144e-01 -4.054156739796477282e-02 -1.141638122498989105e-02 -8.786555845290422440e-04 4.054194729019577892e-02 9.991774561961364043e-01 4.636774957180023193e-01
9.999997615814208984e-01 -5.422177345153450338e-05 7.236962110429344484e-04 3.544425368309020996e-01 8.348379389210014434e-05 9.991797233157908575e-01 -4.049554786726372591e-02 -1.096322480589151382e-02 -7.209068280644714832e-04 4.049559834704208328e-02 9.991794826555917552e-01 4.532674551010131836e-01
9.999997019767761230e-01 -1.516116051532700060e-04 7.975971929003037360e-04 3.710424005985260010e-01 1.845422698617503465e-04 9.991405666748263137e-01 -4.145063410625571265e-02 -1.040404010564088821e-02 -7.906272658146917820e-04 4.145076753175858109e-02 9.991402628598926583e-01 4.330222904682159424e-01
9.999992847443337496e-01 -4.098768287427913422e-04 1.100243274870784868e-03 3.906125426292419434e-01 4.565517781830279176e-04 9.990851495353892942e-01 -4.276293212262013282e-02 -1.017422042787075043e-02 -1.081709167920053005e-03 4.276340513620935369e-02 9.990846520154192945e-01 4.173117876052856445e-01
9.999992251397671339e-01 -8.783989149806460065e-04 8.778857791549226708e-04 4.182630777359008789e-01 9.159441904884810248e-04 9.990432006237823792e-01 -4.372436963880765165e-02 -1.029190421104431152e-02 -8.386383997276425362e-04 4.372513965660740354e-02 9.990432265841064918e-01 4.137661457061767578e-01
9.999991655350903841e-01 -1.124655914961626441e-03 6.866124342491301087e-04 4.404264390468597412e-01 1.154876340426227999e-03 9.989533170248978688e-01 -4.572672570771158657e-02 -1.021133549511432648e-02 -6.344669382087886333e-04 4.572747947678190705e-02 9.989537598573079435e-01 3.936951458454132080e-01
9.999986290935680699e-01 -1.320357649012546047e-03 9.669729483020358257e-04 4.654800295829772949e-01 1.364527166533818781e-03 9.988845583320921095e-01 -4.719937710998079600e-02 -1.025906670838594437e-02 -9.035742841660976410e-04 4.720063400837326562e-02 9.988850359798568945e-01 3.785733282566070557e-01
9.999977350247810648e-01 -1.428629147617861998e-03 1.595821038842067238e-03 4.875937402248382568e-01 1.505011268802196323e-03 9.988008085442287021e-01 -4.893517556639677413e-02 -1.042670290917158127e-02 -1.523997168987989426e-03 4.893746645373608928e-02 9.988006962993907223e-01 3.603818416595458984e-01
9.999982714660262673e-01 -1.124972128180109663e-03 1.462367485858963529e-03 5.057510137557983398e-01 1.193548973107153022e-03 9.988575792104755768e-01 -4.777191045232728750e-02 -1.048767007887363434e-02 -1.406954717822372913e-03 4.777357356836953173e-02 9.988572013026697505e-01 3.404722511768341064e-01
9.999995827674865723e-01 -9.375228544268610640e-04 1.694950059741213196e-04 5.199040770530700684e-01 9.444492752663791180e-04 9.988958895778528024e-01 -4.696966713232576113e-02 -1.067423634231090546e-02 -1.252727233804762363e-04 4.696980491280555725e-02 9.988963007926940918e-01 3.166025876998901367e-01
9.999996423721633221e-01 -6.464039577010494706e-04 -5.240263549742959701e-04 5.289238095283508301e-01 6.212730712402136923e-04 9.989126762317109831e-01 -4.661642754512906883e-02 -1.033107656985521317e-02 5.535896052606403828e-04 4.661608398865002556e-02 9.989126922644011586e-01 2.870973646640777588e-01
9.999997019767974393e-01 -5.420330585688499982e-04 -5.427734750535265478e-04 5.408489108085632324e-01 5.169056479391621883e-04 9.989746081557521196e-01 -4.527077492811877601e-02 -9.710053913295269012e-03 5.667551886290311813e-04 4.527047957113605747e-02 9.989745618746148637e-01 2.639149129390716553e-01
9.999998211860727793e-01 -4.127958892822891179e-04 2.813328549608208585e-04 5.469802618026733398e-01 4.246933714669408333e-04 9.990449597711587026e-01 -4.369075091373874481e-02 -9.450666606426239014e-03 -2.630288363434374332e-04 4.369086511785580385e-02 9.990450144383267173e-01 2.378689199686050415e-01
9.999996423721313477e-01 -8.084194308218479227e-04 5.836199490712556910e-05 5.600683093070983887e-01 8.101905114017426968e-04 9.990576517195649542e-01 -4.339409540430187034e-02 -9.764268063008785248e-03 -2.322637010365724564e-05 4.339412972331047058e-02 9.990580081939697266e-01 2.144097089767456055e-01
9.999989271166676019e-01 -1.190680868914943420e-03 -8.418222218781519104e-04 5.701666474342346191e-01 1.153112140861847768e-03 9.990613617060857266e-01 -4.330172542161308397e-02 -1.016381476074457169e-02 8.925906149670481682e-04 4.330070745318659320e-02 9.990616444686395425e-01 1.900096535682678223e-01
9.999986886978895484e-01 -1.605940305961033997e-03 -3.300149261741672007e-04 5.796850323677062988e-01 1.589990126193152609e-03 9.990440341280424352e-01 -4.368631847781882099e-02 -1.047684997320175171e-02 3.998570609837770462e-04 4.368573539342057721e-02 9.990452528568916080e-01 1.629769951105117798e-01
9.999986290931701660e-01 -1.667525708029830508e-03 -5.330155024410324831e-05 5.812146067619323730e-01 1.663707778789103031e-03 9.990792794158875889e-01 -4.286947802017367082e-02 -1.069024018943309784e-02 1.247384352609515190e-04 4.286932945251464844e-02 9.990806579589843750e-01 1.348382681608200073e-01
9.999979734420776367e-01 -2.008233261613394469e-03 1.998645374192626928e-04 6.009376049041748047e-01 2.014735480770468712e-03 9.991583938094891204e-01 -4.096945472756201995e-02 -1.116694975644350052e-02 -1.174201024696230888e-04 4.096977412700653076e-02 9.991604089736938477e-01 1.182211339473724365e-01
9.999976158150296612e-01 -2.014727224902697171e-03 -8.350022823673014689e-04 6.575222015380859375e-01 1.983805663189563973e-03 9.993673533227285244e-01 -3.551073902673453769e-02 -1.243978086858987808e-02 9.060184238478541374e-04 3.550899782400795957e-02 9.993689658888769145e-01 1.260397583246231079e-01
9.999955892610614683e-01 -2.298134461419451546e-03 -1.881611286960852046e-03 6.957219243049621582e-01 2.244337139268193226e-03 9.996023152881380325e-01 -2.811059808684554864e-02 -1.358148548752069473e-02 1.945464871823787689e-03 2.810625027705881962e-02 9.996030338193122589e-01 1.337168961763381958e-01
9.999960064927790881e-01 -1.995667589902985848e-03 -1.999762881579080550e-03 6.695854067802429199e-01 1.951037211965329921e-03 9.997544009375772811e-01 -2.207658658980980390e-02 -1.424739230424165726e-02 2.043329179286956787e-03 2.207259699448904655e-02 9.997543101624337680e-01 1.228726655244827271e-01
9.999989271165077298e-01 -1.390958337546476528e-03 -4.865404386169409857e-04 6.124237179756164551e-01 1.382965429667759594e-03 9.998701103017064717e-01 -1.605965106076895008e-02 -1.468205079436302185e-02 5.088155157864093781e-04 1.605896087778058146e-02 9.998709559594303187e-01 1.098324358463287354e-01
9.999995827675078885e-01 -8.751447023885163901e-04 -3.917573159227018546e-04 5.647878050804138184e-01 8.701819524246749704e-04 9.999216155424912600e-01 -1.249373648246373571e-02 -1.456399727612733841e-02 4.026604001410305500e-04 1.249338984528836072e-02 9.999219179199947405e-01 9.965691715478897095e-02
9.999997615814208984e-01 -7.024985915952929039e-04 -4.489705358776383172e-05 5.422381758689880371e-01 7.020171033218502998e-04 9.999502297709982335e-01 -9.950161502526410143e-03 -1.501639652997255325e-02 5.188479553908109665e-05 9.950127452611923218e-03 9.999504685401916504e-01 9.573325514793395996e-02
9.999988675120619064e-01 -1.111919111309060118e-03 9.964848220267768977e-04 5.276072025299072266e-01 1.120019635697522276e-03 9.999659748012010851e-01 -8.165703029347359462e-03 -1.548007316887378693e-02 -9.873714298009872437e-04 8.166810328691376242e-03 9.999661445776837354e-01 9.276524931192398071e-02
9.999983906751950258e-01 -1.427569799911488886e-03 1.089060525386125215e-03 5.113591551780700684e-01 1.434655470605894489e-03 9.999776584026507376e-01 -6.533463193929183246e-03 -1.557183917611837387e-02 -1.079709152691066265e-03 6.535014899063829041e-03 9.999780655034413712e-01 9.015354514122009277e-02
9.999995827675078885e-01 -8.379208385941662495e-04 2.902487575940729822e-04 5.188156366348266602e-01 8.393965044791069918e-04 9.999865305844424235e-01 -5.121960591846710584e-03 -1.502889394760131836e-02 -2.859530504792928696e-04 5.122202143239829031e-03 9.999868273742862357e-01 9.344856441020965576e-02
9.999991059303781071e-01 -3.584434089948323695e-04 -1.290403418430779254e-03 5.288006663322448730e-01 3.528660129120467226e-04 9.999905804975467438e-01 -4.319855215549234760e-03 -1.424504630267620087e-02 1.291939755901694298e-03 4.319395990872720859e-03 9.999898076135522729e-01 9.544014930725097656e-02
9.999715685844421387e-01 -1.425029861808941884e-04 -7.539911803795882120e-03 6.267679333686828613e-01 1.138948350396171150e-04 9.999927845798441961e-01 -3.794522408749760427e-03 -1.397957466542720795e-02 7.540398277342319489e-03 3.793555718882277161e-03 9.999643566274762918e-01 1.180999949574470520e-01
9.999663829823468575e-01 -2.723881622771114346e-04 -8.193177849069798249e-03 6.578847765922546387e-01 2.559875961815928636e-04 9.999979096411373281e-01 -2.002717557273201322e-03 -1.368244923651218414e-02 8.193707093596458435e-03 2.000552987359210944e-03 9.999644160950751370e-01 1.276169568300247192e-01
9.999918341641489405e-01 -2.889456679642358225e-04 -4.027754509271002682e-03 6.490959525108337402e-01 2.857536429354268215e-04 9.999996414606464601e-01 -7.930596216474572902e-04 -1.400762982666492462e-02 4.027982242405414581e-03 7.919022298670530535e-04 9.999915957475025152e-01 1.261485517024993896e-01
9.999996423721313477e-01 -8.334073050335822535e-04 1.018186722531451796e-04 6.265984773635864258e-01 8.332854486070573330e-04 9.999989270146120157e-01 1.191126793852501130e-03 -1.486152037978172302e-02 -1.028112601488828659e-04 -1.191041548736393452e-03 9.999992847442626953e-01 1.248667985200881958e-01
9.999801516713091587e-01 -1.397422944604329162e-03 6.146406240597585349e-03 6.723129153251647949e-01 1.373605459710464105e-03 9.999915034526084545e-01 3.877553741272114166e-03 -1.585595309734344482e-02 -6.151773035526275635e-03 -3.869034120396339094e-03 9.999735952842669917e-01 1.381729990243911743e-01
9.999544621144877965e-01 -1.732254197014812579e-03 9.385735417241355266e-03 7.315208911895751953e-01 1.680515038126301208e-03 9.999833430598319417e-01 5.517621985939314029e-03 -1.715040206909179688e-02 -9.395137429237365723e-03 -5.501598057172318867e-03 9.999407536508613248e-01 1.549838036298751831e-01
9.999917745635684696e-01 -1.108759585360542550e-03 3.906263502666235121e-03 7.741855382919311523e-01 1.090553883569711502e-03 9.999885360563789405e-01 4.659703591471656657e-03 -1.747198775410652161e-02 -3.911385312676429749e-03 -4.655405285422631323e-03 9.999815226428836468e-01 1.667762994766235352e-01
9.999974370005659807e-01 -4.954715522037944500e-04 -2.217061642854445229e-03 8.628163337707519531e-01 5.043999887548340777e-04 9.999917790620614921e-01 4.028403974724358363e-03 -1.777497306466102600e-02 2.215047366917133331e-03 -4.029511871314617188e-03 9.999894499976846873e-01 1.888797283172607422e-01
9.999689459819194326e-01 -2.209290099979114869e-04 -7.877719445861731257e-03 9.307148456573486328e-01 2.575159232173496182e-04 9.999891613786392464e-01 4.643640697159757968e-03 -1.723286136984825134e-02 7.876608520746231079e-03 -4.645525377358739050e-03 9.999582174783938626e-01 2.100366055965423584e-01
9.999897480010986328e-01 -1.625862726198981645e-04 -4.529640989656569944e-03 9.277125000953674316e-01 1.797624187590621259e-04 9.999927909257376735e-01 3.791794244621492574e-03 -1.696301251649856567e-02 4.528991878032684326e-03 -3.792569507813869922e-03 9.999825359130198876e-01 2.115084230899810791e-01
9.999965429327914990e-01 -1.287860078589617282e-03 2.289865384057558628e-03 9.177538752555847168e-01 1.278377859926321802e-03 9.999906299463389159e-01 4.137595873540777895e-03 -1.745213195681571960e-02 -2.295172540470957756e-03 -4.134654399736481523e-03 9.999888539537806764e-01 2.117815613746643066e-01
9.999907016829290285e-01 -1.352775753317902920e-03 4.100213233438523841e-03 9.450551867485046387e-01 1.332353196799480888e-03 9.999866809578987770e-01 4.979515950472797152e-03 -1.785216294229030609e-02 -4.106895066797733307e-03 -4.974006781527373633e-03 9.999791980831673754e-01 2.229391783475875854e-01
9.999994039535842205e-01 -3.298371607415107932e-04 1.016226910120841820e-03 9.383766651153564453e-01 3.260352529618829043e-04 9.999929654120911504e-01 3.739085696666795064e-03 -1.724291406571865082e-02 -1.017453032545745373e-03 -3.738752190468444536e-03 9.999924898184993083e-01 2.243333905935287476e-01
9.999979734420776367e-01 1.979110749676382675e-04 -2.006399787177622421e-03 1.005867481231689453e+00 -1.934784967358577079e-04 9.999975553519382387e-01 2.209172501288026412e-03 -1.792159304022789001e-02 2.006832044571638107e-03 -2.208779746373679131e-03 9.999955296565943286e-01 2.400776892900466919e-01
9.999945163730039610e-01 -2.744001502131206984e-04 -3.294955116211465817e-03 1.033258438110351562e+00 2.808851612414679094e-04 9.999979752640210107e-01 1.967859485170425724e-03 -1.811845600605010986e-02 3.294408787041902542e-03 -1.968774277527271521e-03 9.999926090347166507e-01 2.478805631399154663e-01
9.999984502797083508e-01 -9.021975116222605978e-04 -1.491805952349345779e-03 1.055559992790222168e+00 9.051319438575858300e-04 9.999976184703984750e-01 1.967525802791048398e-03 -1.883385702967643738e-02 1.490027410909533501e-03 -1.968873064823115082e-03 9.999969005606992312e-01 2.559191882610321045e-01
