0.000000000000000000e+00 0.000000000000000000e+00 0.000000000000000000e+00 0.000000000000000000e+00 0.000000000000000000e+00 0.000000000000000000e+00 0.000000000000000000e+00 0.000000000000000000e+00 0.000000000000000000e+00 0.000000000000000000e+00 0.000000000000000000e+00 0.000000000000000000e+00
9.999990986085165456e-01 -6.230583345952732648e-04 -1.189361369003019437e-03 -8.575373329222202301e-03 6.242557269297291855e-04 9.999992984833377951e-01 1.006646720388271101e-03 -1.845871098339557648e-02 1.188733335017070920e-03 -1.007388278651479615e-03 9.999987860402201889e-01 1.019941568374633789e+00
9.999977465548254285e-01 -1.486679778196758634e-03 -1.515476330467090951e-03 -1.730901934206485748e-02 1.490152223243042988e-03 9.999962613090046526e-01 2.292774381488420308e-03 -3.680165484547615051e-02 1.512062043260454028e-03 -2.295027505270171887e-03 9.999962232514317817e-01 2.023342132568359375e+00
9.999960526856352949e-01 -2.533305211762611805e-03 -1.215309776242299092e-03 -2.661549858748912811e-02 2.537682448437945069e-03 9.999902501645506758e-01 3.613826729419195288e-03 -5.574623495340347290e-02 1.206143001083916175e-03 -3.616896534797619470e-03 9.999927316128439658e-01 3.041520953178405762e+00
9.999930617869979832e-01 -3.467196724215210017e-03 -1.361956218357691191e-03 -3.811230976134538651e-02 3.473977092866289366e-03 9.999814255741951152e-01 5.007992587731468700e-03 -7.511656545102596283e-02 1.344567225307887219e-03 -5.012689245916244693e-03 9.999865324520629262e-01 4.108054757118225098e+00
9.999903529826749127e-01 -3.844451717921273243e-03 -2.124648811825234889e-03 -5.212512891739606857e-02 3.857855767956202848e-03 9.999724529444236065e-01 6.341159293549001805e-03 -9.445451013743877411e-02 2.100212003266638434e-03 -6.349294708949016798e-03 9.999776375330801104e-01 5.191763043403625488e+00
9.999850049561487264e-01 -4.305724574951793997e-03 -3.383873333291171921e-03 -6.864691060036420822e-02 4.332689371196325225e-03 9.999585962235372216e-01 8.002102315363914323e-03 -1.138333026319742203e-01 3.349278379565560643e-03 -8.016643595513420206e-03 9.999622571676386462e-01 6.285783529281616211e+00
9.999788300144131226e-01 -4.769298788954360983e-03 -4.426433334755114704e-03 -8.763146866112947464e-02 4.812140830741209671e-03 9.999411901218421272e-01 9.719032788252332175e-03 -1.331522669643163681e-01 4.379820045443204302e-03 -9.740127657053015628e-03 9.999429719186958554e-01 7.376463890075683594e+00
9.999747565168772834e-01 -5.358193070880505268e-03 -4.666486475632862160e-03 -1.101815914735198021e-01 5.414800129140414503e-03 9.999108720710365716e-01 1.220360003034323855e-02 -1.524044591933488846e-01 4.600681316235370917e-03 -1.222856006054272651e-02 9.999146443823454522e-01 8.462193965911865234e+00
9.999717460650098255e-01 -5.961326347329362618e-03 -4.579264119503712906e-03 -1.360250217840075493e-01 6.029471322258498321e-03 9.998690978504287674e-01 1.501441438564227009e-02 -1.718095783144235611e-01 4.489158859920165494e-03 -1.504160071103989756e-02 9.998767912601932428e-01 9.551638603210449219e+00
9.999694704938134615e-01 -6.367818380659587101e-03 -4.528682964527039854e-03 -1.668213261291384697e-01 6.449097214960943132e-03 9.998141973695611195e-01 1.816534842418789097e-02 -1.917241364717483521e-01 4.412167883733177608e-03 -1.819399976176476821e-02 9.998247402156213992e-01 1.066575038433074951e+01
9.999646931303883823e-01 -6.779052414150163637e-03 -4.965575597494476488e-03 -2.013368634507060051e-01 6.882322499879104001e-03 9.997540172249843593e-01 2.108408593022895530e-02 -2.122241873294115067e-01 4.821424027803986913e-03 -2.111751620981562258e-02 9.997653746652123141e-01 1.179933917522430420e+01
9.999571760389418529e-01 -7.223187477100241963e-03 -5.785468943421402839e-03 -2.387907942757010460e-01 7.358155966477915831e-03 9.996930393795280256e-01 2.365765324148807330e-02 -2.326810304075479507e-01 5.612809367653312162e-03 -2.369921050989184236e-02 9.997033779037710621e-01 1.294483935832977295e+01
9.999372934476992159e-01 -7.693430955492823985e-03 -8.137585183773205985e-03 -2.795105529949069023e-01 7.901795833475380379e-03 9.996335466612683573e-01 2.589080941222207666e-02 -2.530451659113168716e-01 7.935413983918643277e-03 -2.595348742552724963e-02 9.996316550086621344e-01 1.413153100013732910e+01
9.999128349065067312e-01 -8.277462435362842319e-03 -1.028621431160375334e-02 -3.235796792432665825e-01 8.564818354283895707e-03 9.995652320336432251e-01 2.821330884684038892e-02 -2.742069661617279053e-01 1.004820759096897512e-02 -2.829894918826911937e-02 9.995489997989336350e-01 1.536485266685485840e+01
9.999011571279050603e-01 -8.955837561221070831e-03 -1.083830927098444231e-02 -3.701055897399783134e-01 9.284079705320875259e-03 9.994878606822521494e-01 3.062388304640889861e-02 -2.958173938095569611e-01 1.055849602461138986e-02 -3.072147982099662777e-02 9.994722151412245292e-01 1.659933996200561523e+01
9.998944541415016873e-01 -9.668752675494111243e-03 -1.084415966169771650e-02 -4.212696654722094536e-01 1.002509125163108909e-02 9.993950626287713135e-01 3.330174678047287395e-02 -3.186188954859972000e-01 1.051561327097645833e-02 -3.340694560917521067e-02 9.993865107467684306e-01 1.788116633892059326e+01
9.998904765144510653e-01 -1.014276909287260831e-02 -1.077771825725590098e-02 -4.782101279124617577e-01 1.053046031277740657e-02 9.992765096568211325e-01 3.654540537033672265e-02 -3.421142939478158951e-01 1.039924907409852002e-02 -3.665489712453008642e-02 9.992738734378503462e-01 1.920477426052093506e+01
9.998697515878102182e-01 -1.036967147198309194e-02 -1.236728641593865669e-02 -5.397293930873274803e-01 1.084639370675791886e-02 9.991754888809863955e-01 3.912413785631413399e-02 -3.659389019012451172e-01 1.195138499458213606e-02 -3.925318245703156295e-02 9.991578213994554147e-01 2.057965087890625000e+01
9.998350956446924176e-01 -1.060839274546902800e-02 -1.473918317026361863e-02 -6.042858725413680077e-01 1.120754241362780131e-02 9.990888628849943220e-01 4.118051787211544912e-02 -3.902216665446758270e-01 1.428889464638312054e-02 -4.133891704588747718e-02 9.990430027918005829e-01 2.198644530773162842e+01
9.997978835156339228e-01 -1.136716387660579447e-02 -1.658251196475788586e-02 -6.695597833022475243e-01 1.206209103931796950e-02 9.990267383200192031e-01 4.242737419901133206e-02 -4.153356291353702545e-01 1.608409392593052739e-02 -4.261881869627683755e-02 9.989619303134207318e-01 2.342404794692993164e+01
9.997873610188232618e-01 -1.307334695355723622e-02 -1.594742444563433323e-02 -7.350504687055945396e-01 1.376504746837802808e-02 9.989338637941259647e-01 4.406426254383523367e-02 -4.413925483822822571e-01 1.535435492655420550e-02 -4.427440981843413365e-02 9.989014067564520039e-01 2.482627403736114502e+01
9.997817094616003875e-01 -1.462950725113519937e-02 -1.491680071694121042e-02 -8.044425239786505699e-01 1.529637027290215237e-02 9.988418623601441615e-01 4.561748626780203625e-02 -4.686442781239748001e-01 1.423216366243132240e-02 -4.583570130921763713e-02 9.988476029920571042e-01 2.625168287754058838e+01
9.997883755186529608e-01 -1.582476815246759705e-02 -1.314461451293164919e-02 -8.763096323236823082e-01 1.643653175467979857e-02 9.987209036136555085e-01 4.781628497699108582e-02 -4.960494190454483032e-01 1.237111966033506427e-02 -4.802221775432771733e-02 9.987696541246663395e-01 2.766312992572784424e+01
9.997803262503769384e-01 -1.659059446919801048e-02 -1.280825584724571038e-02 -9.512502467259764671e-01 1.720650515678254569e-02 9.986220938178705930e-01 4.957670742497652383e-02 -5.231349002569913864e-01 1.196810022432563160e-02 -4.978620204404753113e-02 9.986881889073534468e-01 2.907979702949523926e+01
9.997722979019533218e-01 -1.748728857294648900e-02 -1.222894460753891181e-02 -1.028373329900205135e+00 1.809555303247802754e-02 9.985070971775059645e-01 5.153763524454205852e-02 -5.493895653635263443e-01 1.130943448172962856e-02 -5.174718953254547199e-02 9.985961771743302462e-01 3.047345805168151855e+01
9.997603320822503470e-01 -1.796301756293862406e-02 -1.251432758170467271e-02 -1.108220628462731838e+00 1.860429262254679680e-02 9.984123767103869618e-01 5.316583797450369353e-02 -5.751080457121133804e-01 1.153944066249775087e-02 -5.338591604112536554e-02 9.985072785301301046e-01 3.187297332286834717e+01
9.997446929431748064e-01 -1.831369127593930959e-02 -1.323471358990590575e-02 -1.189740872941911221e+00 1.900843058580795747e-02 9.983367194714468651e-01 5.442861491581744288e-02 -6.002549566328525543e-01 1.221591169834557004e-02 -5.466629004093298549e-02 9.984299515912665735e-01 3.326158237457275391e+01
9.997249602018254411e-01 -1.849845030890267736e-02 -1.441566112350053247e-02 -1.272983252070844173e+00 1.927018058949029472e-02 9.982797100776132915e-01 5.537400642363565773e-02 -6.254611648619174957e-01 1.336652870071274903e-02 -5.563656876125153139e-02 9.983616119057100446e-01 3.464889025688171387e+01
9.997034955255437172e-01 -1.892743060939575117e-02 -1.531905364360385165e-02 -1.356303176842629910e+00 1.976315240670756604e-02 9.982138303551753022e-01 5.637877876114767706e-02 -6.499793305993080139e-01 1.422458579215410933e-02 -5.666481499286569329e-02 9.982919211838118256e-01 3.600484347343444824e+01
9.996855215357237645e-01 -1.939721699367730201e-02 -1.589358376037991807e-02 -1.439805022440850735e+00 2.028029009031953600e-02 9.981437735997276128e-01 5.742575256753889440e-02 -6.741309762001037598e-01 1.475018188703118745e-02 -5.773001989429684538e-02 9.982232600662557243e-01 3.733005678653717041e+01
9.996673478106767874e-01 -1.974914164549866277e-02 -1.658810192376287962e-02 -1.524086697958409786e+00 2.068566359378156208e-02 9.980833395843502487e-01 5.832452799496336965e-02 -6.978672109544277191e-01 1.540444880065545800e-02 -5.864826210908893195e-02 9.981598490766554477e-01 3.864257740974426270e+01
9.996499859996340609e-01 -2.024066530992198187e-02 -1.703587270271976831e-02 -1.608055538497865200e+00 2.121941742879399767e-02 9.980098357996028957e-01 5.938100682231851890e-02 -7.213395312428474426e-01 1.580005743388755018e-02 -5.972171393271769047e-02 9.980900135108178306e-01 3.993560504913330078e+01
9.996287207146694609e-01 -2.123624628803916919e-02 -1.707168901857293586e-02 -1.692042632959783077e+00 2.223741038249268595e-02 9.979041668121346742e-01 6.076817784383337084e-02 -7.445497941225767136e-01 1.574542161498788950e-02 -6.112524603282097624e-02 9.980059047899432212e-01 4.120207607746124268e+01
9.996038481940828779e-01 -2.260104399298258973e-02 -1.677317757636892503e-02 -1.777998163364827633e+00 2.360967278587979001e-02 9.977597499412237392e-01 6.259444662404446691e-02 -7.675541471689939499e-01 1.532090162245117008e-02 -6.296565895513149547e-02 9.978980888677065897e-01 4.245534384250640869e+01
9.995760662083092996e-01 -2.374779166724792778e-02 -1.684429441830653448e-02 -1.869034855626523495e+00 2.478642134933350255e-02 9.976164767770373532e-01 6.439719388035528014e-02 -7.910759914666414261e-01 1.527485450716003015e-02 -6.478740351256372099e-02 9.977821762117647930e-01 4.374357163906097412e+01
9.995427874361170195e-01 -2.462873963329040988e-02 -1.753970548535354473e-02 -1.964142358861863613e+00 2.573778885943621073e-02 9.974812274138150636e-01 6.609665030586744927e-02 -8.150026556104421616e-01 1.586764976499142193e-02 -6.651786332335575536e-02 9.976590557649596125e-01 4.505158793926239014e+01
9.995013783721211631e-01 -2.591049963279110080e-02 -1.804551581443123581e-02 -2.062852046452462673e+00 2.707971726404122259e-02 9.973256201532356702e-01 6.788443340607096255e-02 -8.395980838686227798e-01 1.623833566377242202e-02 -6.833925222551698320e-02 9.975299810332157735e-01 4.638245582580566406e+01
9.994475615217176534e-01 -2.726279637698831443e-02 -1.900820091432228742e-02 -2.163976459763944149e+00 2.852014398979698176e-02 9.971841051678921319e-01 6.935749265444486611e-02 -8.642021324485540390e-01 1.706379662014338716e-02 -6.986129353380883533e-02 9.974107611765021808e-01 4.772528016567230225e+01
9.993990647874899658e-01 -2.830229851346946837e-02 -2.001222628156849870e-02 -2.263473673723638058e+00 2.964390057988634808e-02 9.970875943386384721e-01 7.026783314146289872e-02 -8.883508648723363876e-01 1.796520137098526343e-02 -7.081884717249442573e-02 9.973273998165590459e-01 4.904483675956726074e+01
9.993458873115825813e-01 -2.942568827799679418e-02 -2.102204516196954504e-02 -2.364285080693662167e+00 3.084807078026255076e-02 9.970069405984597344e-01 7.089116254961073949e-02 -9.128669798374176025e-01 1.887310368120826212e-02 -7.149328127779269737e-02 9.972625114229316523e-01 5.038017678260803223e+01
9.992911272738335127e-01 -3.072831800368039379e-02 -2.174887179731112286e-02 -2.465618698857724667e+00 3.221276651383763595e-02 9.969158836150167069e-01 7.156157257645738567e-02 -9.373346753418445587e-01 1.948282898647329606e-02 -7.221143585856251712e-02 9.971990412680552529e-01 5.171367883682250977e+01
9.992376662901015782e-01 -3.251697764819097558e-02 -2.160399110670263578e-02 -2.568204796873033047e+00 3.400262178772273797e-02 9.967967221805612565e-01 7.238864801645372715e-02 -9.623757842928171158e-01 1.918092747164539674e-02 -7.306805604856334013e-02 9.971424929299780304e-01 5.304990875720977783e+01
9.991783942433321020e-01 -3.413144509412100597e-02 -2.185362517074304969e-02 -2.670961237512528896e+00 3.564342856398466236e-02 9.966940733499538574e-01 7.301006882123162178e-02 -9.873625878244638443e-01 1.928943953360110625e-02 -7.372902145603085766e-02 9.970917454866505825e-01 5.438062345981597900e+01
9.991217040906023028e-01 -3.553929889848363860e-02 -2.219861817535153867e-02 -2.773734181188046932e+00 3.708498928349689139e-02 9.965973224877986425e-01 7.361032794379758493e-02 -1.011905876919627190e+00 1.950702398967430265e-02 -7.436891181101648596e-02 9.970399896549342333e-01 5.570083785057067871e+01
9.990656530007345770e-01 -3.703989286497412492e-02 -2.226807873991475117e-02 -2.874986804090440273e+00 3.859452094763228536e-02 9.965113113799661804e-01 7.399776513248809695e-02 -1.036086756736040115e+00 1.944952305426991823e-02 -7.478805137407537607e-02 9.970097609475195855e-01 5.700109243392944336e+01
9.990077516899715793e-01 -3.878712112392234540e-02 -2.188769741809664868e-02 -2.976432553492486477e+00 4.031391021296101829e-02 9.964232522889627797e-01 7.426635133913027376e-02 -1.060017583891749382e+00 1.892883268163398150e-02 -7.507503934600365247e-02 9.969982135192151373e-01 5.830303788185119629e+01
9.989375382521371582e-01 -4.097798274279440545e-02 -2.108553060967029505e-02 -3.078996299766004086e+00 4.244844924071721620e-02 9.962946569562524113e-01 7.480030533013623528e-02 -1.084453234449028969e+00 1.794223586452795005e-02 -7.561588094279267369e-02 9.969755838140806903e-01 5.961449611186981201e+01
9.988617635263753458e-01 -4.304470358907864364e-02 -2.055068996184009067e-02 -3.183105519972741604e+00 4.448085971974941738e-02 9.961552470913549451e-01 7.547302041758639779e-02 -1.109120717272162437e+00 1.722296384398715879e-02 -7.630122663030916574e-02 9.969360522777470646e-01 6.093173825740814209e+01
9.987865020400815697e-01 -4.470557574620468572e-02 -2.066240159658061168e-02 -3.288470908068120480e+00 4.615439260088175649e-02 9.960410622838077321e-01 7.597351043743903742e-02 -1.133557982742786407e+00 1.718416091002679044e-02 -7.683497733288102705e-02 9.968957271811701437e-01 6.225656497478485107e+01
9.987126830029843250e-01 -4.595704448686594584e-02 -2.146920750779543821e-02 -3.394380263052880764e+00 4.746503616221823402e-02 9.959770448847431457e-01 7.600523932449469722e-02 -1.157866101711988449e+00 1.788986168476074459e-02 -7.692643319878170183e-02 9.968762594847032643e-01 6.358891296386718750e+01
9.986406082987671073e-01 -4.715818615767603666e-02 -2.220452510157012310e-02 -3.499583437107503414e+00 4.872153440459170426e-02 9.959080238250443973e-01 7.611452007440398793e-02 -1.181498641148209572e+00 1.852424200690738418e-02 -7.709288916114528933e-02 9.968518139116048227e-01 6.491070437431335449e+01
9.985718900232510853e-01 -4.838274452717081231e-02 -2.265591506451991588e-02 -3.605098268948495388e+00 4.998270203614015028e-02 9.958247676938180026e-01 7.638561084863958184e-02 -1.205105906352400780e+00 1.886557586077480114e-02 -7.740892764773257828e-02 9.968209207113730708e-01 6.621930015087127686e+01
9.985094164030766661e-01 -4.963488118618402528e-02 -2.270074721282441463e-02 -3.709950140677392483e+00 5.123712463794691946e-02 9.957518227729406091e-01 7.650532336512132214e-02 -1.228621440008282661e+00 1.880697778013927512e-02 -7.755440679935396431e-02 9.968107200330349471e-01 6.751424837112426758e+01
9.984463365973981208e-01 -5.100500418961362303e-02 -2.243663260948140087e-02 -3.812230958603322506e+00 5.258240442073559839e-02 9.956840185529587384e-01 7.647500208280798295e-02 -1.251825015991926193e+00 1.843918871777046678e-02 -7.753595776056923516e-02 9.968190264905569808e-01 6.877984142303466797e+01
9.983720516962232283e-01 -5.256988017662665019e-02 -2.212812893330383043e-02 -3.912946282885968685e+00 5.412617181039419689e-02 9.955707585019393235e-01 7.687146636447682313e-02 -1.274656178429722786e+00 1.798899433057586997e-02 -7.794403449968650976e-02 9.967954271408383526e-01 7.001311552524566650e+01
9.982989151405424755e-01 -5.409499151413860174e-02 -2.174874530406919332e-02 -4.015345669351518154e+00 5.563087946154943175e-02 9.954281857610259854e-01 7.763975942033164712e-02 -1.297454424202442169e+00 1.744939195360563008e-02 -7.871758942954040772e-02 9.967442298979471982e-01 7.124634850025177002e+01
9.982104761284237293e-01 -5.597962585057408152e-02 -2.102681233794987878e-02 -4.119473076425492764e+00 5.746777261839096373e-02 9.952551655998256308e-01 7.851503331938770869e-02 -1.320707285776734352e+00 1.653180140657808245e-02 -7.958289286331193813e-02 9.966911571323184837e-01 7.248303151130676270e+01
9.981119116148945425e-01 -5.815315961822983132e-02 -1.976921644571608128e-02 -4.223803720436990261e+00 5.954907712440575540e-02 9.950576554602076351e-01 7.946175006672148711e-02 -1.344246383756399155e+00 1.505055833158568633e-02 -8.048895785417536919e-02 9.966418656455569014e-01 7.370794641971588135e+01
9.980092565299952811e-01 -6.004918712605734898e-02 -1.927742218102930158e-02 -4.332441843114793301e+00 6.141138837944485479e-02 9.948794316238298574e-01 8.027177529589113458e-02 -1.368143361061811447e+00 1.435845596695125258e-02 -8.129582804390889095e-02 9.965865858443511138e-01 7.496602296829223633e+01
9.979073250762479086e-01 -6.179712396305415273e-02 -1.902855824971002099e-02 -4.443176521919667721e+00 6.314581295898337443e-02 9.947000168244060081e-01 8.114482630011284059e-02 -1.392213445156812668e+00 1.391319032130217646e-02 -8.217659033703768323e-02 9.965206626737159734e-01 7.623290419578552246e+01
9.977806508572019117e-01 -6.405207599226749038e-02 -1.819627258697274416e-02 -4.555240965448319912e+00 6.534467785074776769e-02 9.944329448911302105e-01 8.266311869108497468e-02 -1.415932787582278252e+00 1.280022857454584696e-02 -8.366868993975702662e-02 9.964114132587021944e-01 7.748430204391479492e+01
9.976594764745366772e-01 -6.608421887733394173e-02 -1.756260276627469655e-02 -4.669634020887315273e+00 6.733396482324864596e-02 9.941814028882377530e-01 8.408017205237533487e-02 -1.439657637849450111e+00 1.190404056339075707e-02 -8.506594010853078813e-02 9.963042103954580231e-01 7.874288463592529297e+01
9.975245921903556079e-01 -6.815415821320443268e-02 -1.731180792737386023e-02 -4.785495392046868801e+00 6.939356319811343377e-02 9.939040721323679772e-01 8.566929896623401430e-02 -1.463205162435770035e+00 1.136755743923126456e-02 -8.665856055200805985e-02 9.961732141153564202e-01 7.999425613880157471e+01
9.973773855317412673e-01 -7.031020068274311530e-02 -1.717051280017124412e-02 -4.905050939880311489e+00 7.154798238448459302e-02 9.936055475998574193e-01 8.734358588641077947e-02 -1.486886469647288322e+00 1.091957172136056101e-02 -8.834303288171470314e-02 9.960302563148784039e-01 8.125583636760711670e+01
9.972173681865100781e-01 -7.262711151331233128e-02 -1.681734998159256644e-02 -5.026177770458161831e+00 7.383930615910834494e-02 9.933147350966462508e-01 8.873327394963570480e-02 -1.510765781626105309e+00 1.026048015991172166e-02 -8.972814337270401674e-02 9.959134414364411159e-01 8.252392804622650146e+01
9.970451879456202482e-01 -7.513423728263136925e-02 -1.599185988057812147e-02 -5.151201463304460049e+00 7.627525538952406592e-02 9.930061880537204289e-01 9.011545873090881509e-02 -1.535378137603402138e+00 9.109259560780827783e-03 -9.106896768370935369e-02 9.958029245364155013e-01 8.381748306751251221e+01
9.968685857831092179e-01 -7.768945753935027621e-02 -1.474350250196393951e-02 -5.277836001478135586e+00 7.871747458356205540e-02 9.926830568917478503e-01 9.156368142031588719e-02 -1.560319850221276283e+00 7.522092393090470085e-03 -9.243752889003647999e-02 9.956900729537948580e-01 8.510935258865356445e+01
9.966743375573039465e-01 -8.034493573109111053e-02 -1.359985871530488416e-02 -5.406116834841668606e+00 8.126539935913759671e-02 9.923360732280260832e-01 9.308626449364874877e-02 -1.585270103067159653e+00 6.016620455812038588e-03 -9.388188894961844999e-02 9.955651617074304793e-01 8.639958965778350830e+01
9.965087181327977328e-01 -8.253455246866978068e-02 -1.258659342811190886e-02 -5.536602026782929897e+00 8.335561496653898228e-02 9.920592940437017448e-01 9.418173153569862899e-02 -1.610165260732173920e+00 4.713399927684505664e-03 -9.490207979970038954e-02 9.954754537962314798e-01 8.770372796058654785e+01
9.963194356656392969e-01 -8.494617365124128294e-02 -1.147735583291434498e-02 -5.669863483868539333e+00 8.565474628172684013e-02 9.917633502492090303e-01 9.522983535572203395e-02 -1.635418392717838287e+00 3.293410741947150940e-03 -9.586242582199808182e-02 9.953891443858562393e-01 8.902804791927337646e+01
9.961215076246345834e-01 -8.739130504143295675e-02 -1.023239223154899340e-02 -5.804386771284043789e+00 8.797183658406644569e-02 9.914276011307845415e-01 9.660366289165342457e-02 -1.660635082051157951e+00 1.702355912069652239e-03 -9.712914865895369565e-02 9.952703303450453065e-01 9.035455048084259033e+01
9.959579979619422874e-01 -8.930156859198708219e-02 -9.638264504076638622e-03 -5.940818450413644314e+00 8.981648943003779639e-02 9.911404536473049642e-01 9.784477180860741419e-02 -1.685777442529797554e+00 8.151822519095562733e-04 -9.831495812349803909e-02 9.951550153051891279e-01 9.168729484081268311e+01
9.958264059188445261e-01 -9.075825114985640318e-02 -9.628557678914986123e-03 -6.075463331304490566e+00 9.126555235833409829e-02 9.909487432595842638e-01 9.844382756160253989e-02 -1.710315188392996788e+00 6.068175053341463279e-04 -9.891171862054540243e-02 9.950960273722557758e-01 9.300566589832305908e+01
9.957196150876289620e-01 -9.188995180659105533e-02 -9.934026712584450095e-03 -6.211148417554795742e+00 9.242223577435551563e-02 9.908024317930432812e-01 9.883658982108513291e-02 -1.734708109870553017e+00 7.605683489384031147e-04 -9.933165613224397006e-02 9.950540908040186316e-01 9.432920932769775391e+01
9.955694294712783554e-01 -9.364479450334876887e-02 -8.494914046580974432e-03 -6.345956436358392239e+00 9.402465234007464923e-02 9.905499394610387531e-01 9.985079962654513919e-02 -1.759460749104619026e+00 -9.358710174553634470e-04 -1.002071349563390806e-01 9.949661573386707758e-01 9.564207732677459717e+01
9.953966397756744966e-01 -9.566322014990542855e-02 -5.837622276824285493e-03 -6.481196812354028225e+00 9.575994042161155295e-02 9.901992660396227164e-01 1.016634021909645635e-01 -1.784078719094395638e+00 -3.945039131054661058e-03 -1.017544192904816236e-01 9.948017263862739545e-01 9.693917846679687500e+01
9.952316956127982284e-01 -9.745535722770021225e-02 -4.040469687543183502e-03 -6.616603023372590542e+00 9.734925831979074351e-02 9.898591866417558727e-01 1.034500484558039390e-01 -1.808469614014029503e+00 -6.082265388921104417e-03 -1.033501038632418240e-01 9.946264434847869040e-01 9.821620380878448486e+01
9.951113977796102184e-01 -9.868310113518836968e-02 -3.866724641419327143e-03 -6.756695917807519436e+00 9.854338388501177048e-02 9.895943986040154350e-01 1.048433485923077751e-01 -1.832566570490598679e+00 -6.519777726393832275e-03 -1.047118512963033377e-01 9.944812319478428808e-01 9.951602888107299805e+01
9.950021405673638020e-01 -9.974095561237188157e-02 -4.741522951005470304e-03 -6.899757943116128445e+00 9.968196353580913160e-02 9.893885358106209171e-01 1.057063449002049876e-01 -1.856395198032259941e+00 -5.852043404629661723e-03 -1.056506837651623454e-01 9.943860852847570264e-01 1.008300675153732300e+02
9.948803158220701492e-01 -1.009160274941127977e-01 -5.395607897681861317e-03 -7.044787070713937283e+00 1.009139963284177016e-01 9.891539466733995090e-01 1.067278554336472396e-01 -1.880204925313591957e+00 -5.433464346635464952e-03 -1.067259348764154625e-01 9.942736304910982925e-01 1.021453380584716797e+02
9.946980650491287212e-01 -1.027278738137270414e-01 -4.768996669116019708e-03 -7.190268344245851040e+00 1.026373998501700080e-01 9.887860174871270225e-01 1.084793794872700862e-01 -1.904036829248070717e+00 -6.428338783495088707e-03 -1.083937062917299105e-01 9.940872602024566351e-01 1.034374642372131348e+02
9.944804243229098395e-01 -1.048515166358976042e-01 -3.852933645584995410e-03 -7.336893639527261257e+00 1.046361970165256006e-01 9.883899726252811657e-01 1.101659125488224367e-01 -1.927894923835992813e+00 -7.742862031834917176e-03 -1.099609997815045453e-01 9.939057433250941820e-01 1.047177029848098755e+02
9.942837416346079760e-01 -1.067241238817051158e-01 -3.130894882718497207e-03 -7.486329949460923672e+00 1.064073821158995348e-01 9.880655856140218019e-01 1.113726517438685393e-01 -1.952018536627292633e+00 -8.792619195957430620e-03 -1.110691672198118873e-01 9.937737820755648821e-01 1.060043522119522095e+02
9.941409860073840976e-01 -1.080323608320878787e-01 -3.564961894839936262e-03 -7.641637152992188931e+00 1.077509959471894818e-01 9.878587261018662025e-01 1.119145215634986118e-01 -1.976693060249090195e+00 -8.568711259860086263e-03 -1.116429410103639414e-01 9.937114424770913113e-01 1.073305821418762207e+02
9.940529008346005169e-01 -1.087927154090989057e-01 -4.793267802945846458e-03 -7.800648189149796963e+00 1.086416010013622896e-01 9.877287423806918598e-01 1.122004189248764494e-01 -2.001379810273647308e+00 -7.472139865978195440e-03 -1.120539001952711722e-01 9.936740363805686149e-01 1.086824105978012085e+02
9.939743791018129659e-01 -1.094671058172596301e-01 -5.646807342050898237e-03 -7.956992170773446560e+00 1.094060454280842282e-01 9.876219911078280012e-01 1.123971525617856598e-01 -2.025586120784282684e+00 -6.726879882481055090e-03 -1.123376847910007165e-01 9.936473185506237149e-01 1.100148415565490723e+02
9.938671847593966158e-01 -1.104257984491575917e-01 -5.844834924739659120e-03 -8.113877228461205959e+00 1.103764411284988423e-01 9.874389900347121385e-01 1.130543329688634135e-01 -2.049838846549391747e+00 -6.712697091219121774e-03 -1.130061237105920297e-01 9.935716157890520650e-01 1.113455199003219604e+02
9.937495244832463825e-01 -1.114991449859012718e-01 -5.461067362205523391e-03 -8.270933992229402065e+00 1.113957564667252265e-01 9.872657395105381983e-01 1.135664784604863559e-01 -2.074367400258779526e+00 -7.271040539539302440e-03 -1.134649736972737910e-01 9.935153907782955374e-01 1.126814541816711426e+02
9.936523560375638553e-01 -1.123935954061935638e-01 -4.761832910466969743e-03 -8.421647137962281704e+00 1.122037377465689018e-01 9.871553995192656750e-01 1.137301122643345208e-01 -2.098271612077951431e+00 -8.081867154162579794e-03 -1.135424894549516700e-01 9.935002700108716001e-01 1.139708279371261597e+02
9.935775763383236647e-01 -1.130761314751824453e-01 -4.169926650420950620e-03 -8.573184645734727383e+00 1.128130463576807324e-01 9.870652279353882008e-01 1.139098431759082014e-01 -2.122122384607791901e+00 -8.764494803604805373e-03 -1.136486880323194781e-01 9.934823397219348928e-01 1.152631365060806274e+02
9.934786072316733607e-01 -1.139699309293561030e-01 -3.333439210833669640e-03 -8.719960100017488003e+00 1.136002580410916535e-01 9.869074088300840986e-01 1.144934398526254449e-01 -2.144892483949661255e+00 -9.759013577811651366e-03 -1.141254627164646762e-01 9.934184115536317528e-01 1.165104107856750488e+02
9.933656103211024879e-01 -1.149648803265484048e-01 -2.800093370930770934e-03 -8.866648948751389980e+00 1.145211057575825780e-01 9.867270439797249937e-01 1.151288713359706756e-01 -2.167185876518487930e+00 -1.047284906050471517e-02 -1.146857313292996561e-01 9.933466174815412941e-01 1.177495418787002563e+02
9.932455189782427585e-01 -1.160045042952479732e-01 -2.508787128298843074e-03 -9.014041281305253506e+00 1.155152277907136732e-01 9.865562687670553776e-01 1.155982729321045066e-01 -2.189294496551156044e+00 -1.093486068045024240e-02 -1.151072697080405272e-01 9.932928799111868656e-01 1.189829441308975220e+02
9.931573546835045230e-01 -1.167504631453038788e-01 -2.792524560430307851e-03 -9.163604772649705410e+00 1.162890182185835758e-01 9.864674594243945105e-01 1.155803432186398860e-01 -2.211591392755508423e+00 -1.073932399276147746e-02 -1.151142078639196403e-01 9.932942092190212291e-01 1.202360028028488159e+02
9.930658152938116601e-01 -1.175213520783203319e-01 -3.003048537830516149e-03 -9.311300671659410000e+00 1.170796887644670048e-01 9.863820409385445354e-01 1.155111067937926173e-01 -2.233529873192310333e+00 -1.061286830468698497e-02 -1.150617274318219974e-01 9.933016490003186982e-01 1.214716743230819702e+02
9.929605583006062552e-01 -1.184107899705610506e-01 -2.866091048101157470e-03 -9.457349187694489956e+00 1.179508957910798267e-01 9.863158997196144195e-01 1.151891146869764293e-01 -2.255370182916522026e+00 -1.081276289530820958e-02 -1.147163056362749955e-01 9.933394451947101800e-01 1.227028160095214844e+02
9.928105924974762742e-01 -1.196690428579539195e-01 -2.539213711235302224e-03 -9.605518720112740993e+00 1.191635358442411641e-01 9.861731460770465363e-01 1.151632653305670606e-01 -2.277459364384412766e+00 -1.127737336033465647e-02 -1.146378913708793190e-01 9.933433317399025242e-01 1.239514943361282349e+02
9.926903935213380326e-01 -1.206645558543401192e-01 -2.418175123095466384e-03 -9.755061185918748379e+00 1.201409436867400399e-01 9.860789784888379650e-01 1.149539117754118656e-01 -2.299456389620900154e+00 -1.148635105290997556e-02 -1.144041657584392718e-01 9.933678828090853896e-01 1.252170420885086060e+02
9.925578617156777250e-01 -1.217560183488583803e-01 -2.088813594795802583e-03 -9.906121245585381985e+00 1.211920590138757525e-01 9.859949009458452984e-01 1.145711139021087788e-01 -2.322175906971096992e+00 -1.189016309301927851e-02 -1.139716074495099457e-01 9.934128531063991518e-01 1.265047096014022827e+02
9.924297891016267137e-01 -1.227976121457148434e-01 -1.964727719415632415e-03 -1.005833450611680746e+01 1.222201417590676742e-01 9.859395414962204285e-01 1.139537514196699852e-01 -2.345620609819889069e+00 -1.205614582253627248e-02 -1.133312267891472269e-01 9.934841127981728359e-01 1.278186104297637939e+02
9.923032143438739183e-01 -1.238133183871921450e-01 -2.143126866873141384e-03 -1.021169491764158010e+01 1.232593257080100979e-01 9.859050266541511398e-01 1.131300890306565082e-01 -2.368980575352907181e+00 -1.189409218151627617e-02 -1.125235113566465800e-01 9.935778731247733031e-01 1.291622329950332642e+02
9.921291266759152405e-01 -1.252044733155127099e-01 -1.906793924535450744e-03 -1.036577633675187826e+01 1.246237594983970326e-01 9.858155228610588905e-01 1.124129594604760529e-01 -2.392907321453094482e+00 -1.219485833338278258e-02 -1.117658031240414962e-01 9.936597459302991542e-01 1.305252546072006226e+02
9.919347929880089065e-01 -1.267417409109203308e-01 -1.377523395469839457e-03 -1.052067399676889181e+01 1.260952203861259724e-01 9.856556625523286153e-01 1.121735720849808826e-01 -2.416935894638299942e+00 -1.285931007520393389e-02 -1.114425681209798152e-01 9.936876733435866527e-01 1.318978612422943115e+02
9.917642919384470623e-01 -1.280760829282020508e-01 -3.259104158998202814e-04 -1.067653473373502493e+01 1.273014478929462845e-01 9.854799573486918707e-01 1.123547730556199303e-01 -2.440920693799853325e+00 -1.406878104849045019e-02 -1.114709408132392443e-01 9.936681029166735124e-01 1.332728617191314697e+02
9.916052014048528651e-01 -1.293021355154948815e-01 2.868762341815219753e-04 -1.083427717443555593e+01 1.284456712498561470e-01 9.852871981875295226e-01 1.127423905411885086e-01 -2.465011820197105408e+00 -1.486048734110090828e-02 -1.117590928689947277e-01 9.936242101906959112e-01 1.346523958444595337e+02
9.913553990507888436e-01 -1.311896690910770158e-01 1.934811780243887985e-03 -1.099410151597112417e+01 1.301155968849039002e-01 9.849206389301973230e-01 1.140230961543185068e-01 -2.489185173064470291e+00 -1.686428830803258713e-02 -1.127856627994245076e-01 9.934762151389221474e-01 1.360273060798645020e+02
9.911534491456652773e-01 -1.326817739490604442e-01 3.222903718918717578e-03 -1.115245965775102377e+01 1.314326299485531757e-01 9.846184099019070768e-01 1.151175515160336449e-01 -2.513099271804094315e+00 -1.844733128280838866e-02 -1.136755635304721179e-01 9.933466475629602055e-01 1.373795269727706909e+02
9.909824896825047968e-01 -1.339491937927964338e-01 3.364316412613472911e-03 -1.131234348472207785e+01 1.326533058565871337e-01 9.843161866229207524e-01 1.162959380091585643e-01 -2.536792315542697906e+00 -1.888929823956042239e-02 -1.148009504941974457e-01 9.932089086278101941e-01 1.387255908250808716e+02
9.907912316098986816e-01 -1.353599517320981382e-01 3.227821560137802536e-03 -1.147427394147962332e+01 1.340294823694082593e-01 9.838764798248352816e-01 1.184194675856922729e-01 -2.560006465762853622e+00 -1.920503113063115608e-02 -1.168963468829304353e-01 9.929584134618614222e-01 1.400532686710357666e+02
9.904696803434789310e-01 -1.376589110148469797e-01 4.453822907706401005e-03 -1.164147526677697897e+01 1.361094721116441753e-01 9.832446008938112714e-01 1.212611496509059389e-01 -2.583914881572127342e+00 -2.107187513669159934e-02 -1.194992846479688842e-01 9.926106472564392158e-01 1.413908319473266602e+02
9.901329858666134687e-01 -1.400181863531313742e-01 5.619411823703431355e-03 -1.181783630605787039e+01 1.382424520061538986e-01 9.825652079575584175e-01 1.243166785859658174e-01 -2.608481908217072487e+00 -2.292803441620842181e-02 -1.223132028920012881e-01 9.922266805705788340e-01 1.427566484212875366e+02
9.898843350849724221e-01 -1.417512145531746870e-01 5.966265673091092521e-03 -1.200102413352578878e+01 1.398564817703580876e-01 9.819971365257217366e-01 1.269716045503891666e-01 -2.633490575477480888e+00 -2.385723496551022879e-02 -1.248527814186882745e-01 9.918884086991932580e-01 1.441421750783920288e+02
9.896629350013016468e-01 -1.432884145619225114e-01 5.975394291582852672e-03 -1.218575779255479574e+01 1.413330748657641855e-01 9.815334750572189959e-01 1.289069404302497224e-01 -2.658673008903861046e+00 -2.433592064413305639e-02 -1.267299001594741625e-01 9.916386919498311192e-01 1.455189116001129150e+02
9.895117024486083102e-01 -1.443688347335430333e-01 4.922425716645238182e-03 -1.237156126555055380e+01 1.425217754619693133e-01 9.812706354559891375e-01 1.295973900623281494e-01 -2.683506533503532410e+00 -2.354005599876413807e-02 -1.275365812207547300e-01 9.915544797004837152e-01 1.469016851186752319e+02
9.893860888364681694e-01 -1.452605994839867298e-01 3.811227417652281180e-03 -1.255583374854177237e+01 1.435300925358566071e-01 9.810201745057760547e-01 1.303784098281043358e-01 -2.707870954647660255e+00 -2.267773695774578241e-02 -1.284475591446154752e-01 9.914569808096899139e-01 1.482688596248626709e+02
9.892254275473080227e-01 -1.463672651071599717e-01 3.110819650178552401e-03 -1.273527795728296041e+01 1.446944056794177702e-01 9.807121885731131528e-01 1.314044601572355864e-01 -2.731414387002587318e+00 -2.228413020348019719e-02 -1.295385150802061403e-01 9.913239584776963875e-01 1.495919920206069946e+02
9.890350911108940490e-01 -1.476548173919259299e-01 2.764679406833140882e-03 -1.291128391679376364e+01 1.459834492035769204e-01 9.803271414457722654e-01 1.328439998772520114e-01 -2.754089346155524254e+00 -2.232534680340340569e-02 -1.309837800863819512e-01 9.911331031926994273e-01 1.508712601661682129e+02
9.889315340154279932e-01 -1.483606291165804059e-01 1.882752778401534542e-03 -1.308661761041730642e+01 1.467827810903267471e-01 9.801090854362486393e-01 1.335701906141844031e-01 -2.776602648198604584e+00 -2.166186061448364258e-02 -1.318154178138991883e-01 9.910375671089698413e-01 1.521420234441757202e+02
9.888319898284347875e-01 -1.490307062518507197e-01 1.069806530577420509e-03 -1.326550147589296103e+01 1.475389129202230587e-01 9.798977684867232751e-01 1.342856376872043345e-01 -2.799454901367425919e+00 -2.106098445602953839e-02 -1.326280962270621477e-01 9.909420886333004663e-01 1.534298924207687378e+02
9.886567479626130472e-01 -1.501883405543655015e-01 1.138889597963261072e-03 -1.343824409600347281e+01 1.486519003681297801e-01 9.795697982323193775e-01 1.354460147366355616e-01 -2.821854505687952042e+00 -2.145803404168318898e-02 -1.337403183509715543e-01 9.907840733593000770e-01 1.546631467342376709e+02
9.885064804052707821e-01 -1.511757936412606862e-01 9.042199505245629735e-04 -1.361598177906125784e+01 1.496390944610800910e-01 9.792747035726843130e-01 1.364888140160180896e-01 -2.844466323032975197e+00 -2.151928450604041060e-02 -1.347847705030734977e-01 9.906411994434624058e-01 1.559201198816299438e+02
9.883698498496222840e-01 -1.520691548048829778e-01 1.098415389918128593e-04 -1.380112738069146872e+01 1.506047119057752903e-01 9.789512305606636877e-01 1.377414568513800897e-01 -2.867879174649715424e+00 -2.105375643474534028e-02 -1.361229603729316173e-01 9.904682120084903341e-01 1.572189666032791138e+02
9.881538917983346826e-01 -1.534655249976921709e-01 -4.677189194211603504e-04 -1.399182321783155203e+01 1.520139244731775752e-01 9.783797515931920152e-01 1.402313390034731211e-01 -2.891929637640714645e+00 -2.106306934109864262e-02 -1.386412431768651587e-01 9.901186559197363568e-01 1.585293631553649902e+02
9.877741837797014979e-01 -1.558912536030647722e-01 2.809064070210299277e-04 -1.418696954008191824e+01 1.542350414018318905e-01 9.775387341775261252e-01 1.436299940345857895e-01 -2.916635647416114807e+00 -2.266525671859399155e-02 -1.418306745124794377e-01 9.896314192189005210e-01 1.598343329429626465e+02
9.873387553671826300e-01 -1.586217002948912824e-01 1.156868851879849780e-03 -1.438227262254804373e+01 1.567236707710601418e-01 9.765986782020795731e-01 1.472844620250063352e-01 -2.941421322524547577e+00 -2.449230838502387125e-02 -1.452383486876275276e-01 9.890934985634393106e-01 1.611105514764785767e+02
9.870005262201960727e-01 -1.607134259641641305e-01 1.075153903990699704e-03 -1.458063820656388998e+01 1.587327613559746664e-01 9.758408735934802625e-01 1.501282781377996089e-01 -2.965799480676651001e+00 -2.517680903854442251e-02 -1.480060273744770727e-01 9.886659416342116202e-01 1.623845303058624268e+02
9.867919798328338432e-01 -1.619923688170719078e-01 2.469466129708586450e-04 -1.477990773972123861e+01 1.600862821468817254e-01 9.754117822864021292e-01 1.514735529564593675e-01 -2.989847000688314438e+00 -2.477843429244253742e-02 -1.494333544490588639e-01 9.884612798547633972e-01 1.636654144525527954e+02
9.865921342423007445e-01 -1.632033287568550317e-01 -7.963252500131961977e-04 -1.498251286800950766e+01 1.614156450353104455e-01 9.750414528248391166e-01 1.524439398961515701e-01 -3.013872958719730377e+00 -2.410290831116790322e-02 -1.505285313683379922e-01 9.883117985003693207e-01 1.649621950387954712e+02
9.863797666839715372e-01 -1.644758375442017528e-01 -1.629337474899971577e-03 -1.518701953347772360e+01 1.627904253674015422e-01 9.747585824840543367e-01 1.527906518160625504e-01 -3.037947656586766243e+00 -2.354215973894975902e-02 -1.509748480304257401e-01 9.882572347203006924e-01 1.662730611562728882e+02
9.860762918376851927e-01 -1.662829857588827287e-01 -1.874919398634136399e-03 -1.539461345132440329e+01 1.646032319404313604e-01 9.743876061404871392e-01 1.532141280514806858e-01 -3.062606742605566978e+00 -2.365000444830251888e-02 -1.513894370387913468e-01 9.881912343482273098e-01 1.676020003557205200e+02
