0.000000000000000000e+00 0.000000000000000000e+00 0.000000000000000000e+00 0.000000000000000000e+00 0.000000000000000000e+00 0.000000000000000000e+00 0.000000000000000000e+00 0.000000000000000000e+00 0.000000000000000000e+00 0.000000000000000000e+00 0.000000000000000000e+00 0.000000000000000000e+00
9.999990986114055680e-01 -6.230670261977518023e-04 -1.189354386731236333e-03 -8.575337007641792297e-03 6.242643998685708977e-04 9.999992984877734692e-01 1.006636935553270476e-03 -1.845874637365341187e-02 1.188726350102696375e-03 -1.007378499784681919e-03 9.999987860583745558e-01 1.019941568374633789e+00
9.999977464635840807e-01 -1.486753582870096535e-03 -1.515464132592722396e-03 -1.730890478938817978e-02 1.490225972211032352e-03 9.999962612409569740e-01 2.292756127390459253e-03 -3.680172748863697052e-02 1.512049703250446927e-03 -2.295009344591377332e-03 9.999962233117698496e-01 2.023342132568359375e+00
9.999960523697939418e-01 -2.533438865385145757e-03 -1.215291053033866649e-03 -2.661539893597364426e-02 2.537816034551206978e-03 9.999902498225842207e-01 3.613827547130969882e-03 -5.574631504714488983e-02 1.206123792569786628e-03 -3.616897466197221446e-03 9.999927316326434612e-01 3.041520953178405762e+00
9.999930611765578403e-01 -3.467370636594863630e-03 -1.361961675525197703e-03 -3.811224922537803650e-02 3.474150957920768383e-03 9.999814252407822623e-01 5.007938551471460484e-03 -7.511662505567073822e-02 1.344571998331767649e-03 -5.012635462729720520e-03 9.999865327152456240e-01 4.108054876327514648e+00
9.999903521567274911e-01 -3.844661259160294005e-03 -2.124658388199391658e-03 -5.212502274662256241e-02 3.858065197030367648e-03 9.999724526473472430e-01 6.341078724035192037e-03 -9.445456974208354950e-02 2.100220559773921525e-03 -6.349214616884574398e-03 9.999776380236454765e-01 5.191763281822204590e+00
9.999850038393970353e-01 -4.305977094358951970e-03 -3.383882028673350535e-03 -6.864674482494592667e-02 4.332941755728810136e-03 9.999585956028128608e-01 8.002043226050303826e-03 -1.138333491981029510e-01 3.349285306238358479e-03 -8.016585389863432887e-03 9.999622576110682726e-01 6.285783886909484863e+00
9.999788287988172764e-01 -4.769548724897263933e-03 -4.426438648202507715e-03 -8.763120230287313461e-02 4.812390303421902778e-03 9.999411900432082501e-01 9.718917354305136105e-03 -1.331523656845092773e-01 4.379823479662258399e-03 -9.740013343579852559e-03 9.999429730171384145e-01 7.376464009284973145e+00
9.999747553906216391e-01 -5.358404371220724938e-03 -4.666485193478155102e-03 -1.101811910048127174e-01 5.415010835633459613e-03 9.999108724277983029e-01 1.220347730482051508e-02 -1.524045486003160477e-01 4.600678114847901561e-03 -1.222843830068990473e-02 9.999146458861425391e-01 8.462193846702575684e+00
9.999717449550366011e-01 -5.961516014165298312e-03 -4.579259589939450176e-03 -1.360244126990437508e-01 6.029660259163824136e-03 9.998690988594075568e-01 1.501427131882964935e-02 -1.718096919357776642e-01 4.489152340727832827e-03 -1.504145846948429753e-02 9.998767934292568382e-01 9.551638245582580566e+00
9.999694692320533207e-01 -6.367973086152973507e-03 -4.528744035563895057e-03 -1.668205177411437035e-01 6.449252157330931205e-03 9.998141998706623346e-01 1.816515575486618225e-02 -1.917242817580699921e-01 4.412227371383585679e-03 -1.819380817095247321e-02 9.998247434394998967e-01 1.066574990749359131e+01
9.999646916638963434e-01 -6.779214312681290135e-03 -4.965649890130251556e-03 -2.013358650729060173e-01 6.882485007535221397e-03 9.997540201542286509e-01 2.108389398520317190e-02 -2.122243493795394897e-01 4.821496204464578716e-03 -2.111732555890945967e-02 9.997653783441339259e-01 1.179933834075927734e+01
9.999571742606685465e-01 -7.223376774143676349e-03 -5.785539957325824649e-03 -2.387896357104182243e-01 7.358345945348532605e-03 9.996930419904105358e-01 2.365748382452784529e-02 -2.326811384409666061e-01 5.612877120303349371e-03 -2.369904267977897619e-02 9.997033815019805703e-01 1.294483852386474609e+01
9.999372912110214839e-01 -7.693617740770129949e-03 -8.137683431027407932e-03 -2.795092267915606499e-01 7.901983710080136628e-03 9.996335497502200074e-01 2.589063280841302425e-02 -2.530453316867351532e-01 7.935508743006905105e-03 -2.595331308009348956e-02 9.996316587829521261e-01 1.413153016567230225e+01
9.999128325058953548e-01 -8.277644555276839067e-03 -1.028630111623677137e-02 -3.235780848190188408e-01 8.565001103253691225e-03 9.995652354215797120e-01 2.821313333720850899e-02 -2.742071561515331268e-01 1.004829070731242530e-02 -2.829877624948363285e-02 9.995490038595621352e-01 1.536485219001770020e+01
9.999011548491190116e-01 -8.956007996887133810e-03 -1.083837866832220408e-02 -3.701037568971514702e-01 9.284250463280642116e-03 9.994878641411975018e-01 3.062371838628106038e-02 -2.958175726234912872e-01 1.055856167919292342e-02 -3.072131760238920942e-02 9.994722194338568899e-01 1.659933984279632568e+01
9.998944512838249254e-01 -9.668959255202653688e-03 -1.084423896545875024e-02 -4.212676091119647026e-01 1.002529867403886658e-02 9.993950659434673867e-01 3.330158486242087990e-02 -3.186190687119960785e-01 1.051568724882294414e-02 -3.340678665741342313e-02 9.993865152817057451e-01 1.788116645812988281e+01
9.998904741837596477e-01 -1.014295548455718468e-02 -1.077775907202015507e-02 -4.782078480347990990e-01 1.053064655300322769e-02 9.992765130822998110e-01 3.654525804062638134e-02 -3.421144839376211166e-01 1.039928457885169570e-02 -3.665475216283064358e-02 9.992738783857655349e-01 1.920477414131164551e+01
9.998697487640723081e-01 -1.036989124288601773e-02 -1.236733043472684410e-02 -5.397268636152148247e-01 1.084661334907328738e-02 9.991754920751702018e-01 3.912399538898487378e-02 -3.659390378743410110e-01 1.195142189560347533e-02 -3.925304309161673638e-02 9.991578264332021675e-01 2.057965052127838135e+01
9.998350921424550286e-01 -1.060866388122685966e-02 -1.473922559511158491e-02 -6.042831344529986382e-01 1.120781314577342855e-02 9.990888654831653337e-01 4.118038115475525923e-02 -3.902217578142881393e-01 1.428892735574885907e-02 -4.133878467270955120e-02 9.990430078013685655e-01 2.198644518852233887e+01
9.997978801431490758e-01 -1.136741993478335849e-02 -1.658253977204281887e-02 -6.695568142458796501e-01 1.206234511889574604e-02 9.990267430769935730e-01 4.242718995181084252e-02 -4.153356980532407761e-01 1.608411301557359854e-02 -4.261863889192939181e-02 9.989619376770575432e-01 2.342404747009277344e+01
9.997873564205616015e-01 -1.307358365461784057e-02 -1.594751867879344240e-02 -7.350472388789057732e-01 1.376528523607216392e-02 9.989338688526131493e-01 4.406407359198379753e-02 -4.413926228880882263e-01 1.535444118013841452e-02 -4.427422579307174755e-02 9.989014135871816524e-01 2.482627356052398682e+01
9.997817043855613539e-01 -1.462974254629373014e-02 -1.491691016702634265e-02 -8.044389961287379265e-01 1.529660803548580153e-02 9.988418661845294144e-01 4.561732280192986461e-02 -4.686443191021680832e-01 1.423226470069616396e-02 -4.583554286834532615e-02 9.988476088230142658e-01 2.625168216228485107e+01
9.997883706700700923e-01 -1.582499506359674388e-02 -1.314471011942362245e-02 -8.763058884069323540e-01 1.643676114301238084e-02 9.987209070762748109e-01 4.781613380304176875e-02 -4.960494730621576309e-01 1.237120673233203100e-02 -4.802207096721228946e-02 9.987696601038729138e-01 2.766312897205352783e+01
9.997803205945391403e-01 -1.659084937541511345e-02 -1.280836714350083207e-02 -9.512463314458727837e-01 1.720676293909621096e-02 9.986220991961641813e-01 4.957650962102827519e-02 -5.231349579989910126e-01 1.196820208043668232e-02 -4.978600921994504047e-02 9.986881972992939227e-01 2.907979619503021240e+01
9.997722917122058295e-01 -1.748754596754835758e-02 -1.222908257217337688e-02 -1.028369131498038769e+00 1.809581476463909336e-02 9.985071037227868374e-01 5.153741653532509931e-02 -5.493896398693323135e-01 1.130956287961746437e-02 -5.174697625141603391e-02 9.985961867723646135e-01 3.047345733642578125e+01
9.997603262707649430e-01 -1.796325308091744136e-02 -1.251445379249720505e-02 -1.108216064982116222e+00 1.860453235551363937e-02 9.984123824092709931e-01 5.316564706345803387e-02 -5.751080941408872604e-01 1.153955765210623943e-02 -5.338573021505323840e-02 9.985072871134188510e-01 3.187297236919403076e+01
9.997446865616524958e-01 -1.831394065441526581e-02 -1.323485056393810394e-02 -1.189735996536910534e+00 1.900868497536955734e-02 9.983367241045698615e-01 5.442844109161211474e-02 -6.002549771219491959e-01 1.221603811595136507e-02 -5.466612188423910362e-02 9.984299592514674915e-01 3.326158130168914795e+01
9.997249541527388761e-01 -1.849867865039004841e-02 -1.441578761267845940e-02 -1.272978129796683788e+00 1.927041286027373485e-02 9.982797171090588284e-01 5.537379882988079788e-02 -6.254611890763044357e-01 1.336664626968361684e-02 -5.563636667546789649e-02 9.983616215934254523e-01 3.464888954162597656e+01
9.997034902096548770e-01 -1.892760660533626335e-02 -1.531918309924914894e-02 -1.356297771446406841e+00 1.976333241308397826e-02 9.982138389381650656e-01 5.637856369455505889e-02 -6.499793007969856262e-01 1.422470929631371866e-02 -5.666460500634137865e-02 9.982919313431871666e-01 3.600484299659729004e+01
9.996855160575194299e-01 -1.939739312562958201e-02 -1.589371337167421946e-02 -1.439799378626048565e+00 2.028047055685253466e-02 9.981437811384837877e-01 5.742555779932057014e-02 -6.741309240460395813e-01 1.475030504104220437e-02 -5.772983036957798214e-02 9.982232692071928426e-01 3.733005607128143311e+01
9.996673427015788649e-01 -1.974931147653004315e-02 -1.658820762370705540e-02 -1.524080674163997173e+00 2.068583673058341232e-02 9.980833459386535544e-01 5.832435785036711035e-02 -6.978671364486217499e-01 1.540454785833911787e-02 -5.864809678160946838e-02 9.981598572619392318e-01 3.864257609844207764e+01
9.996499807428224083e-01 -2.024084370364630583e-02 -1.703596921338434295e-02 -1.608049276284873486e+00 2.121959929262605404e-02 9.980098394594842937e-01 5.938088032283529022e-02 -7.213394846767187119e-01 1.580014578208698700e-02 -5.972159231148366915e-02 9.980900193895568817e-01 3.993560349941253662e+01
9.996287151979834640e-01 -2.123644865577735408e-02 -1.707176031109597369e-02 -1.692036266438663006e+00 2.223761505959177473e-02 9.979041688145026123e-01 6.076807006231271790e-02 -7.445497643202543259e-01 1.574548278365565240e-02 -6.112514303563846424e-02 9.980059101331927307e-01 4.120207488536834717e+01
9.996038423829816111e-01 -2.260123770586739550e-02 -1.677326287107630542e-02 -1.777991692535579205e+00 2.360986930585776827e-02 9.977597543113314593e-01 6.259430283941049000e-02 -7.675540950149297714e-01 1.532097792373790512e-02 -6.296552017377760047e-02 9.978980964530927977e-01 4.245534288883209229e+01
9.995760595359491907e-01 -2.374799553092574525e-02 -1.684440295313894762e-02 -1.869028205983340740e+00 2.478662949060501941e-02 9.976164815409011011e-01 6.439703996651274798e-02 -7.910759188234806061e-01 1.527495339043804731e-02 -6.478725543049575208e-02 9.977821843131414736e-01 4.374357104301452637e+01
9.995427807262250441e-01 -2.462892766874070702e-02 -1.753982382960694170e-02 -1.964135545305907726e+00 2.573798209225001618e-02 9.974812319643723280e-01 6.609650638768406472e-02 -8.150025662034749985e-01 1.586775900701565753e-02 -6.651772546266206121e-02 9.976590632191787433e-01 4.505158722400665283e+01
9.995013718314746942e-01 -2.591066803086902737e-02 -1.804563629231006189e-02 -2.062845083884894848e+00 2.707989093576368064e-02 9.973256262905468850e-01 6.788427395999538372e-02 -8.395980224013328552e-01 1.623844862994554619e-02 -6.833909881146126020e-02 9.975299897044348496e-01 4.638245499134063721e+01
9.994475541032759036e-01 -2.726298827814343032e-02 -1.900831573614762335e-02 -2.163969288580119610e+00 2.852034068787454024e-02 9.971841108958346966e-01 6.935732941752587033e-02 -8.642020858824253082e-01 1.706390236806433133e-02 -6.986113688617905104e-02 9.974107703393541025e-01 4.772527909278869629e+01
9.993990568081658754e-01 -2.830250910686268190e-02 -2.001232693127823203e-02 -2.263466286472976208e+00 2.964411495636542007e-02 9.970875991553342921e-01 7.026767435389508210e-02 -8.883508238941431046e-01 1.796529152010067909e-02 -7.081869519348128750e-02 9.973274089844771373e-01 4.904483544826507568e+01
9.993458803073287378e-01 -2.942588869645140770e-02 -2.102209759263737321e-02 -2.364277469925582409e+00 3.084827237194973787e-02 9.970069422797264158e-01 7.089105118205345224e-02 -9.128669481724500656e-01 1.887314505948383889e-02 -7.149317534180847644e-02 9.972625182343459738e-01 5.038017511367797852e+01
9.992911200759733159e-01 -3.072854247262572433e-02 -2.174888536947918241e-02 -2.465610901825129986e+00 3.221298835898491614e-02 9.969158877288150089e-01 7.156141540559904368e-02 -9.373346511274576187e-01 1.948283137253441211e-02 -7.221128354611101863e-02 9.971990522510200128e-01 5.171367704868316650e+01
9.992376584173543463e-01 -3.251721810402404683e-02 -2.160399332017111373e-02 -2.568196783773601055e+00 3.400285921728486704e-02 9.967967238997254009e-01 7.238851281677212424e-02 -9.623757544904947281e-01 1.918091670520920278e-02 -7.306792558674296556e-02 9.971425026969805705e-01 5.304990732669830322e+01
9.991783872935440236e-01 -3.413166100903058248e-02 -2.185360570334203209e-02 -2.670953067950904369e+00 3.564364017080631081e-02 9.966940746252058725e-01 7.300994810557412396e-02 -9.873625244945287704e-01 1.928940851469023582e-02 -7.372890426263749297e-02 9.970917547524822400e-01 5.438062226772308350e+01
9.991216974682175511e-01 -3.553952649757553817e-02 -2.219855185717261106e-02 -2.773725840263068676e+00 3.708520905579372473e-02 9.965973230590942089e-01 7.361020948710372824e-02 -1.011905835941433907e+00 1.950694536608769958e-02 -7.436879539010529672e-02 9.970399998769904348e-01 5.570083713531494141e+01
9.990656451636299451e-01 -3.704016197962065743e-02 -2.226798271742292182e-02 -2.874978269450366497e+00 3.859478074498110672e-02 9.965113068176961741e-01 7.399769107029194326e-02 -1.036086738109588623e+00 1.944941009457144473e-02 -7.478797888037215513e-02 9.970097685890355610e-01 5.700109159946441650e+01
9.990077432544972602e-01 -3.878738912935754402e-02 -2.188760750023525936e-02 -2.976423966698348522e+00 4.031416999293226805e-02 9.964232448356422633e-01 7.426631032298947055e-02 -1.060017552226781845e+00 1.892872460937394460e-02 -7.507499980511095350e-02 9.969982185485213311e-01 5.830303692817687988e+01
9.989375288531061603e-01 -4.097826710539054229e-02 -2.108542325609835677e-02 -3.078987578861415386e+00 4.244872250363274091e-02 9.962946546025834849e-01 7.480018160491452850e-02 -1.084453184157609940e+00 1.794211265874588734e-02 -7.561575785084666268e-02 9.969755953673002935e-01 5.961449491977691650e+01
9.988617537576938155e-01 -4.304497264235648823e-02 -2.055060121560945210e-02 -3.183096538297832012e+00 4.448111899312472139e-02 9.961552455001561057e-01 7.547288861335130217e-02 -1.109120681881904602e+00 1.722286077350991540e-02 -7.630109561954294406e-02 9.969360640853723865e-01 6.093173730373382568e+01
9.987864919192396274e-01 -4.470584223154798476e-02 -2.066231424663759336e-02 -3.288461769931018353e+00 4.615464929800776328e-02 9.960410607512686365e-01 7.597337458389982756e-02 -1.133557921275496483e+00 1.718405970185083592e-02 -7.683484214765839981e-02 9.968957393450468274e-01 6.225656402111053467e+01
9.987126728290999234e-01 -4.595731794478587900e-02 -2.146909541356866943e-02 -3.394370983354747295e+00 4.746529798338267048e-02 9.959770420233622357e-01 7.600511331313362928e-02 -1.157866029068827629e+00 1.788973498696229750e-02 -7.692630687687700142e-02 9.968762715063392843e-01 6.358891212940216064e+01
9.986405962991127261e-01 -4.715850645520901219e-02 -2.220438452798626297e-02 -3.499574023298919201e+00 4.872184158489265005e-02 9.959080145514801474e-01 7.611444478353236731e-02 -1.181498574092984200e+00 1.852408097394554407e-02 -7.709281303106524375e-02 9.968518227916463026e-01 6.491070365905761719e+01
9.985718770029144986e-01 -4.838307691845047942e-02 -2.265577910334231476e-02 -3.605088691227138042e+00 4.998302175376078543e-02 9.958247566320600486e-01 7.638554585169490818e-02 -1.205105829983949661e+00 1.886541797149519223e-02 -7.740886219678994040e-02 9.968209287821755415e-01 6.621929919719696045e+01
9.985094002221431841e-01 -4.963524448707230807e-02 -2.270066458772740381e-02 -3.709940443746745586e+00 5.123747822971750493e-02 9.957518139248077160e-01 7.650520171932291558e-02 -1.228621361777186394e+00 1.880687354865683350e-02 -7.755428789024899905e-02 9.968107312510039453e-01 6.751424741744995117e+01
9.984463192452028846e-01 -5.100540567304449879e-02 -2.243649210180721429e-02 -3.812221060506999493e+00 5.258279082524380810e-02 9.956840108907866194e-01 7.647483615846829841e-02 -1.251824924722313881e+00 1.843902640420457678e-02 -7.753579204834419591e-02 9.968190423826688296e-01 6.877984046936035156e+01
9.983720323043275835e-01 -5.257033836500994012e-02 -2.212791532691473981e-02 -3.912936124019324780e+00 5.412660893598886247e-02 9.955707480907656226e-01 7.687129341362677892e-02 -1.274656107649207115e+00 1.798875531039530531e-02 -7.794385845069341789e-02 9.967954452204328408e-01 7.001311457157135010e+01
9.982988955087793714e-01 -5.409545312113323706e-02 -2.174849828310999530e-02 -4.015335309319198132e+00 5.563131775073729829e-02 9.954281725746695342e-01 7.763961443728600864e-02 -1.297454398125410080e+00 1.744911777906445194e-02 -7.871743895905916610e-02 9.967442465810671948e-01 7.124634754657745361e+01
9.982104584612094822e-01 -5.598001995219607091e-02 -2.102660183705349836e-02 -4.119462530128657818e+00 5.746814597867012236e-02 9.952551574369628007e-01 7.851486351577453837e-02 -1.320707248523831367e+00 1.653157029554400137e-02 -7.958271772990774262e-02 9.966911749495354078e-01 7.248303055763244629e+01
9.981118931324605148e-01 -5.815354840563672495e-02 -1.976900592768428624e-02 -4.223793010227382183e+00 5.954944532279569241e-02 9.950576463806081184e-01 7.946158783482766552e-02 -1.344246406108140945e+00 1.505032721514441146e-02 -8.048878920270780002e-02 9.966418827559873073e-01 7.370794594287872314e+01
9.980092372328317474e-01 -6.004957792569561720e-02 -1.927720386589400897e-02 -4.332430968992412090e+00 6.141175770483955215e-02 9.948794228023134512e-01 8.027160207780650869e-02 -1.368143398314714432e+00 1.435821763115148475e-02 -8.129564733416813627e-02 9.965866040194274467e-01 7.496602261066436768e+01
9.979073072021772406e-01 -6.179748463927631219e-02 -1.902832427613874305e-02 -4.443165342323482037e+00 6.314615065805101457e-02 9.947000104944558885e-01 8.114464110093881632e-02 -1.392213493585586548e+00 1.391293964517225853e-02 -8.217639572643628543e-02 9.965206822218202198e-01 7.623290395736694336e+01
9.977806328308344019e-01 -6.405243317328808417e-02 -1.819600374480515384e-02 -4.555229532532393932e+00 6.534500925402345062e-02 9.944329365765761652e-01 8.266295674169174545e-02 -1.415932837873697281e+00 1.279994192530135334e-02 -8.366851532248362200e-02 9.964114316036525310e-01 7.748430168628692627e+01
9.976594620079560771e-01 -6.608451002494487858e-02 -1.756232902432106058e-02 -4.669622401706874371e+00 6.733422974212850687e-02 9.941813985554930344e-01 8.408001112796126275e-02 -1.439657621085643768e+00 1.190375449300800498e-02 -8.506576456487528748e-02 9.963042288016062953e-01 7.874288403987884521e+01
9.975245765629175976e-01 -6.815446014687444320e-02 -1.731151972127513775e-02 -4.785483608953654766e+00 6.939383691388474606e-02 9.939040691984143416e-01 8.566911128990928326e-02 -1.463205143809318542e+00 1.136725786375768384e-02 -8.665835674025788860e-02 9.961732352636950560e-01 7.999425566196441650e+01
9.973773697681006523e-01 -7.031050597509326539e-02 -1.717017833313795941e-02 -4.905038896016776562e+00 7.154825539962686443e-02 9.936055405236753346e-01 8.734344274142673281e-02 -1.486886436119675636e+00 1.091922267082913629e-02 -8.834286949257139088e-02 9.960302746332981849e-01 8.125583600997924805e+01
9.972173485853890185e-01 -7.262746602624169101e-02 -1.681698126697846532e-02 -5.026165488176047802e+00 7.383962442539185322e-02 9.933147267806071712e-01 8.873310219689636846e-02 -1.510765776038169861e+00 1.026009478727517993e-02 -8.972794848526788325e-02 9.959134629653226822e-01 8.252392768859863281e+01
9.970451671187505749e-01 -7.513459310794612378e-02 -1.599148659900339123e-02 -5.151188912801444530e+00 7.627557404324268597e-02 9.930061807484560354e-01 9.011526951487447423e-02 -1.535378189757466316e+00 9.108870924353480725e-03 -9.106875377355307111e-02 9.958029476541105929e-01 8.381748270988464355e+01
9.968685643400725382e-01 -7.768979604457806887e-02 -1.474316862531707510e-02 -5.277823227457702160e+00 7.871777942312903342e-02 9.926830495466696380e-01 9.156349897975574192e-02 -1.560319932177662849e+00 7.521744030095380527e-03 -9.243732326974850311e-02 9.956900946747786474e-01 8.510935258865356445e+01
9.966743149688552794e-01 -8.034527026856230769e-02 -1.359953774341538316e-02 -5.406103807501494884e+00 8.126570154656545530e-02 9.923360602465585156e-01 9.308613906744223065e-02 -1.585270242765545845e+00 6.016280703844569151e-03 -9.388173986356623812e-02 9.955651778194545276e-01 8.639958953857421875e+01
9.965086964601598263e-01 -8.253486185172023704e-02 -1.258628056220380265e-02 -5.536588805727660656e+00 8.335589270534390915e-02 9.920592821258074068e-01 9.418161125890166241e-02 -1.610165352001786232e+00 4.713070184948041016e-03 -9.490193531822802009e-02 9.954754691313526527e-01 8.770372772216796875e+01
9.963194144047440304e-01 -8.494646231244448731e-02 -1.147706499016199096e-02 -5.669850039295852184e+00 8.565500536680382970e-02 9.917633387322678518e-01 9.522972226273475338e-02 -1.635418502613902092e+00 3.293104280274327007e-03 -9.586228918206178562e-02 9.953891585590903812e-01 8.902804744243621826e+01
9.961214854195641344e-01 -8.739158940696151179e-02 -1.023212521648573722e-02 -5.804373177699744701e+00 8.797209348622937741e-02 9.914275890459187668e-01 9.660355296906539269e-02 -1.660635193809866905e+00 1.702073197870183473e-03 -9.712901615646046816e-02 9.952703437595772362e-01 9.035454988479614258e+01
9.959579752419268628e-01 -8.930184589428295794e-02 -9.638042948399216242e-03 -5.940804648213088512e+00 8.981674348208533443e-02 9.911404458751204016e-01 9.784461733146576634e-02 -1.685777509585022926e+00 8.149492467203160858e-04 -9.831478459693347716e-02 9.951550326393289181e-01 9.168729424476623535e+01
9.958263821122711468e-01 -9.075853418944761219e-02 -9.628351934141252469e-03 -6.075449245981872082e+00 9.126581355938472029e-02 9.909487357437619659e-01 9.844366106145911732e-02 -1.710315290838479996e+00 6.066007982524499256e-04 -9.891153420922497996e-02 9.950960458346966853e-01 9.300566565990447998e+01
9.957195911215918072e-01 -9.189023748988506268e-02 -9.933786322568518776e-03 -6.211134034208953381e+00 9.242249602558257060e-02 9.908024261535509636e-01 9.883640299322089817e-02 -1.734708257019519806e+00 7.603190455987936984e-04 -9.933144810325537921e-02 9.950541117610937070e-01 9.432920897006988525e+01
9.955694090285968079e-01 -9.364503163076184911e-02 -8.494695834708420462e-03 -6.345941814593970776e+00 9.402486661907835663e-02 9.905499419806290673e-01 9.985057285482598632e-02 -1.759460881352424622e+00 -9.360895871263534779e-04 -1.002068884510740610e-01 9.949661819595874146e-01 9.564207720756530762e+01
9.953966194794585665e-01 -9.566344682978707159e-02 -5.837368372005706518e-03 -6.481181952171027660e+00 9.576014091276575935e-02 9.901992681425849652e-01 1.016631928588527245e-01 -1.784078836441040039e+00 -3.945293554760523000e-03 -1.017541857150532220e-01 9.948017492687842855e-01 9.693917870521545410e+01
9.952316733613373323e-01 -9.745559475835133267e-02 -4.040221366286162949e-03 -6.616587820462882519e+00 9.734947054698184221e-02 9.898591938341327889e-01 1.034497799237053817e-01 -1.808469757437705994e+00 -6.082509565541799855e-03 -1.033498109932319275e-01 9.946264724232150023e-01 9.821620392799377441e+01
9.951113801111961532e-01 -9.868328922560910821e-02 -3.866471363555824131e-03 -6.756680282764136791e+00 9.854354649541828548e-02 9.895944160764531539e-01 1.048430308337618272e-01 -1.832566753029823303e+00 -6.520016663763218874e-03 -1.047115089086131795e-01 9.944812664322970619e-01 9.951602888107299805e+01
9.950021265300291740e-01 -9.974110803361413424e-02 -4.741262379040460904e-03 -6.899741816334426403e+00 9.968208930423393122e-02 9.893885546528676800e-01 1.057060499396910436e-01 -1.856395442038774490e+00 -5.852287814412476114e-03 -1.056503634169643491e-01 9.943861178823850677e-01 1.008300675153732300e+02
9.948802997860853869e-01 -1.009161989607427895e-01 -5.395357714248864844e-03 -7.044770467095077038e+00 1.009141415505693667e-01 9.891539603420046456e-01 1.067275914411988658e-01 -1.880205154418945312e+00 -5.433703401969843493e-03 -1.067256460605584406e-01 9.942736601863171320e-01 1.021453378200531006e+02
9.946980462334860107e-01 -1.027280684306990238e-01 -4.768728948402235941e-03 -7.190251353196799755e+00 1.026375660822371749e-01 9.887860306017248746e-01 1.084791026677445341e-01 -1.904037065804004669e+00 -6.428596114246700605e-03 -1.083934022133371394e-01 9.940872916945562299e-01 1.034374641180038452e+02
9.944804064703717250e-01 -1.048516967903690977e-01 -3.852638927376596332e-03 -7.336876171641051769e+00 1.046363457871913316e-01 9.883899872925361318e-01 1.101656396530410059e-01 -1.927895158529281616e+00 -7.743144505145233350e-03 -1.099606961602229011e-01 9.939057747156576639e-01 1.047177027463912964e+02
9.942837205001637813e-01 -1.067243302895417301e-01 -3.130570651011713341e-03 -7.486312079243361950e+00 1.064075534771585507e-01 9.880655958920337989e-01 1.113723968383812241e-01 -1.952018734067678452e+00 -8.792935309543309375e-03 -1.110688774534479006e-01 9.937738116643409780e-01 1.060043518543243408e+02
9.941409650490905525e-01 -1.080325642310272505e-01 -3.564642609281425470e-03 -7.641618910245597363e+00 1.077511640456599029e-01 9.878587291774627577e-01 1.119143325704685804e-01 -1.976693294942378998e+00 -8.569029003815110263e-03 -1.116427169749873438e-01 9.937114649073818251e-01 1.073305816650390625e+02
9.940528852847277941e-01 -1.087928715628551368e-01 -4.792948384456743351e-03 -7.800629633478820324e+00 1.086417217939925073e-01 9.877287505913601162e-01 1.122002296827756679e-01 -2.001380063593387604e+00 -7.472452257772721658e-03 -1.120536762107294110e-01 9.936740592895220159e-01 1.086824102401733398e+02
9.939743657060071680e-01 -1.094672452084682612e-01 -5.646463123909380155e-03 -7.956973212771117687e+00 1.094061463127819211e-01 9.876219976074965823e-01 1.123969972497664838e-01 -2.025586418807506561e+00 -6.727218468783273571e-03 -1.123374918192806410e-01 9.936473380749460960e-01 1.100148409605026245e+02
9.938671721224286992e-01 -1.104259320442608772e-01 -5.844459728921622479e-03 -8.113858017139136791e+00 1.103765322565064405e-01 9.874389933151481724e-01 1.130542153473065858e-01 -2.049839152023196220e+00 -6.713069670061621967e-03 -1.130059645015388525e-01 9.935716313797822163e-01 1.113455193042755127e+02
9.937495105522190508e-01 -1.114992882342485669e-01 -5.460677657694869638e-03 -8.270914557389914989e+00 1.113958551781077944e-01 9.872657380181067976e-01 1.135663946099421118e-01 -2.074367702007293701e+00 -7.271432208535236370e-03 -1.134648459163410394e-01 9.935154025050733084e-01 1.126814534664154053e+02
9.936523450252860989e-01 -1.123937082943573251e-01 -4.761466327995254010e-03 -8.421627569012343884e+00 1.122038092540468268e-01 9.871554052488139552e-01 1.137299919851014751e-01 -2.098271867260336876e+00 -8.082228320902355365e-03 -1.135423278953390236e-01 9.935002855366856789e-01 1.139708273410797119e+02
9.935775646692586172e-01 -1.130762479274271814e-01 -4.169549203503656459e-03 -8.573164808563888073e+00 1.128131204830303408e-01 9.870652368756211992e-01 1.139096922941820744e-01 -2.122122647240757942e+00 -8.764863534972978584e-03 -1.136484945185328027e-01 9.934823586057702771e-01 1.152631359100341797e+02
9.934785975207920394e-01 -1.139700265398179285e-01 -3.333064450807796640e-03 -8.719939964823424816e+00 1.136003119998091060e-01 9.869074232718053619e-01 1.144932618303425159e-01 -2.144892754033207893e+00 -9.759374040688884033e-03 -1.141252423503167635e-01 9.934184333284818980e-01 1.165104099512100220e+02
9.933656050315085029e-01 -1.149649357375398806e-01 -2.799694849188446698e-03 -8.866628441028296947e+00 1.145211169829436632e-01 9.867270635710000404e-01 1.151286922601421209e-01 -2.167186154052615166e+00 -1.047322802979967597e-02 -1.146855072248228746e-01 9.933466393597055744e-01 1.177495409250259399e+02
9.932455136211448821e-01 -1.160045593182007367e-01 -2.508363781037755303e-03 -9.014020401053130627e+00 1.155152354883805382e-01 9.865562867497559285e-01 1.155981117691697591e-01 -2.189294746145606041e+00 -1.093526595616046461e-02 -1.151070601306606322e-01 9.932928997362985291e-01 1.189829427003860474e+02
9.931573492026075645e-01 -1.167505194912586003e-01 -2.792118079694043149e-03 -9.163583594374358654e+00 1.162890291800081910e-01 9.864674774783780409e-01 1.155801781008190671e-01 -2.211591606959700584e+00 -1.073971215726526006e-02 -1.151139960038183169e-01 9.932942295749090933e-01 1.202360014915466309e+02
9.930658123488305122e-01 -1.175213874788620244e-01 -3.002637007798768850e-03 -9.311279225163161755e+00 1.170796782195569902e-01 9.863820601933541710e-01 1.155109530595219286e-01 -2.233530079945921898e+00 -1.061326019479536149e-02 -1.150615262099249775e-01 9.933016681221673583e-01 1.214716727733612061e+02
9.929605555515188531e-01 -1.184108232377938247e-01 -2.865669026104323940e-03 -9.457327323965728283e+00 1.179508817489737793e-01 9.863159156093304070e-01 1.151889930087410807e-01 -2.255370406433939934e+00 -1.081316852078212376e-02 -1.147161346798092896e-01 9.933394605222652940e-01 1.227028142213821411e+02
9.928105881278580513e-01 -1.196690880135863611e-01 -2.538794046968084837e-03 -9.605496722273528576e+00 1.191635337956068602e-01 9.861731587255169185e-01 1.151631591381532538e-01 -2.277459580451250076e+00 -1.127777968217426319e-02 -1.146377354248280245e-01 9.933433451239844780e-01 1.239514927864074707e+02
9.926903948155675339e-01 -1.206645529242264814e-01 -2.417790005213819350e-03 -9.755038964562118053e+00 1.201408979958625417e-01 9.860789969354324391e-01 1.149538012923421310e-01 -2.299456615000963211e+00 -1.148671709673907380e-02 -1.144040098528372185e-01 9.933678965317590537e-01 1.252170403003692627e+02
9.925578668098956614e-01 -1.217559830868777532e-01 -2.088448308499617472e-03 -9.906098860315978527e+00 1.211919835266057205e-01 9.859949216094124891e-01 1.145710159217217805e-01 -2.322176132351160049e+00 -1.189050725058716888e-02 -1.139714663545066259e-01 9.934128651745594007e-01 1.265047078132629395e+02
9.924297936044076396e-01 -1.227975821412570778e-01 -1.964328530084069949e-03 -1.005831192713230848e+01 1.222200678368069310e-01 9.859395613790061796e-01 1.139536586764083037e-01 -2.345620874315500259e+00 -1.205652455225766397e-02 -1.133310863268956609e-01 9.934841242252875348e-01 1.278186089992523193e+02
9.923032196850983810e-01 -1.238132818925662404e-01 -2.142762137818998280e-03 -1.021167218964546919e+01 1.232592488350498644e-01 9.859050403470603907e-01 1.131300534556604759e-01 -2.368980810046195984e+00 -1.189444320708618434e-02 -1.125234315387389356e-01 9.935778779620348944e-01 1.291622321605682373e+02
9.921291339131554921e-01 -1.252044216068585736e-01 -1.906423568875665513e-03 -1.036575353424996138e+01 1.246236678408755294e-01 9.858155448001891807e-01 1.124128686770038410e-01 -2.392907563596963882e+00 -1.219520621470092901e-02 -1.117656675388206816e-01 9.936597569112793904e-01 1.305252538919448853e+02
9.919347981303312523e-01 -1.267417047529305063e-01 -1.377147217878505825e-03 -1.052065101545304060e+01 1.260951439458229684e-01 9.856556847329254190e-01 1.121734631138312926e-01 -2.416936088353395462e+00 -1.285966295907086700e-02 -1.114424130660714024e-01 9.936876861663276328e-01 1.318978605270385742e+02
9.917642933142174488e-01 -1.280760731986071155e-01 -3.255471945620867975e-04 -1.067651152890175581e+01 1.273013988961959331e-01 9.854799730155102688e-01 1.123546911544900384e-01 -2.440920870751142502e+00 -1.406912740799703965e-02 -1.114708134866444489e-01 9.936681122963557655e-01 1.332728608846664429e+02
9.916052021472956390e-01 -1.293021289580853495e-01 2.872652567327115686e-04 -1.083425377588719130e+01 1.284456219311723435e-01 9.852872097729532541e-01 1.127423454809362569e-01 -2.465011985972523689e+00 -1.486086407768391626e-02 -1.117589983166237810e-01 9.936242151911001130e-01 1.346523951292037964e+02
9.913553955270210105e-01 -1.311896899000483396e-01 1.935206292083114718e-03 -1.099407789390534163e+01 1.301155739995696614e-01 9.849206483471200091e-01 1.140230409270485135e-01 -2.489185331389307976e+00 -1.686467201656394188e-02 -1.127855563599259037e-01 9.934762207090593877e-01 1.360273053646087646e+02
9.911534451834146386e-01 -1.326817944498639157e-01 3.223278239908015323e-03 -1.115243587177246809e+01 1.314326091104418559e-01 9.846184213253750261e-01 1.151174776007010264e-01 -2.513099497184157372e+00 -1.844769263267368939e-02 -1.136754406557993757e-01 9.933466549137014434e-01 1.373795261383056641e+02
9.909824826582361856e-01 -1.339492363233321381e-01 3.364692098070044563e-03 -1.131231960933655500e+01 1.326533052686139913e-01 9.843161885621902751e-01 1.162959222660650549e-01 -2.536792553961277008e+00 -1.888967087671463568e-02 -1.148008842422342246e-01 9.932089091985485396e-01 1.387255903482437134e+02
9.907912255762884035e-01 -1.353599867720522709e-01 3.228204161161614145e-03 -1.147424991708248854e+01 1.340294725092532058e-01 9.838764816155024517e-01 1.184194638680277495e-01 -2.560006640851497650e+00 -1.920541121474997337e-02 -1.168962912370175716e-01 9.929584126614280359e-01 1.400532680749893188e+02
9.904696703472334329e-01 -1.376589691265329152e-01 4.454249798007617854e-03 -1.164145115297287703e+01 1.361094779044491887e-01 9.832445949969109700e-01 1.212611909637163199e-01 -2.583915039896965027e+00 -2.107230758177790902e-02 -1.194992662252822163e-01 9.926106402939665063e-01 1.413908314704895020e+02
9.901329814534280960e-01 -1.400182015353200193e-01 5.619811114252692974e-03 -1.181781217735260725e+01 1.382424164884363260e-01 9.825652034334512175e-01 1.243167538396101890e-01 -2.608482081443071365e+00 -2.292843914406457809e-02 -1.223132218551822858e-01 9.922266688805647661e-01 1.427566480636596680e+02
9.898843297188165691e-01 -1.417512329152861295e-01 5.966719712346829629e-03 -1.200100006442517042e+01 1.398564399914224987e-01 9.819971247444557738e-01 1.269717416850990044e-01 -2.633490728214383125e+00 -2.385770253094466817e-02 -1.248528532337894736e-01 9.918883884133974371e-01 1.441421750783920288e+02
9.896629325386324671e-01 -1.432884137919543666e-01 5.975820614760796699e-03 -1.218573384266346693e+01 1.413330167913181001e-01 9.815334658940119139e-01 1.289070738739864774e-01 -2.658673143014311790e+00 -2.433635806153285758e-02 -1.267299719998157270e-01 9.916386720339354088e-01 1.455189113616943359e+02
9.895116980016568364e-01 -1.443688514312164994e-01 4.922829908616671579e-03 -1.237153744976967573e+01 1.425217375473146753e-01 9.812706247303724094e-01 1.295975129690339067e-01 -2.683506669476628304e+00 -2.354047247555125094e-02 -1.275366448425545307e-01 9.915544616297844449e-01 1.469016849994659424e+02
9.893860843018787987e-01 -1.452606184001694611e-01 3.811683590729056555e-03 -1.255581003706902266e+01 1.435300496583012675e-01 9.810201631489462448e-01 1.303785424841850671e-01 -2.707871055230498314e+00 -2.267820616541467091e-02 -1.284476244903549336e-01 9.914569616114980999e-01 1.482688590288162231e+02
9.892254278062339035e-01 -1.463672540585697623e-01 3.111257129795927997e-03 -1.273525437992066145e+01 1.446943340837460734e-01 9.807121754869326802e-01 1.314046366600094828e-01 -2.731414461508393288e+00 -2.228458358675105069e-02 -1.295386266371614803e-01 9.913239337085144598e-01 1.495919914245605469e+02
9.890350931365955445e-01 -1.476547963258221519e-01 2.765079793735848897e-03 -1.291126047354191542e+01 1.459833724436001845e-01 9.803271322307157698e-01 1.328441522322070800e-01 -2.754089428111910820e+00 -2.232575898550521326e-02 -1.309838728022678089e-01 9.911330816552540446e-01 1.508712594509124756e+02
9.889315301796174351e-01 -1.483606498080442815e-01 1.883137046336490856e-03 -1.308659439068287611e+01 1.467827473400157567e-01 9.801090680290002188e-01 1.335703554335380405e-01 -2.776602754369378090e+00 -2.166226442266688812e-02 -1.318155239562451286e-01 9.910375441648126005e-01 1.521420230865478516e+02
9.888319821211617455e-01 -1.490307547779660957e-01 1.070170380934352267e-03 -1.326547849457710981e+01 1.475389100050888691e-01 9.798977512269070322e-01 1.342857668368504509e-01 -2.799454996362328529e+00 -2.106136673734100573e-02 -1.326281692204202278e-01 9.909420707389482441e-01 1.534298924207687378e+02
9.886567338569629548e-01 -1.501884303503107365e-01 1.139292847363630300e-03 -1.343822114448994398e+01 1.486519332031845386e-01 9.795697791816367905e-01 1.354461164780866311e-01 -2.821854595094919205e+00 -2.145845647380439924e-02 -1.337403570465897362e-01 9.907840589870289261e-01 1.546631466150283813e+02
9.885064639747468407e-01 -1.511758984900567482e-01 9.046523457541499587e-04 -1.361595876794308424e+01 1.496391377647316445e-01 9.792746822979132570e-01 1.364889191815537861e-01 -2.844466414302587509e+00 -2.151973812968659486e-02 -1.347848074748972391e-01 9.906411845591643894e-01 1.559201196432113647e+02
9.883698279406345488e-01 -1.520692969047919008e-01 1.102519056337543753e-04 -1.380110445898026228e+01 1.506047941592217332e-01 9.789512004855397409e-01 1.377415806653133623e-01 -2.867879314348101616e+00 -2.105419656170486389e-02 -1.361230179168931853e-01 9.904681947444543555e-01 1.572189664840698242e+02
9.881538728118259840e-01 -1.534656484755802242e-01 -4.673167654178951450e-04 -1.399180026631802320e+01 1.520139880860033876e-01 9.783797222440173691e-01 1.402314748118548005e-01 -2.891929788514971733e+00 -2.106350097153875806e-02 -1.386413136106589838e-01 9.901186368749620437e-01 1.585293627977371216e+02
9.877741671329075546e-01 -1.558913584131181584e-01 2.812774497309388747e-04 -1.418694666307419538e+01 1.542350891012832237e-01 9.775387048461096073e-01 1.436301424413060357e-01 -2.916635774075984955e+00 -2.266565760815724903e-02 -1.418307614726204979e-01 9.896313975745143487e-01 1.598343323469161987e+02
9.873387395488756324e-01 -1.586217959863565896e-01 1.157248504135222110e-03 -1.438224999886006117e+01 1.567237063216639636e-01 9.765986483895896519e-01 1.472846218735257284e-01 -2.941421441733837128e+00 -2.449271856773940423e-02 -1.452384446408363505e-01 9.890934743164936371e-01 1.611105513572692871e+02
9.870005122804033082e-01 -1.607135087264187079e-01 1.075579408873400316e-03 -1.458061567228287458e+01 1.587327754985918826e-01 9.758408428699143489e-01 1.501284628891161876e-01 -2.965799612924456596e+00 -2.517726634754234583e-02 -1.480061400745875944e-01 9.886659131170075776e-01 1.623845300674438477e+02
9.867919717425848170e-01 -1.619924174426743690e-01 2.473771614803588290e-04 -1.477988535445183516e+01 1.600862606733231552e-01 9.754117535996601474e-01 1.514737603787162379e-01 -2.989847134798765182e+00 -2.477889521376069534e-02 -1.494334889866198446e-01 9.884612479613307245e-01 1.636654139757156372e+02
9.865921237503791907e-01 -1.632033943008765198e-01 -7.958909404148095538e-04 -1.498249067645519972e+01 1.614156387195088693e-01 9.750414172156188775e-01 1.524441743423818607e-01 -3.013873070478439331e+00 -2.410338006358018342e-02 -1.505286909623217151e-01 9.883117626876047890e-01 1.649621942043304443e+02
9.863797547890378326e-01 -1.644759132856642159e-01 -1.628892618960005702e-03 -1.518699752073734999e+01 1.627904280046209295e-01 9.747585487990924058e-01 1.527908639060585050e-01 -3.037947803735733032e+00 -2.354263987724759463e-02 -1.509749830002773408e-01 9.882572026631915030e-01 1.662730598449707031e+02
9.860762811076821954e-01 -1.662830537855816693e-01 -1.874529430223664849e-03 -1.539459160249680281e+01 1.646032356949750919e-01 9.743875763917387856e-01 1.532143132092359250e-01 -3.062606919556856155e+00 -2.365042569570171074e-02 -1.513895537914512757e-01 9.881912063802417157e-01 1.676019990444183350e+02
