0.000000000000000000e+00 0.000000000000000000e+00 0.000000000000000000e+00 0.000000000000000000e+00 0.000000000000000000e+00 0.000000000000000000e+00 0.000000000000000000e+00 0.000000000000000000e+00 0.000000000000000000e+00 0.000000000000000000e+00 0.000000000000000000e+00 0.000000000000000000e+00
9.999991059304562668e-01 -6.230669902802805481e-04 -1.189354418427106871e-03 -8.575337007641792297e-03 6.242643767638278440e-04 9.999992854919147467e-01 1.006637005692440990e-03 -1.845874637365341187e-02 1.188726397231221199e-03 -1.007378544968295930e-03 9.999987483028434099e-01 1.019941568374633789e+00
9.999995827675078885e-01 -8.655461843714634326e-04 -3.244383078374422501e-04 -8.733567781746387482e-03 8.659631778284472559e-04 9.999988082679229784e-01 1.287353804987442351e-03 -1.834298111498355865e-02 3.233236493542790413e-04 -1.287634174890264771e-03 9.999991059303781071e-01 1.003400564193725586e+00
9.999994039535842205e-01 -1.047995609516266151e-03 3.045409513790729695e-04 -9.306494146585464478e-03 1.047592082018128368e-03 9.999985690653567794e-01 1.322213427510911038e-03 -1.894458755850791931e-02 -3.059261944144964218e-04 -1.321893572247406778e-03 9.999990463257368845e-01 1.018178820610046387e+00
9.999995827674865723e-01 -9.361462335496393769e-04 -1.397550281082882726e-04 -1.149685028940439224e-02 9.363403660245239735e-04 9.999986292745061123e-01 1.395622320085356015e-03 -1.937031000852584839e-02 1.384483184665441513e-04 -1.395752537064254284e-03 9.999990463256835938e-01 1.066533923149108887e+00
9.999996423721491112e-01 -3.829118379204579474e-04 -7.561620756609684860e-04 -1.401277352124452591e-02 3.839220755220383585e-04 9.999990467135017047e-01 1.336319754626995532e-03 -1.933794468641281128e-02 7.556496420875191689e-04 -1.336609546360389977e-03 9.999988079073709457e-01 1.083708405494689941e+00
9.999991059304207397e-01 -4.728129073089475630e-04 -1.249859116954722248e-03 -1.652172207832336426e-02 4.748959430831197620e-04 9.999985108731357375e-01 1.666850752266456695e-03 -1.937877945601940155e-02 1.249069115146994591e-03 -1.667442836506743964e-03 9.999978542338503473e-01 1.094020605087280273e+00
9.999993443489714195e-01 -4.776984865085887651e-04 -1.031370420041443020e-03 -1.898445747792720795e-02 4.794751341195540445e-04 9.999983915264083478e-01 1.723049414788813041e-03 -1.931901648640632629e-02 1.030545681715011597e-03 -1.723542816228051944e-03 9.999979734428769973e-01 1.090680122375488281e+00
9.999998211860656738e-01 -6.020880189300949854e-04 -2.223558723363965668e-04 -2.254998870193958282e-02 6.026395130902528763e-04 9.999967220763181786e-01 2.488475628883832572e-03 -1.925218291580677032e-02 2.208568621426820755e-04 -2.488609170541167259e-03 9.999969005584716797e-01 1.085729837417602539e+00
9.999998211860656738e-01 -6.149742282641339512e-04 1.097972356227328922e-04 -2.584322169423103333e-02 6.146628875285387039e-04 9.999958870873579819e-01 2.813369097308175866e-03 -1.940514333546161652e-02 -1.115269260480999947e-04 -2.813301049172878265e-03 9.999960660934448242e-01 1.089444398880004883e+00
9.999999403953552246e-01 -4.198425451989208634e-04 7.560242180272547761e-05 -3.079610504209995270e-02 4.196020890958607197e-04 9.999949931083668142e-01 3.152838867622996272e-03 -1.991458982229232788e-02 -7.692573126405477524e-05 -3.152806777507066727e-03 9.999950528144836426e-01 1.114111661911010742e+00
9.999998211860727793e-01 -4.320610674059909679e-04 -4.105383079613711449e-04 -3.451534733176231384e-02 4.332596759976624357e-04 9.999955897753126655e-01 2.923969858256657370e-03 -2.050006762146949768e-02 4.092731978744268417e-04 -2.924147353372125169e-03 9.999956488611871919e-01 1.133588433265686035e+00
9.999995827675220994e-01 -4.738635411493196769e-04 -7.926179435301767499e-04 -3.745377063751220703e-02 4.759087496988053528e-04 9.999965439036454518e-01 2.582114438583746081e-03 -2.045678906142711639e-02 7.913916488178074360e-04 -2.582490605863518862e-03 9.999963641176634610e-01 1.145500183105468750e+00
9.999971985820153009e-01 -5.385465119285177960e-04 -2.323903574224124840e-03 -4.071959108114242554e-02 5.437850452911750787e-04 9.999973206399699333e-01 2.254144783849850071e-03 -2.036419324576854706e-02 2.322683343663811684e-03 -2.255402043857324124e-03 9.999947547981342666e-01 1.186691641807556152e+00
9.999975562100900106e-01 -6.582628628898316977e-04 -2.114416393196458938e-03 -4.406885802745819092e-02 6.632219808985345688e-04 9.999970230571830765e-01 2.345534988079268392e-03 -2.116182446479797363e-02 2.112866146489977837e-03 -2.346931670283478044e-03 9.999950528205303613e-01 1.233322024345397949e+00
9.999996423721597694e-01 -7.181241011145634429e-04 -5.120401021347831174e-04 -4.652567207813262939e-02 7.193630169346210135e-04 9.999968418443040408e-01 2.423511558382045183e-03 -2.161041647195816040e-02 5.102980649098753929e-04 -2.423878935858103656e-03 9.999969601634646210e-01 1.234487652778625488e+00
9.999997019767761230e-01 -7.412320111265022606e-04 4.088526662427181347e-05 -5.116385221481323242e-02 7.411194965243339539e-04 9.999960660091445908e-01 2.687013950351599748e-03 -2.280149608850479126e-02 -4.287681076675653458e-05 -2.686982974410057068e-03 9.999963641166687012e-01 1.281826615333557129e+00
9.999998807907104492e-01 -5.057653628305380008e-04 1.147658414137552155e-04 -5.694023892283439636e-02 5.053897039033472538e-04 9.999945757867486629e-01 3.250149548011682394e-03 -2.349541522562503815e-02 -1.164090353995561600e-04 -3.250091103836894035e-03 9.999946951866149902e-01 1.323607683181762695e+00
9.999987483025307711e-01 -3.121517159034160166e-04 -1.553050861122326487e-03 -6.151901558041572571e-02 3.161897489583481713e-04 9.999965442073712740e-01 2.600493460668654860e-03 -2.382455393671989441e-02 1.552233821712434292e-03 -2.600981314424377633e-03 9.999954104464023885e-01 1.374876379966735840e+00
9.999971985818589815e-01 -3.567074803290393994e-04 -2.338455128049071480e-03 -6.455627083778381348e-02 3.615904114906767775e-04 9.999977367893261304e-01 2.088008905498005708e-03 -2.428271993994712830e-02 2.337705111131072044e-03 -2.088848594960640570e-03 9.999950528205303613e-01 1.406794667243957520e+00
9.999980330472979517e-01 -8.527030830549391311e-04 -1.796486232491439862e-03 -6.527367979288101196e-02 8.550046105400242735e-04 9.999988098757898181e-01 1.280741988800105768e-03 -2.511394023895263672e-02 1.795392017811536789e-03 -1.282275453418912914e-03 9.999975562109071348e-01 1.437602281570434570e+00
9.999983310702873496e-01 -1.704350709581850185e-03 7.269380486583069826e-04 -6.549042463302612305e-02 1.703143528658107586e-03 9.999971965243658056e-01 1.658097836974048314e-03 -2.605692483484745026e-02 -7.297619595192372799e-04 -1.656856924150629240e-03 9.999983906749179141e-01 1.402226090431213379e+00
9.999981522567935599e-01 -1.533162183015026117e-03 1.119903877033181974e-03 -6.939175724983215332e-02 1.531409609026208873e-03 9.999976131304584293e-01 1.564043284328582801e-03 -2.725169621407985687e-02 -1.122299116104841232e-03 -1.562325423697177862e-03 9.999981522567935599e-01 1.425408601760864258e+00
9.999976158153423000e-01 -1.144074532770729576e-03 1.858721900683441269e-03 -7.186689227819442749e-02 1.140002984694021837e-03 9.999969555222395501e-01 2.190090689747564191e-03 -2.740515395998954773e-02 -1.861221855506300926e-03 -2.187966545230776716e-03 9.999958872836316459e-01 1.411446809768676758e+00
9.999996423721491112e-01 -7.707958001789449228e-04 4.016738304653731878e-04 -7.494044303894042969e-02 7.700852125087226385e-04 9.999981517083769145e-01 1.766251463096800856e-03 -2.708548493683338165e-02 -4.030345007777214050e-04 -1.765941513683401409e-03 9.999983906746834350e-01 1.416667222976684570e+00
9.999993443490069467e-01 -8.904066692247881607e-04 6.569366906289134328e-04 -7.712280005216598511e-02 8.891149981753027065e-04 9.999976742698853949e-01 1.963826549810570015e-03 -2.625468187034130096e-02 -6.586837698705494404e-04 -1.963241256224101949e-03 9.999978542332428333e-01 1.393661141395568848e+00
9.999998807907104492e-01 -5.085065194023286961e-04 -2.308446574775106547e-04 -7.984693348407745361e-02 5.088847246952354908e-04 9.999985100761519252e-01 1.641150783055494219e-03 -2.571845427155494690e-02 2.300097839906811714e-04 -1.641268027015030384e-03 9.999986290931701660e-01 1.399515032768249512e+00
9.999997019767903339e-01 -4.035356552276210258e-04 -6.770463034609969406e-04 -8.151993155479431152e-02 4.044037395833227633e-04 9.999991062813372578e-01 1.282516077628530595e-03 -2.514688298106193542e-02 6.765281432308256626e-04 -1.282789438595832721e-03 9.999989271165929949e-01 1.388608932495117188e+00
9.999992847443017752e-01 -2.609598031858530653e-04 -1.150956411558209458e-03 -8.324213325977325439e-02 2.620789483155118449e-04 9.999994638515422585e-01 9.723150280448490668e-04 -2.520621195435523987e-02 1.150702126324176788e-03 -9.726160231771606435e-04 9.999988675120619064e-01 1.387308239936828613e+00
9.999995231628844294e-01 -4.924068990672436424e-04 -8.586524389384782340e-04 -8.331964164972305298e-02 4.932914144136282819e-04 9.999993447852519868e-01 1.030203850706563288e-03 -2.451811172068119049e-02 8.581446018069982529e-04 -1.030626920274571590e-03 9.999991059305202157e-01 1.355953454971313477e+00
9.999997615814351093e-01 -5.168872498373868352e-04 -5.262029287782653709e-04 -8.350160717964172363e-02 5.174486397454200470e-04 9.999992850346965945e-01 1.067248576845475491e-03 -2.415162324905395508e-02 5.256509175524115562e-04 -1.067520574068045458e-03 9.999992847443337496e-01 1.325213074684143066e+00
9.999997019767903339e-01 -4.050970670719055257e-04 -6.546902840273506651e-04 -8.428129553794860840e-02 4.056994418063369912e-04 9.999995234072204253e-01 9.202395191602369320e-04 -2.373621240258216858e-02 6.543171475641429424e-04 -9.205048106151747511e-04 9.999993443490069467e-01 1.312520027160644531e+00
9.999998211860727793e-01 -5.336482211987880839e-04 -3.962204016232008129e-04 -8.396860212087631226e-02 5.340741745375569838e-04 9.999992849716714538e-01 1.075666491951681727e-03 -2.347234822809696198e-02 3.956460859626531601e-04 -1.075877860322420332e-03 9.999993443489429978e-01 1.293027400970458984e+00
9.999994635581970215e-01 -1.018439829531070026e-03 5.323764738478644292e-05 -8.398699015378952026e-02 1.018363982439041138e-03 9.999984502014885868e-01 1.406297873875321210e-03 -2.321027964353561401e-02 -5.466979928314685822e-05 -1.406242954544723034e-03 9.999989867210388184e-01 1.266471385955810547e+00
9.999989271165077298e-01 -1.373409476745848659e-03 4.220241718294636996e-04 -8.595542609691619873e-02 1.372628914474954831e-03 9.999973167181779310e-01 1.844323326455040660e-03 -2.300433069467544556e-02 -4.245560849085450172e-04 -1.843742107973417310e-03 9.999981522562180203e-01 1.253268003463745117e+00
9.999992847442626953e-01 -1.177307563676777179e-03 4.388062968149929801e-05 -9.103651344776153564e-02 1.177225494757294655e-03 9.999976157164760515e-01 1.825684710689643797e-03 -2.352182380855083466e-02 -4.602991975843906403e-05 -1.825631828978657722e-03 9.999983310699462891e-01 1.288228154182434082e+00
9.999993443489927358e-01 -9.509750172007635539e-04 -5.945280390639974630e-04 -9.510733932256698608e-02 9.520049250824579035e-04 9.999980340267224932e-01 1.734464493284639496e-03 -2.392664737999439240e-02 5.928774480707943439e-04 -1.735029431874202110e-03 9.999983310702127426e-01 1.308016180992126465e+00
9.999990463257368845e-01 -1.342027928892887498e-03 -3.731884539981886444e-04 -9.870953857898712158e-02 1.342707117150294949e-03 9.999974379108171885e-01 1.825666518813777624e-03 -2.459545619785785675e-02 3.707373980432748795e-04 -1.826165833627227397e-03 9.999982714654009897e-01 1.330867767333984375e+00
9.999986290935325428e-01 -1.440326622603966232e-03 -8.277673709550616762e-04 -1.011242046952247620e-01 1.441588342590144345e-03 9.999977964465003311e-01 1.525657901719671078e-03 -2.460406348109245300e-02 8.255681023001670837e-04 -1.526849031159432935e-03 9.999984502796621655e-01 1.342824101448059082e+00
9.999989271166676019e-01 -1.124014824585491687e-03 -9.026075665114313392e-04 -9.949699789285659790e-02 1.124881437097588477e-03 9.999988684868238442e-01 9.601829732520324222e-04 -2.414873801171779633e-02 9.015273535624146461e-04 -9.611973137440381343e-04 9.999991059305273211e-01 1.319556355476379395e+00
9.999988675120476955e-01 -1.204803841881707744e-03 -9.088233052960154740e-04 -1.008111834526062012e-01 1.205418803703180164e-03 9.999990470674012810e-01 6.764079910425498544e-04 -2.451612427830696106e-02 9.080074960365891457e-04 -6.775027224595227271e-04 9.999993443490069467e-01 1.335339665412902832e+00
9.999988675119197978e-01 -1.365575101620844717e-03 -6.107825099049056603e-04 -1.013334318995475769e-01 1.366014813748289702e-03 9.999988085078745925e-01 7.201113311245146932e-04 -2.446770295500755310e-02 6.097984150983393192e-04 -7.209448833750166374e-04 9.999995827675292048e-01 1.333501935005187988e+00
9.999983310700422123e-01 -1.791252259790300288e-03 3.004326749239398151e-04 -1.025858819484710693e-01 1.790993507370733373e-03 9.999980325829173067e-01 8.591864966123070055e-04 -2.504110336303710938e-02 -3.019711002707481384e-04 -8.586469991566508808e-04 9.999995827675078885e-01 1.336230278015136719e+00
9.999986290931701660e-01 -1.642080793207955670e-03 -1.096005296143819666e-04 -1.027562841773033142e-01 1.642153132706880569e-03 9.999983907930676263e-01 6.628641887813130525e-04 -2.498677000403404236e-02 1.085118856281042099e-04 -6.630432908423244953e-04 9.999997615814208984e-01 1.330714941024780273e+00
9.999989867210388184e-01 -1.442808161559995701e-03 -2.185040314996822101e-04 -1.027727723121643066e-01 1.442948123440146446e-03 9.999988081088713177e-01 6.417729975668421544e-04 -2.454331144690513611e-02 2.175777917727828026e-04 -6.420876015909016132e-04 9.999998211860656738e-01 1.320214867591857910e+00
9.999988675117492676e-01 -1.510921867213465891e-03 5.691101387522646600e-05 -1.012524291872978210e-01 1.510897767730057240e-03 9.999988078706240069e-01 4.204369353536643113e-04 -2.418090216815471649e-02 -5.754618905484676361e-05 -4.203504649922251701e-04 9.999999403953552246e-01 1.300254464149475098e+00
9.999983906747687001e-01 -1.720800599640647226e-03 5.202865195977580612e-04 -1.014456972479820251e-01 1.720650964189926468e-03 9.999984500220303607e-01 2.880278764525829802e-04 -2.393081411719322205e-02 -5.207813810557126999e-04 -2.871321870452497871e-04 9.999998211860727793e-01 1.301945328712463379e+00
9.999972581874203570e-01 -2.136525193466077156e-03 9.856216132941122195e-04 -1.025636121630668640e-01 2.135990565989454026e-03 9.999976146741482719e-01 5.431238015960836293e-04 -2.443563193082809448e-02 -9.867795743048191071e-04 -5.410170163951399935e-04 9.999994039536090895e-01 1.311457991600036621e+00
9.999976754193511397e-01 -2.034576108587445639e-03 7.179650425412384233e-04 -1.041089594364166260e-01 2.034082290972405449e-03 9.999976744148831864e-01 6.879283308039952846e-04 -2.466749772429466248e-02 -7.193630444817245007e-04 -6.864663555888189661e-04 9.999995231628986403e-01 1.317242383956909180e+00
9.999985694885253906e-01 -1.675489561251980930e-03 3.790979818490993039e-05 -1.053652316331863403e-01 1.675468985922634602e-03 9.999984502445983248e-01 5.354107050029266414e-04 -2.443723939359188080e-02 -3.880681470036506653e-05 -5.353464512154459953e-04 9.999998807907104492e-01 1.324826717376708984e+00
9.999989271165929949e-01 -1.312803821983546089e-03 -7.059049000295286981e-04 -1.059092134237289429e-01 1.312868938693284582e-03 9.999991656208738755e-01 9.177845046442375241e-05 -2.430810779333114624e-02 7.057837792672216892e-04 -9.270510754313954216e-05 9.999997615814208984e-01 1.332348108291625977e+00
9.999990463258221496e-01 -1.258657993882990713e-03 -6.346619889584650476e-04 -1.052030399441719055e-01 1.258764307310068775e-03 9.999992252737249787e-01 1.671237113961178552e-04 -2.363254502415657043e-02 6.344511057250201702e-04 -1.679224360351325163e-04 9.999998211860656738e-01 1.321791529655456543e+00
9.999991655350193298e-01 -1.263146885189809837e-03 -3.417975203348306906e-04 -1.055146679282188416e-01 1.263255294553615460e-03 9.999991656719681155e-01 3.171153710587516251e-04 -2.360725589096546173e-02 3.413966624066233635e-04 -3.175468693273134080e-04 9.999998807907140019e-01 1.308595538139343262e+00
9.999992251396179199e-01 -1.256241968015123960e-03 5.837160156142813994e-05 -1.048517525196075439e-01 1.256233430467545986e-03 9.999992251288927214e-01 1.458779317709457863e-04 -2.351553179323673248e-02 -5.855481140315532684e-05 -1.458044862374663353e-04 1.000000000000000000e+00 1.294948220252990723e+00
9.999990463257368845e-01 -1.346999625155579413e-03 3.679363332210242553e-04 -1.022806167602539062e-01 1.347006567559740076e-03 9.999991059397880244e-01 -1.859244268125242788e-05 -2.320356294512748718e-02 -3.679109504446387291e-04 1.908803710561762790e-05 9.999999403953552246e-01 1.265593051910400391e+00
9.999986886979570500e-01 -1.546022641520200655e-03 4.497133749616249229e-04 -1.007150635123252869e-01 1.545838478144864747e-03 9.999987480179860500e-01 4.094292874780963948e-04 -2.283118292689323425e-02 -4.503457748796790838e-04 -4.087335641329153946e-04 9.999998211860727793e-01 1.233274102210998535e+00
9.999987483025947199e-01 -1.507109000073716173e-03 5.385533070239612594e-04 -1.023991852998733521e-01 1.506690804048957388e-03 9.999985688583640231e-01 7.761479640089648116e-04 -2.279829047620296478e-02 -5.397222703322768211e-04 -7.753355552042248688e-04 9.999995827675220994e-01 1.233232975006103516e+00
9.999979138381291932e-01 -1.839949617356971762e-03 9.160836589727406774e-04 -1.041272208094596863e-01 1.839153981822237716e-03 9.999979719795767386e-01 8.685760286790949330e-04 -2.325285039842128754e-02 -9.176798630505800247e-04 -8.668893590880605293e-04 9.999992251397671339e-01 1.236683011054992676e+00
9.999967813514842874e-01 -2.085103100351382629e-03 1.479533113596872467e-03 -1.043304800987243652e-01 2.083757752094878013e-03 9.999974342006279215e-01 9.103079642326370510e-04 -2.353915758430957794e-02 -1.481427345424890518e-03 -9.072219998381425565e-04 9.999985098843282572e-01 1.224915385246276855e+00
9.999980330471345269e-01 -1.865872069395032012e-03 6.906743570703756082e-04 -1.086379587650299072e-01 1.865312361605392377e-03 9.999979723983535296e-01 8.100626058209880586e-04 -2.389699220657348633e-02 -6.921843742020428181e-04 -8.087726709937181901e-04 9.999994635582680758e-01 1.258076667785644531e+00
9.999983906747687001e-01 -1.737939724903438685e-03 4.437868676787636870e-04 -1.107343733310699463e-01 1.737546899909125919e-03 9.999980919685361735e-01 8.840501906988226669e-04 -2.407009527087211609e-02 -4.453224537428468466e-04 -8.832776331719471852e-04 9.999994635582467595e-01 1.266881346702575684e+00
9.999969601645730677e-01 -2.204312487921030340e-03 1.109797308098373243e-03 -1.120641902089118958e-01 2.202648287922381876e-03 9.999964200558200123e-01 1.498621311766471040e-03 -2.371934428811073303e-02 -1.113096834160387516e-03 -1.496172316790694845e-03 9.999982714659765293e-01 1.251397728919982910e+00
9.999976158150296612e-01 -1.994282107727722141e-03 8.934600342267165138e-04 -1.143928691744804382e-01 1.993027149814613486e-03 9.999970768709798286e-01 1.403202208105111580e-03 -2.372478321194648743e-02 -8.962557185441255569e-04 -1.401418118890766784e-03 9.999986290935680699e-01 1.258582353591918945e+00
9.999977350237543305e-01 -2.065003492069068369e-03 5.332324878681844564e-04 -1.158612072467803955e-01 2.064148416546146558e-03 9.999966007681017066e-01 1.599169888744197488e-03 -2.354752272367477417e-02 -5.365329561755061150e-04 -1.598065644919474670e-03 9.999986290933193800e-01 1.251371622085571289e+00
9.999975562098413207e-01 -2.160323380285603806e-03 4.444101961225972838e-04 -1.195552870631217957e-01 2.159568689367896699e-03 9.999962432747780960e-01 1.691628951397110975e-03 -2.368129231035709381e-02 -4.480629868339747190e-04 -1.690665058414309030e-03 9.999984502794063701e-01 1.261580348014831543e+00
9.999971389776760589e-01 -2.297980700750625743e-03 6.559693891550226127e-04 -1.211265921592712402e-01 2.297066070093722878e-03 9.999964216190674327e-01 1.391566600978448977e-03 -2.387933991849422455e-02 -6.591647979803383350e-04 -1.390055771121417871e-03 9.999988079073318659e-01 1.268091678619384766e+00
9.999963641186226937e-01 -2.443661691786870593e-03 1.147987677401934295e-03 -1.250234246253967285e-01 2.442113385303923412e-03 9.999961219181784378e-01 1.348176573974465371e-03 -2.461241371929645538e-02 -1.151277683675289154e-03 -1.345368151422776659e-03 9.999984502798220376e-01 1.293555021286010742e+00
9.999957680739512966e-01 -2.450807459896112237e-03 1.583812535923622518e-03 -1.266343146562576294e-01 2.448627221436142087e-03 9.999960607594600148e-01 1.377081022161002468e-03 -2.494174242019653320e-02 -1.587181235663592815e-03 -1.373196979445358290e-03 9.999977946293370223e-01 1.291869878768920898e+00
9.999955892599992069e-01 -2.557532798240968065e-03 1.501786061925763091e-03 -1.282805800437927246e-01 2.555349974605172769e-03 9.999956432869349099e-01 1.453647888053662693e-03 -2.495031058788299561e-02 -1.505497377365827560e-03 -1.449803926084590466e-03 9.999977946293583386e-01 1.290236949920654297e+00
9.999969601649567608e-01 -2.098093625702253991e-03 1.301078102023269390e-03 -1.304849982261657715e-01 2.096758337042259335e-03 9.999972553890474902e-01 1.026853230539920368e-03 -2.489510923624038696e-02 -1.303229015320539474e-03 -1.024122077399727826e-03 9.999986290936178079e-01 1.304138183593750000e+00
9.999963045147417517e-01 -2.308269677293069231e-03 1.417748099272982338e-03 -1.332612335681915283e-01 2.306899279440791095e-03 9.999968377965792188e-01 9.674888248891546673e-04 -2.525315061211585999e-02 -1.419976935721933842e-03 -9.642146885705700499e-04 9.999985098843637843e-01 1.324319720268249512e+00
9.999960660968021386e-01 -2.327551769895774923e-03 1.588071182985377212e-03 -1.345231384038925171e-01 2.325526554592324824e-03 9.999964786207423684e-01 1.275981475803549372e-03 -2.521669119596481323e-02 -1.591035514138638973e-03 -1.272283298940496410e-03 9.999979138384773591e-01 1.326502442359924316e+00
9.999978542335092868e-01 -1.852938695250806516e-03 8.849161344995716593e-04 -1.364314705133438110e-01 1.851882362138811133e-03 9.999975542535696205e-01 1.193003179899976849e-03 -2.514231577515602112e-02 -8.871245663613080978e-04 -1.191361892288224367e-03 9.999988675120476955e-01 1.332744359970092773e+00
9.999989271163940430e-01 -1.455157642687772250e-03 2.074757186108538618e-04 -1.346445977687835693e-01 1.455032965168356895e-03 9.999987481208628681e-01 5.999604525957865546e-04 -2.453778125345706940e-02 -2.083485014736652374e-04 -5.996579420752823353e-04 9.999998211860656738e-01 1.318371415138244629e+00
9.999993443489074707e-01 -1.161536921361790153e-03 -1.542083724934663813e-04 -1.356847882270812988e-01 1.161601860076189041e-03 9.999992848196542772e-01 4.218237951198246802e-04 -2.439296618103981018e-02 1.537182833999395370e-04 -4.220026312395930290e-04 9.999999403953552246e-01 1.323543310165405273e+00
9.999972581882161649e-01 -1.610885161845236049e-03 1.694989179508428348e-03 -1.348077803850173950e-01 1.609390860397463818e-03 9.999983286682725403e-01 8.825743818795770161e-04 -2.475262433290481567e-02 -1.696408027783036232e-03 -8.798440904892457226e-04 9.999982118611683291e-01 1.312868237495422363e+00
9.999939203332530724e-01 -1.748527045240806047e-03 3.006487735522274992e-03 -1.352401375770568848e-01 1.743838906222150431e-03 9.999972500229292738e-01 1.561243759402452516e-03 -2.461795508861541748e-02 -3.009209409356117249e-03 -1.555991528204569985e-03 9.999942779595016873e-01 1.297101497650146484e+00
9.999964833287933175e-01 -1.601279201649471367e-03 2.134671291712821311e-03 -1.354058682918548584e-01 1.597846964399685099e-03 9.999974315201417552e-01 1.608621127356406636e-03 -2.439092099666595459e-02 -2.137241652235388756e-03 -1.605204512489757929e-03 9.999964237242835452e-01 1.277025222778320312e+00
9.999991655350584097e-01 -1.200738461490136492e-03 4.358715346034671280e-04 -1.400924623012542725e-01 1.200140310807173982e-03 9.999983303515611599e-01 1.369966309064051500e-03 -2.409699559211730957e-02 -4.375157877802848816e-04 -1.369442045419846932e-03 9.999989271165077298e-01 1.299824953079223633e+00
9.999991059304846885e-01 -1.143156449955373081e-03 -6.688202245089307435e-04 -1.430615335702896118e-01 1.143786783507572125e-03 9.999989278374015189e-01 9.429082378689418887e-04 -2.382868900895118713e-02 6.677415804006159306e-04 -9.436723854577278026e-04 9.999993443490069467e-01 1.314038634300231934e+00
9.999991655350193298e-01 -1.237624693087346298e-03 -4.199290689973367448e-04 -1.450286507606506348e-01 1.238077921572149076e-03 9.999986296539423725e-01 1.080642697230796466e-03 -2.380971238017082214e-02 4.185910802334547043e-04 -1.081161718634558733e-03 9.999993443489429978e-01 1.315270304679870605e+00
9.999980330474329548e-01 -1.734721655865967271e-03 9.919988956489835929e-04 -1.454808861017227173e-01 1.733053696971464941e-03 9.999970764810052204e-01 1.679877465534539063e-03 -2.383191138505935669e-02 -9.949101367965340614e-04 -1.678154934928066666e-03 9.999980926520493085e-01 1.292126297950744629e+00
9.999971389787418730e-01 -2.012693663479115692e-03 1.311404505993978876e-03 -1.466248184442520142e-01 2.010620383995243010e-03 9.999967175767973115e-01 1.580422020474842038e-03 -2.385809272527694702e-02 -1.314581139013171196e-03 -1.577780778805951134e-03 9.999979138384773591e-01 1.280238628387451172e+00
9.999978542336513954e-01 -1.783304733445990886e-03 1.047835299765021398e-03 -1.494359076023101807e-01 1.782133219289327997e-03 9.999977925411144275e-01 1.117884267991707797e-03 -2.412357553839683533e-02 -1.049826503731310368e-03 -1.116014534770774780e-03 9.999988675120690118e-01 1.286649107933044434e+00
9.999991059303283691e-01 -1.351092670147845554e-03 -2.246944758299753027e-04 -1.553068310022354126e-01 1.351222163066267967e-03 9.999989272912013227e-01 5.769318795094676789e-04 -2.467456087470054626e-02 2.239147434011101723e-04 -5.772349541075527668e-04 9.999998211860656738e-01 1.326229810714721680e+00
9.999989867212875083e-01 -8.944359881127708157e-04 -1.096980530590553702e-03 -1.590107232332229614e-01 8.948879454018301982e-04 9.999995235677477945e-01 4.115961293985913642e-04 -2.468676865100860596e-02 1.096611842513084412e-03 -4.125774008690435979e-04 9.999993443489429978e-01 1.351828575134277344e+00
9.999994039536410639e-01 -7.682352962962755256e-04 -7.454712947299383091e-04 -1.563435792922973633e-01 7.684475314772842847e-04 9.999996425353816498e-01 2.844560566894100990e-04 -2.420635521411895752e-02 7.452525314874947071e-04 -2.850287442940982463e-04 9.999996423721491112e-01 1.332430720329284668e+00
9.999995231628417969e-01 -9.763007090848178134e-04 -1.480593186861849241e-05 -1.568848043680191040e-01 9.763104608282446861e-04 9.999992847536698370e-01 6.727470415207911607e-04 -2.425273321568965912e-02 1.414911821484565735e-05 -6.727611762471497059e-04 9.999997615814208984e-01 1.330678343772888184e+00
9.999992847443586186e-01 -1.026366880504176859e-03 5.579014510148583511e-04 -1.570565402507781982e-01 1.026108677486980980e-03 9.999993440840896364e-01 4.628810872124349755e-04 -2.452854998409748077e-02 -5.583761958405375481e-04 -4.623082978527908588e-04 9.999997019767974393e-01 1.335934162139892578e+00
9.999992847443905930e-01 -8.138396815295049352e-04 8.107555771660923975e-04 -1.507130116224288940e-01 8.137755794544385135e-04 9.999996423202034412e-01 7.935923264104712980e-05 -2.390416525304317474e-02 -8.108199108392000198e-04 -7.869940696229871246e-05 9.999996423721313477e-01 1.289373874664306641e+00
9.999995827675292048e-01 -6.139511819025913553e-04 6.825932629750554705e-04 -1.515372395515441895e-01 6.138776362382691865e-04 9.999998211410074944e-01 1.079387280461368415e-04 -2.385077998042106628e-02 -6.826593889854848385e-04 -1.075196522054844284e-04 9.999997615814208984e-01 1.292308568954467773e+00
9.999992251397600285e-01 -7.938471373968770560e-04 9.941711076981909340e-04 -1.467751562595367432e-01 7.933685265436030143e-04 9.999995823880321044e-01 4.817358432749584965e-04 -2.277010679244995117e-02 -9.945530910044908524e-04 -4.809467098723790857e-04 9.999994039536090895e-01 1.247274041175842285e+00
9.999993443490069467e-01 -9.281341635755570177e-04 7.133660418544396191e-04 -1.466884762048721313e-01 9.277308825411251236e-04 9.999994035795416458e-01 5.654908687075441403e-04 -2.229340001940727234e-02 -7.138904766179621220e-04 -5.648286714254185936e-04 9.999995827675292048e-01 1.239130973815917969e+00
9.999994039536090895e-01 -1.001587217191568296e-03 4.616385474375701565e-04 -1.473919600248336792e-01 1.001390858387532501e-03 9.999994037569770455e-01 4.254225504786593535e-04 -2.210859209299087524e-02 -4.620643740054219961e-04 -4.249599954160993009e-04 9.999997615814351093e-01 1.233401775360107422e+00
9.999997019767761230e-01 -7.788416327029477112e-04 -1.955704730671418013e-04 -1.495631933212280273e-01 7.788429502397775650e-04 9.999997019778023022e-01 6.584754438708869317e-06 -2.229686081409454346e-02 1.955652842298150063e-04 -6.737071089446544647e-06 1.000000000000000000e+00 1.253058791160583496e+00
9.999997019767761230e-01 -7.959810960073720500e-04 -1.264169615116844713e-04 -1.476956307888031006e-01 7.959743961691856384e-04 9.999997019714431667e-01 -5.308090618971013017e-05 -2.193847298622131348e-02 1.264591701328754425e-04 5.298026371747255325e-05 1.000000000000000000e+00 1.235671281814575195e+00
9.999996423721313477e-01 -8.775170831551079836e-04 2.002246477202998802e-04 -1.460480988025665283e-01 8.775866008363664150e-04 9.999995828284697907e-01 -3.472907532657073951e-04 -2.184032648801803589e-02 -1.999197993427515030e-04 3.474663244560360909e-04 9.999999403953552246e-01 1.231141448020935059e+00
9.999991059304207397e-01 -1.221917145738769675e-03 4.647348392775105122e-04 -1.481693983078002930e-01 1.221953396303529504e-03 9.999992251840924551e-01 -7.776443262634668966e-05 -2.208917401731014252e-02 -4.646394809242337942e-04 7.833225184443459721e-05 9.999998807907104492e-01 1.248678565025329590e+00
9.999995231628417969e-01 -9.847387180396849782e-04 2.091822907550271822e-04 -1.495422422885894775e-01 9.847878245636820793e-04 9.999995232112013355e-01 -2.348088270906740853e-04 -2.199703454971313477e-02 -2.089509507641196251e-04 2.350147115066647530e-04 1.000000000000000000e+00 1.265547513961791992e+00
9.999994039535842205e-01 -1.059293563247682216e-03 4.042782191059713704e-04 -1.510598957538604736e-01 1.059469238104265854e-03 9.999993445350267018e-01 -4.344507985873058377e-04 -2.271951735019683838e-02 -4.038177430629730225e-04 4.348788384047827527e-04 9.999998211860727793e-01 1.287667512893676758e+00
9.999994635581970215e-01 -1.035995945963658809e-03 1.666967245264209326e-04 -1.522130668163299561e-01 1.036103116348385811e-03 9.999992848552062830e-01 -6.442032593114836204e-04 -2.344474196434020996e-02 -1.660292036831378937e-04 6.443756283260881901e-04 9.999998211860656738e-01 1.313901185989379883e+00
9.999994635581970215e-01 -1.047065593883458705e-03 -1.612415261184849157e-04 -1.533602625131607056e-01 1.046934165060520172e-03 9.999991057925308180e-01 -8.133032790136845817e-04 -2.335993573069572449e-02 1.620929688215255737e-04 8.131340146064758301e-04 9.999996423721313477e-01 1.343623161315917969e+00
9.999989867210956618e-01 -1.375344944192077087e-03 3.018329441461379864e-04 -1.540813446044921875e-01 1.375574536587320651e-03 9.999987486181145524e-01 -7.618069828646641855e-04 -2.392675355076789856e-02 -3.007848281413316727e-04 7.622214161956929190e-04 9.999996423721491112e-01 1.363021731376647949e+00
9.999986886980707368e-01 -1.484130586868370044e-03 6.649895792107660998e-04 -1.548974812030792236e-01 1.484345872893338969e-03 9.999988678317665025e-01 -3.233907316927466533e-04 -2.402852475643157959e-02 -6.645088433288037777e-04 3.243773635098479158e-04 9.999997019767903339e-01 1.372606635093688965e+00
9.999985694890369814e-01 -1.218284124518347056e-03 1.209535910575360636e-03 -1.558605134487152100e-01 1.218246472427658711e-03 9.999992846994546492e-01 3.188156965125443255e-05 -2.398478239774703979e-02 -1.209573820233345032e-03 -3.040800955764200175e-05 9.999992847442626953e-01 1.375000357627868652e+00
9.999990463258789930e-01 -1.155524611622343271e-03 7.914823550764251130e-04 -1.577422469854354858e-01 1.155293667973872340e-03 9.999992844778120560e-01 2.922289185387255575e-04 -2.409111522138118744e-02 -7.918194751255214214e-04 -2.913142384769543125e-04 9.999996423721491112e-01 1.379534244537353516e+00
9.999965429335020417e-01 -1.690523196306148185e-03 2.002304484092859438e-03 -1.598241180181503296e-01 1.688442845773810430e-03 9.999980295391728280e-01 1.040196791381585006e-03 -2.417334541678428650e-02 -2.004059031605720520e-03 -1.036812429215369646e-03 9.999974370013617886e-01 1.374910235404968262e+00
9.999978542339071907e-01 -1.333765730689946694e-03 1.582067070578440813e-03 -1.583579778671264648e-01 1.332341306219848864e-03 9.999986868018456709e-01 9.010815020436330940e-04 -2.391416579484939575e-02 -1.583266886882483959e-03 -8.989717269134583910e-04 9.999983310704685380e-01 1.352220773696899414e+00
9.999991059304207397e-01 -1.233297416804563906e-03 4.406566513926649499e-04 -1.598837375640869141e-01 1.232796783747144853e-03 9.999985688710387732e-01 1.134553302256788342e-03 -2.369305677711963654e-02 -4.420552868396043777e-04 -1.134009081727657686e-03 9.999992251396960796e-01 1.346064209938049316e+00
9.999989867210956618e-01 -1.390296188745009489e-03 3.128635364228698579e-04 -1.619303077459335327e-01 1.389632617182570695e-03 9.999968400296648241e-01 2.111136719008833377e-03 -2.321408689022064209e-02 -3.157976316288113594e-04 -2.110699764373905052e-03 9.999977350236299856e-01 1.327677726745605469e+00
9.999960660972568860e-01 -2.109701245156733740e-03 1.861735726664458853e-03 -1.672012358903884888e-01 2.104800747226048818e-03 9.999943272441004227e-01 2.630291121896103333e-03 -2.390839904546737671e-02 -1.867274288088083267e-03 -2.626362140722052207e-03 9.999948144018802054e-01 1.337563395500183105e+00
9.999959468881733926e-01 -2.164749371933074283e-03 1.850434451138316784e-03 -1.763610243797302246e-01 2.159480929371404567e-03 9.999936109244430549e-01 2.844426593811960266e-03 -2.456704154610633850e-02 -1.856580143794417381e-03 -2.840419046742037601e-03 9.999942183564627385e-01 1.365816593170166016e+00
9.999982714658486316e-01 -1.635743025550314518e-03 9.253276279444848070e-04 -1.831878870725631714e-01 1.633365655552485030e-03 9.999954065558969152e-01 2.564183983291284160e-03 -2.500864677131175995e-02 -9.295176714658737183e-04 -2.562668036598936272e-03 9.999963045133917205e-01 1.385527014732360840e+00
9.999987483025947199e-01 -1.494375572093194476e-03 4.759642492572895576e-04 -1.847337782382965088e-01 1.493471147339484051e-03 9.999970780199746168e-01 1.894882988642480675e-03 -2.518241479992866516e-02 -4.787945363204926252e-04 -1.894169843333057268e-03 9.999980926515803503e-01 1.376736283302307129e+00
9.999989867212519812e-01 -1.197848213244137247e-03 -7.970848895961364340e-04 -1.858036071062088013e-01 1.198493984045284622e-03 9.999989278905174750e-01 8.101101311498010420e-04 -2.483352646231651306e-02 7.961136871017515659e-04 -8.110646069601629149e-04 9.999993443490140521e-01 1.382773637771606445e+00
9.999991059305202157e-01 -1.015391474744102357e-03 -8.634267697081815605e-04 -1.842725872993469238e-01 1.016181763062312671e-03 9.999990471289231797e-01 9.153332913159159968e-04 -2.436438575387001038e-02 8.624965557828545570e-04 -9.162099083655228515e-04 9.999992251397671339e-01 1.367174029350280762e+00
9.999992251396605525e-01 -1.175146551893410706e-03 -3.950139175593414347e-04 -1.794443428516387939e-01 1.175580010528559649e-03 9.999986892070655831e-01 1.098860798058521292e-03 -2.354340627789497375e-02 3.937220899388194084e-04 -1.099324370402131323e-03 9.999993443489429978e-01 1.323132395744323730e+00
9.999991655349731445e-01 -1.303396985996067630e-03 3.928509708585103060e-05 -1.760060936212539673e-01 1.303338329307734966e-03 9.999980925739904158e-01 1.458207802508100113e-03 -2.267496660351753235e-02 -4.118564538657665253e-05 -1.458155340515077114e-03 9.999989271163940430e-01 1.279268026351928711e+00
9.999994635582680758e-01 -8.055624642390801305e-04 -6.643294972176890748e-04 -1.753339171409606934e-01 8.061181694583030577e-04 9.999993447969008908e-01 8.366606636380746450e-04 -2.251332625746726990e-02 6.636550533585250378e-04 -8.371956978718286813e-04 9.999994039536375112e-01 1.270763635635375977e+00
9.999995231628950876e-01 -7.622610769980643630e-04 -6.016585684487234546e-04 -1.788841038942337036e-01 7.627530522191783291e-04 9.999993447241658506e-01 8.178616322798049239e-04 -2.285224199295043945e-02 6.010347860865294933e-04 -8.183201708667903196e-04 9.999994635582609703e-01 1.287869334220886230e+00
9.999992847443017752e-01 -1.127403813249356441e-03 3.959127617625027946e-04 -1.727426499128341675e-01 1.126958222943050258e-03 9.999986881953257800e-01 1.124025271847376708e-03 -2.239959873259067535e-02 -3.971795085817575455e-04 -1.123578337105905767e-03 9.999992847443017752e-01 1.233254194259643555e+00
9.999995231628417969e-01 -9.988697219786651059e-04 6.024258763042872919e-05 -1.777376234531402588e-01 9.988056262955069542e-04 9.999989866567402519e-01 1.054480506449988718e-03 -2.261181920766830444e-02 -6.129581015557050705e-05 -1.054419786669313908e-03 9.999994635581970215e-01 1.256973028182983398e+00
9.999994039536090895e-01 -9.748164120522613291e-04 -4.669628927290552498e-04 -1.851456910371780396e-01 9.754456115355220058e-04 9.999986297066094654e-01 1.349159494485350618e-03 -2.341290004551410675e-02 4.656470555346459150e-04 -1.349614190169948214e-03 9.999989867211453998e-01 1.298846840858459473e+00
9.999989867210388184e-01 -1.425980109199719232e-03 5.680211992225946607e-06 -1.906958073377609253e-01 1.425961032509803772e-03 9.999957680397350002e-01 2.543013060874928580e-03 -2.405047416687011719e-02 -9.306473657488822937e-06 -2.543002367019653320e-03 9.999967813491821289e-01 1.310396313667297363e+00
9.999961257014504667e-01 -2.258748727046588391e-03 1.595254398251739472e-03 -1.951463967561721802e-01 2.253586032378213089e-03 9.999922397551719300e-01 3.230631239547114650e-03 -2.470598556101322174e-02 -1.602539210580289364e-03 -3.227023832820807847e-03 9.999935031005193764e-01 1.304969549179077148e+00
9.999951124245001211e-01 -2.533047905244574689e-03 1.818832765429307437e-03 -1.953033357858657837e-01 2.526752624708916706e-03 9.999908049697955326e-01 3.455172425571668027e-03 -2.478566765785217285e-02 -1.827568281441926956e-03 -3.450559979850609249e-03 9.999923706154163483e-01 1.276219010353088379e+00
9.999976754193511397e-01 -2.039807459258932351e-03 6.790459823600217531e-04 -1.983656734228134155e-01 2.037896754497947605e-03 9.999939760299089153e-01 2.802725501216556375e-03 -2.437817119061946869e-02 -6.847589393146336079e-04 -2.801335214504985238e-03 9.999958276758036391e-01 1.273978710174560547e+00
9.999989867210956618e-01 -1.369271287836497939e-03 -4.004705007041880647e-04 -1.992696821689605713e-01 1.369847368756088590e-03 9.999980338350429321e-01 1.441815650626004832e-03 -2.404752187430858612e-02 3.984954673796892166e-04 -1.442362817645793938e-03 9.999989271164544391e-01 1.280883908271789551e+00
9.999988675119624304e-01 -1.343868094094846730e-03 -6.772025124994612844e-04 -2.026053220033645630e-01 1.344615622217132378e-03 9.999985108889060115e-01 1.104653798146262335e-03 -2.402593567967414856e-02 6.757169612683355808e-04 -1.105563102267476117e-03 9.999991655351152531e-01 1.296780228614807129e+00
9.999988675119197978e-01 -1.391173414425345058e-03 -5.615242281717938364e-04 -2.045068442821502686e-01 1.391425479991603709e-03 9.999989274673539708e-01 4.487627949373427963e-04 -2.407473325729370117e-02 5.608993233181536198e-04 -4.495435929276186265e-04 9.999997019767974393e-01 1.310865640640258789e+00
9.999983310699462891e-01 -1.838588265304191100e-03 1.070436474929901309e-04 -2.075940817594528198e-01 1.838543103076517582e-03 9.999982713821666813e-01 4.200976937976968377e-04 -2.465911582112312317e-02 -1.078158384189009666e-04 -4.199001705273985863e-04 9.999999403953552246e-01 1.328939199447631836e+00
