0.000000000000000000e+00 0.000000000000000000e+00 0.000000000000000000e+00 0.000000000000000000e+00 0.000000000000000000e+00 0.000000000000000000e+00 0.000000000000000000e+00 0.000000000000000000e+00 0.000000000000000000e+00 0.000000000000000000e+00 0.000000000000000000e+00 0.000000000000000000e+00
9.999991059304562668e-01 -6.230582986825079902e-04 -1.189361400709009484e-03 -8.575373329222202301e-03 6.242557038285551085e-04 9.999992854919159679e-01 1.006646790527098139e-03 -1.845871098339557648e-02 1.188733382150530815e-03 -1.007388323848334988e-03 9.999987483028434099e-01 1.019941568374633789e+00
9.999995827675078885e-01 -8.654810986553406003e-04 -3.244435863994381188e-04 -8.733646012842655182e-03 8.658981016674248410e-04 9.999988082679042156e-01 1.287362203291290280e-03 -1.834294386208057404e-02 3.233290044590830803e-04 -1.287642556792936710e-03 9.999991059303781071e-01 1.003400564193725586e+00
9.999994039535842205e-01 -1.047935757174276025e-03 3.045341819832944499e-04 -9.306479245424270630e-03 1.047532244546275915e-03 9.999985690653966364e-01 1.322194309907565165e-03 -1.894458010792732239e-02 -3.059193259105086327e-04 -1.321874480135765140e-03 9.999990463257368845e-01 1.018178820610046387e+00
9.999995827674865723e-01 -9.361059797850926952e-04 -1.397310415942206970e-04 -1.149681117385625839e-02 9.363000863231718540e-04 9.999986292744740268e-01 1.395677063294349044e-03 -1.937033049762248993e-02 1.384243369102478027e-04 -1.395807252265512943e-03 9.999990463256835938e-01 1.066533803939819336e+00
9.999996423721491112e-01 -3.828762582475603651e-04 -7.561582547302483351e-04 -1.401281915605068207e-02 3.838865106518193904e-04 9.999990467134715066e-01 1.336346092815158529e-03 -1.933794468641281128e-02 7.556458585895597935e-04 -1.336635856215281914e-03 9.999988079073709457e-01 1.083708286285400391e+00
9.999991059304207397e-01 -4.727699747337191401e-04 -1.249860664745299811e-03 -1.652178168296813965e-02 4.748529858626514971e-04 9.999985108730345962e-01 1.666828919071145767e-03 -1.937879249453544617e-02 1.249070744961500168e-03 -1.667420950443199157e-03 9.999978542338503473e-01 1.094020485877990723e+00
9.999993443489714195e-01 -4.777013330415322582e-04 -1.031373944416225054e-03 -1.898455806076526642e-02 4.794780445010384667e-04 9.999983915264440970e-01 1.723105522293410293e-03 -1.931896433234214783e-02 1.030549174174666405e-03 -1.723598928383071605e-03 9.999979734428769973e-01 1.090680360794067383e+00
9.999998211860656738e-01 -6.021267669529539734e-04 -2.223626089524654485e-04 -2.255012281239032745e-02 6.026782793924212456e-04 9.999967220763503750e-01 2.488483066902156225e-03 -1.925219222903251648e-02 2.208634978160262108e-04 -2.488616621121764183e-03 9.999969005584716797e-01 1.085730075836181641e+00
9.999998211860656738e-01 -6.149959907946216022e-04 1.097938439607509185e-04 -2.584343031048774719e-02 6.146846571937203407e-04 9.999958870873555394e-01 2.813389586789632850e-03 -1.940511912107467651e-02 -1.115236082114279270e-04 -2.813321538269519806e-03 9.999960660934448242e-01 1.089444637298583984e+00
9.999999403953552246e-01 -4.198767502138841959e-04 7.566830107221364954e-05 -3.079630434513092041e-02 4.196360823698341846e-04 9.999949931082696697e-01 3.152888258030439421e-03 -1.991455815732479095e-02 -7.699173875153064728e-05 -3.152856137603521347e-03 9.999950528144836426e-01 1.114111781120300293e+00
9.999998211860727793e-01 -4.320535379289930215e-04 -4.105255962167512259e-04 -3.451553732156753540e-02 4.332521090021947130e-04 9.999955897752873524e-01 2.923968935528778890e-03 -2.050005085766315460e-02 4.092605086043477058e-04 -2.924146422049606064e-03 9.999956488611871919e-01 1.133588790893554688e+00
9.999995827675220994e-01 -4.738360738582958844e-04 -7.926222854873254996e-04 -3.745393082499504089e-02 4.758812756910420910e-04 9.999965439035861658e-01 2.582091640820833364e-03 -2.045684307813644409e-02 7.913960726000368595e-04 -2.582467788467240899e-03 9.999963641176634610e-01 1.145500183105468750e+00
9.999971985820153009e-01 -5.385486531718003053e-04 -2.323876574213154349e-03 -4.071975871920585632e-02 5.437871407613474595e-04 9.999973206399560555e-01 2.254151312926778485e-03 -2.036413550376892090e-02 2.322656335309147835e-03 -2.255408563097860419e-03 9.999947547981342666e-01 1.186691641807556152e+00
9.999975562100900106e-01 -6.582679607796688547e-04 -2.114428045789081521e-03 -4.406912624835968018e-02 6.632271031613984347e-04 9.999970230572245988e-01 2.345533572552114133e-03 -2.116180025041103363e-02 2.112877788022160530e-03 -2.346930273302696990e-03 9.999950528205303613e-01 1.233321666717529297e+00
9.999996423721597694e-01 -7.181360549967841147e-04 -5.120575857374330643e-04 -4.652591049671173096e-02 7.193750077113397756e-04 9.999968418443454521e-01 2.423500829494231856e-03 -2.161042764782905579e-02 5.103155272081494331e-04 -2.423868225649772334e-03 9.999969601634646210e-01 1.234487295150756836e+00
9.999997019767761230e-01 -7.411953626592894745e-04 4.089369123657901931e-05 -5.116407573223114014e-02 7.410828256979584694e-04 9.999960660091323783e-01 2.687010695319762797e-03 -2.280150167644023895e-02 -4.288513446226716042e-05 -2.686979714781045914e-03 9.999963641166687012e-01 1.281826376914978027e+00
9.999998807907104492e-01 -5.057864236329386639e-04 1.147273045574975493e-04 -5.694046244025230408e-02 5.054108914919197559e-04 9.999945757868047291e-01 3.250135561195428152e-03 -2.349539846181869507e-02 -1.163705601356923580e-04 -3.250077133998274803e-03 9.999946951866149902e-01 1.323607921600341797e+00
9.999987483025307711e-01 -3.121183171268721891e-04 -1.553049375474627007e-03 -6.151926517486572266e-02 3.161563378008130920e-04 9.999965442072324961e-01 2.600487925037019057e-03 -2.382460795342922211e-02 1.552232424728572369e-03 -2.600975726495591278e-03 9.999954104464023885e-01 1.374876618385314941e+00
9.999971985818589815e-01 -3.566563816898889053e-04 -2.338459209712164498e-03 -6.455647945404052734e-02 3.615393053045187766e-04 9.999977367890738877e-01 2.088002038535174444e-03 -2.428276464343070984e-02 2.337709302082657814e-03 -2.088841610060482301e-03 9.999950528205303613e-01 1.406794428825378418e+00
9.999980330472979517e-01 -8.527196276895338597e-04 -1.796499915025827690e-03 -6.527391076087951660e-02 8.550212579042544558e-04 9.999988098759160504e-01 1.280789444699951402e-03 -2.511396259069442749e-02 1.795405638404190540e-03 -1.282322950793779448e-03 9.999975562109071348e-01 1.437602639198303223e+00
9.999983310702873496e-01 -1.704367122056902164e-03 7.270051859692623110e-04 -6.549068540334701538e-02 1.703159826799277576e-03 9.999971965241513105e-01 1.658102154217299144e-03 -2.605691924691200256e-02 -7.298291311599314213e-04 -1.656861115101215809e-03 9.999983906749179141e-01 1.402226090431213379e+00
9.999981522567935599e-01 -1.533162177369634845e-03 1.119918700965329529e-03 -6.939205527305603027e-02 1.531409609026208873e-03 9.999976131304670890e-01 1.564017695629801820e-03 -2.725172974169254303e-02 -1.122313900850713253e-03 -1.562299812343168059e-03 9.999981522567935599e-01 1.425408840179443359e+00
9.999976158153423000e-01 -1.144082862421047378e-03 1.858707925819434595e-03 -7.186710834503173828e-02 1.140011366582704966e-03 9.999969555222649742e-01 2.190079047897793962e-03 -2.740514092147350311e-02 -1.861207885667681694e-03 -2.187954903718716815e-03 9.999958872836316459e-01 1.411447048187255859e+00
9.999996423721491112e-01 -7.707674395741846707e-04 4.016886298461153472e-04 -7.494061440229415894e-02 7.700568071718899565e-04 9.999981517083627036e-01 1.766297563487268787e-03 -2.708548121154308319e-02 -4.030492855235934258e-04 -1.765987614148097073e-03 9.999983906746834350e-01 1.416667103767395020e+00
9.999993443490069467e-01 -8.904027767174704962e-04 6.569632228142510905e-04 -7.712308317422866821e-02 8.891110400553042803e-04 9.999976742698322152e-01 1.963847059890879918e-03 -2.625466510653495789e-02 -6.587103125639259815e-04 -1.963261745315858509e-03 9.999978542332428333e-01 1.393661022186279297e+00
9.999998807907104492e-01 -5.085285094628609571e-04 -2.308560882923307899e-04 -7.984729856252670288e-02 5.089067271910607815e-04 9.999985100761665802e-01 1.641123298176078854e-03 -2.571848034858703613e-02 2.300211926922202110e-04 -1.641240552999079227e-03 9.999986290931701660e-01 1.399515271186828613e+00
9.999997019767903339e-01 -4.035210109766422851e-04 -6.770368478562573166e-04 -8.152024447917938232e-02 4.043890712562697720e-04 9.999991062813148313e-01 1.282498396237439315e-03 -2.514691092073917389e-02 6.765187135897576809e-04 -1.282771743471133874e-03 9.999989271165929949e-01 1.388609051704406738e+00
9.999992847443017752e-01 -2.609818743647339097e-04 -1.150965289540822846e-03 -8.324237912893295288e-02 2.621010672121566742e-04 9.999994638515795620e-01 9.723489935455739870e-04 -2.520620822906494141e-02 1.150710973888635635e-03 -9.726500164288463812e-04 9.999988675120619064e-01 1.387307882308959961e+00
9.999995231628844294e-01 -4.924591688444918776e-04 -8.586465595377696519e-04 -8.331992477178573608e-02 4.933436848744351955e-04 9.999993447852985051e-01 1.030211725020968453e-03 -2.451816573739051819e-02 8.581386646255850792e-04 -1.030634836513624752e-03 9.999991059305202157e-01 1.355953216552734375e+00
9.999997615814351093e-01 -5.168867945736680758e-04 -5.262032669248311320e-04 -8.350184559822082520e-02 5.174481740841882504e-04 9.999992850346909323e-01 1.067228087815335008e-03 -2.415164560079574585e-02 5.256512667983770370e-04 -1.067500084973846408e-03 9.999992847443337496e-01 1.325213313102722168e+00
9.999997019767903339e-01 -4.051043948962889979e-04 -6.547143789146709410e-04 -8.428167551755905151e-02 4.057067759698634868e-04 9.999995234072274197e-01 9.202152901991634713e-04 -2.373623475432395935e-02 6.543412455357611179e-04 -9.204805962340079084e-04 9.999993443490069467e-01 1.312520623207092285e+00
9.999998211860727793e-01 -5.336394958507294315e-04 -3.962310790542977572e-04 -8.396884053945541382e-02 5.340654433889403807e-04 9.999992849716646814e-01 1.075622717530386055e-03 -2.347232028841972351e-02 3.956567961722612381e-04 -1.075834088164022428e-03 9.999993443489429978e-01 1.293027639389038086e+00
9.999994635581970215e-01 -1.018416972907464513e-03 5.321051550416049770e-05 -8.398709446191787720e-02 1.018341165035963058e-03 9.999984502015303311e-01 1.406279218504882236e-03 -2.321026287972927094e-02 -5.464261630550026894e-05 -1.406224328093230724e-03 9.999989867210388184e-01 1.266471028327941895e+00
9.999989271165077298e-01 -1.373417668930822233e-03 4.220392415387493718e-04 -8.595553040504455566e-02 1.372637063546511271e-03 9.999973167181123168e-01 1.844359206573145584e-03 -2.300435304641723633e-02 -4.245712189003825188e-04 -1.843777963888265647e-03 9.999981522562180203e-01 1.253267765045166016e+00
9.999992847442626953e-01 -1.177295963824005276e-03 4.390322448958125799e-05 -9.103669226169586182e-02 1.177213853225111961e-03 9.999976157164279789e-01 1.825694049959697939e-03 -2.352184429764747620e-02 -4.605250433087348938e-05 -1.825641142204403877e-03 9.999983310699462891e-01 1.288227796554565430e+00
9.999993443489927358e-01 -9.509899423899769930e-04 -5.945176942216774587e-04 -9.510750323534011841e-02 9.520198262409872159e-04 9.999980340267149437e-01 1.734454249770484317e-03 -2.392666414380073547e-02 5.928670871071517467e-04 -1.735019187327713208e-03 9.999983310702127426e-01 1.308016300201416016e+00
9.999990463257368845e-01 -1.342047487653994517e-03 -3.731847853792505496e-04 -9.870968759059906006e-02 1.342726674923196140e-03 9.999974379108290679e-01 1.825682116204207627e-03 -2.459542825818061829e-02 3.707336727529764175e-04 -1.826181433279422395e-03 9.999982714654009897e-01 1.330867886543273926e+00
9.999986290935325428e-01 -1.440303558686248722e-03 -8.277745581938272942e-04 -1.011244133114814758e-01 1.441565292364666018e-03 9.999977964464911162e-01 1.525661169970045188e-03 -2.460404857993125916e-02 8.255753200501203537e-04 -1.526852290787278355e-03 9.999984502796621655e-01 1.342824339866638184e+00
9.999989271166676019e-01 -1.123997118668804444e-03 -9.026231439003151334e-04 -9.949721395969390869e-02 1.124863741976053766e-03 9.999988684868206246e-01 9.601783150473645065e-04 -2.414873242378234863e-02 9.015429532155394554e-04 -9.611926571331079472e-04 9.999991059305273211e-01 1.319556593894958496e+00
9.999988675120476955e-01 -1.204816656378612967e-03 -9.088720363742491207e-04 -1.008114069700241089e-01 1.205431609383238178e-03 9.999990470673986165e-01 6.763618201818469159e-04 -2.451611496508121490e-02 9.080562740564346313e-04 -6.774566220113138748e-04 9.999993443490069467e-01 1.335340023040771484e+00
9.999988675119197978e-01 -1.365554788845732385e-03 -6.108215579966628714e-04 -1.013336181640625000e-01 1.365994557485913918e-03 9.999988085079428712e-01 7.201578562884725521e-04 -2.446769550442695618e-02 6.098374142311513424e-04 -7.209914494954207387e-04 9.999995827675292048e-01 1.333502054214477539e+00
9.999983310700422123e-01 -1.791236642238664247e-03 3.004195726105336533e-04 -1.025860980153083801e-01 1.790977907718538376e-03 9.999980325829533889e-01 8.591645822961981732e-04 -2.504110895097255707e-02 -3.019579453393816948e-04 -8.586251130774519291e-04 9.999995827675078885e-01 1.336229920387268066e+00
9.999986290931701660e-01 -1.642106625412842339e-03 -1.096207811896787786e-04 -1.027564406394958496e-01 1.642178976908326149e-03 9.999983907930892757e-01 6.628508813840099231e-04 -2.498680353164672852e-02 1.085321418941020966e-04 -6.630300194956362247e-04 9.999997615814208984e-01 1.330714702606201172e+00
9.999989867210388184e-01 -1.442799982068692028e-03 -2.185516390692489243e-04 -1.027729436755180359e-01 1.442939974367618561e-03 9.999988081089140612e-01 6.417722321447366825e-04 -2.454328909516334534e-02 2.176254056394100189e-04 -6.420869030989706516e-04 9.999998211860656738e-01 1.320214390754699707e+00
9.999988675117492676e-01 -1.510881803378460921e-03 5.687675471522910968e-05 -1.012526229023933411e-01 1.510857720859348774e-03 9.999988078706506522e-01 4.203928762206459086e-04 -2.418087981641292572e-02 -5.751184653490781784e-05 -4.203064600005745888e-04 9.999999403953552246e-01 1.300254583358764648e+00
9.999983906747687001e-01 -1.720800583826377194e-03 5.202914659217829085e-04 -1.014457494020462036e-01 1.720650964189926468e-03 9.999984500220575612e-01 2.879948229634764667e-04 -2.393082715570926666e-02 -5.207862704992294312e-04 -2.870991250977922293e-04 9.999998211860727793e-01 1.301945447921752930e+00
9.999972581874203570e-01 -2.136511763812075446e-03 9.856063076087357745e-04 -1.025637462735176086e-01 2.135977061818561396e-03 9.999976146739962823e-01 5.432075747864351144e-04 -2.443565055727958679e-02 -9.867644403129816055e-04 -5.411008353868873577e-04 9.999994039536090895e-01 1.311458230018615723e+00
9.999976754193511397e-01 -2.034590097942838051e-03 7.179851566528693647e-04 -1.041092202067375183e-01 2.034096260807694012e-03 9.999976744148365571e-01 6.879362980451431391e-04 -2.466748282313346863e-02 -7.193831843324005604e-04 -6.864742718288158185e-04 9.999995231628986403e-01 1.317242145538330078e+00
9.999985694885253906e-01 -1.675492123548559835e-03 3.791165243425679746e-05 -1.053653880953788757e-01 1.675471547059714794e-03 9.999984502445963264e-01 5.354148991687152949e-04 -2.443726547062397003e-02 -3.880867734551429749e-05 -5.353506421670317650e-04 9.999998807907104492e-01 1.324826717376708984e+00
9.999989271165929949e-01 -1.312798703590562334e-03 -7.059303828732230472e-04 -1.059093549847602844e-01 1.312863816420345442e-03 9.999991656208684354e-01 9.176957305115335901e-05 -2.430811896920204163e-02 7.058092742227017879e-04 -9.269625998079011886e-05 9.999997615814208984e-01 1.332347989082336426e+00
9.999990463258221496e-01 -1.258612618049750800e-03 -6.346962605250104422e-04 -1.052031740546226501e-01 1.258718905342674776e-03 9.999992252736872311e-01 1.670734055938041796e-04 -2.363253943622112274e-02 6.344854482449591160e-04 -1.678721446250960869e-04 9.999998211860656738e-01 1.321791410446166992e+00
9.999991655350193298e-01 -1.263134316990312212e-03 -3.417943596016982189e-04 -1.055148318409919739e-01 1.263242721699607551e-03 9.999991656719608990e-01 3.171046691204146934e-04 -2.360726520419120789e-02 3.413935191929340363e-04 -3.175361591183437082e-04 9.999998807907140019e-01 1.308595776557922363e+00
9.999992251396179199e-01 -1.256207985704644280e-03 5.842520666878100349e-05 -1.048518717288970947e-01 1.256199437193572521e-03 9.999992251288792877e-01 1.459315482040591020e-04 -2.351553365588188171e-02 -5.860847886651754379e-05 -1.458580372855067253e-04 1.000000000000000000e+00 1.294948220252990723e+00
9.999990463257368845e-01 -1.346966814444433991e-03 3.678781780501368939e-04 -1.022808179259300232e-01 1.346973738440941648e-03 9.999991059397629334e-01 -1.854550125886397175e-05 -2.320357598364353180e-02 -3.678528591990470886e-04 1.904100531840285937e-05 9.999999403953552246e-01 1.265593051910400391e+00
9.999986886979570500e-01 -1.545971857803479224e-03 4.496366619108874856e-04 -1.007153242826461792e-01 1.545787721070598919e-03 9.999987480180365651e-01 4.094396233970542956e-04 -2.283116243779659271e-02 -4.502690571825951338e-04 -4.087440415106308178e-04 9.999998211860727793e-01 1.233274102210998535e+00
9.999987483025947199e-01 -1.507107794839958109e-03 5.385181891380638091e-04 -1.023993864655494690e-01 1.506689639895877897e-03 9.999985688584264176e-01 7.761222990675263524e-04 -2.279824577271938324e-02 -5.396871129050850868e-04 -7.753099438364760565e-04 9.999995827675220994e-01 1.233232975006103516e+00
9.999979138381291932e-01 -1.840014637072786945e-03 9.161266308495550660e-04 -1.041274070739746094e-01 1.839218941544713826e-03 9.999979719794147570e-01 8.686008475202785378e-04 -2.325286157429218292e-02 -9.177229367196559906e-04 -8.669140391259905210e-04 9.999992251397671339e-01 1.236683011054992676e+00
9.999967813514842874e-01 -2.085108212965619112e-03 1.479533122534429975e-03 -1.043306440114974976e-01 2.083762874363542794e-03 9.999974342006411332e-01 9.103014525768774205e-04 -2.353909797966480255e-02 -1.481427345424890518e-03 -9.072154805871146532e-04 9.999985098843282572e-01 1.224914908409118652e+00
9.999980330471345269e-01 -1.865870907784958690e-03 6.906671176928961793e-04 -1.086381226778030396e-01 1.865311197452451664e-03 9.999979723983494218e-01 8.100746987243729940e-04 -2.389697730541229248e-02 -6.921771564520895481e-04 -8.087847781843016115e-04 9.999994635582680758e-01 1.258076548576354980e+00
9.999983906747687001e-01 -1.737971385179012647e-03 4.437744754355308122e-04 -1.107346788048744202e-01 1.737578564872888087e-03 9.999980919685318437e-01 8.840641531759852942e-04 -2.407008409500122070e-02 -4.453101137187331915e-04 -8.832916030089010828e-04 9.999994635582467595e-01 1.266881227493286133e+00
9.999969601645730677e-01 -2.204318698233330778e-03 1.109761370591729086e-03 -1.120644435286521912e-01 2.202654574346013527e-03 9.999964200559771088e-01 1.498601216142859916e-03 -2.371934242546558380e-02 -1.113060861825942993e-03 -1.496152293367275510e-03 9.999982714659765293e-01 1.251397848129272461e+00
9.999976158150296612e-01 -1.994348698878735653e-03 8.934605211255511326e-04 -1.143930554389953613e-01 1.993093739350915161e-03 9.999970768708928981e-01 1.403203200267207551e-03 -2.372485026717185974e-02 -8.962563006207346916e-04 -1.401419050212952822e-03 9.999986290935680699e-01 1.258582592010498047e+00
9.999977350237543305e-01 -2.064994638175149996e-03 5.332189392431328301e-04 -1.158613711595535278e-01 2.064139568982742423e-03 9.999966007681223568e-01 1.599198261400292930e-03 -2.354752458631992340e-02 -5.365194519981741905e-04 -1.598094050254614262e-03 9.999986290933193800e-01 1.251371502876281738e+00
9.999975562098413207e-01 -2.160323976978390566e-03 4.443608061053278685e-04 -1.195555478334426880e-01 2.159569387859744394e-03 9.999962432749973651e-01 1.691588332424437532e-03 -2.368130721151828766e-02 -4.480135103221982718e-04 -1.690624545887142727e-03 9.999984502794063701e-01 1.261580228805541992e+00
9.999971389776760589e-01 -2.297935269200736871e-03 6.559330580806995749e-04 -1.211268305778503418e-01 2.297020668129035048e-03 9.999964216191771227e-01 1.391598152504224710e-03 -2.387931197881698608e-02 -6.591284763999283314e-04 -1.390087436081405281e-03 9.999988079073318659e-01 1.268091678619384766e+00
9.999963641186226937e-01 -2.443661243720804573e-03 1.147984371786912351e-03 -1.250236928462982178e-01 2.442112919642941415e-03 9.999961219181362493e-01 1.348195657533860859e-03 -2.461235597729682922e-02 -1.151274424046278000e-03 -1.345387243523038512e-03 9.999984502798220376e-01 1.293555021286010742e+00
9.999957680739512966e-01 -2.450821238898958070e-03 1.583852817127173827e-03 -1.266345381736755371e-01 2.448640958426923087e-03 9.999960607593272321e-01 1.377072760716467267e-03 -2.494171261787414551e-02 -1.587221515364944935e-03 -1.373188597552678358e-03 9.999977946293370223e-01 1.291869521141052246e+00
9.999955892599992069e-01 -2.557535286336413884e-03 1.501794818080415782e-03 -1.282808333635330200e-01 2.555352535739352504e-03 9.999956432871158762e-01 1.453591103432315184e-03 -2.495025284588336945e-02 -1.505505992099642754e-03 -1.449747115471876346e-03 9.999977946293583386e-01 1.290237069129943848e+00
9.999969601649567608e-01 -2.098118077091263873e-03 1.301088098440454080e-03 -1.304851919412612915e-01 2.096782784239442643e-03 9.999972553890060789e-01 1.026848626790026692e-03 -2.489515766501426697e-02 -1.303239027038216591e-03 -1.024117420790740529e-03 9.999986290936178079e-01 1.304138302803039551e+00
9.999963045147417517e-01 -2.308288314944480137e-03 1.417771382566017889e-03 -1.332614570856094360e-01 2.306917905873409613e-03 9.999968377965278155e-01 9.674809888297692057e-04 -2.525313198566436768e-02 -1.420000218786299229e-03 -9.642067723367071796e-04 9.999985098843637843e-01 1.324319958686828613e+00
9.999960660968021386e-01 -2.327553888916848550e-03 1.588094938707661262e-03 -1.345232874155044556e-01 2.325528650065494807e-03 9.999964786206834155e-01 1.275977343425543182e-03 -2.521668933331966400e-02 -1.591059262864291668e-03 -1.272279107994156444e-03 9.999979138384773591e-01 1.326502561569213867e+00
9.999978542335092868e-01 -1.852941584999567761e-03 8.849657640737692427e-04 -1.364316791296005249e-01 1.851885156105369246e-03 9.999975542533893202e-01 1.193044485387230284e-03 -2.514236047863960266e-02 -8.871742757037281990e-04 -1.191403103294956523e-03 9.999988675120476955e-01 1.332744359970092773e+00
9.999989271163940430e-01 -1.455150436992553144e-03 2.074920051412850331e-04 -1.346448808908462524e-01 1.455025747418403625e-03 9.999987481208462148e-01 5.999714178347069710e-04 -2.453774586319923401e-02 -2.083647996187210083e-04 -5.996688851155340672e-04 9.999998211860656738e-01 1.318371057510375977e+00
9.999993443489074707e-01 -1.161537835277213094e-03 -1.542409967398698269e-04 -1.356850862503051758e-01 1.161602791398763657e-03 9.999992848196745943e-01 4.218475058228058835e-04 -2.439292147755622864e-02 1.537508796900510788e-04 -4.220263799652457237e-04 9.999999403953552246e-01 1.323543429374694824e+00
9.999972581882161649e-01 -1.610931354904091917e-03 1.695019810336171077e-03 -1.348080188035964966e-01 1.609436960798960037e-03 9.999983286680546035e-01 8.826131593848341892e-04 -2.475263923406600952e-02 -1.696438761427998543e-03 -8.798827403208031583e-04 9.999982118611683291e-01 1.312867999076843262e+00
9.999939203332530724e-01 -1.748540687205636397e-03 3.006451881064051406e-03 -1.352403759956359863e-01 1.743852643167898009e-03 9.999972500230306371e-01 1.561230699716450185e-03 -2.461796998977661133e-02 -3.009173553436994553e-03 -1.555978489747589233e-03 9.999942779595016873e-01 1.297101140022277832e+00
9.999964833287933175e-01 -1.601267471136808354e-03 2.134681460057100740e-03 -1.354062110185623169e-01 1.597835090063753904e-03 9.999974315199525732e-01 1.608680722917339842e-03 -2.439089491963386536e-02 -2.137251896783709526e-03 -1.605264116999530200e-03 9.999964237242835452e-01 1.277025341987609863e+00
9.999991655350584097e-01 -1.200788316174239293e-03 4.358766452503204858e-04 -1.400928944349288940e-01 1.200190136558976217e-03 9.999983303514965449e-01 1.370016162873108389e-03 -2.409695647656917572e-02 -4.375210264697670937e-04 -1.369491871171649167e-03 9.999989271165077298e-01 1.299825072288513184e+00
9.999991059304846885e-01 -1.143193479618775715e-03 -6.688257056578714990e-04 -1.430620253086090088e-01 1.143823803571086817e-03 9.999989278374138424e-01 9.428860879940119096e-04 -2.382862754166126251e-02 6.677470519207417965e-04 -9.436502665518542443e-04 9.999993443490069467e-01 1.314038634300231934e+00
9.999991655350193298e-01 -1.237605154369159945e-03 -4.199236535516759372e-04 -1.450291275978088379e-01 1.238058363799247885e-03 9.999986296539099540e-01 1.080611047104429066e-03 -2.380972728133201599e-02 4.185857251286506653e-04 -1.081130053668909186e-03 9.999993443489429978e-01 1.315270543098449707e+00
9.999980330474329548e-01 -1.734700452924056160e-03 9.919806274216952727e-04 -1.454812735319137573e-01 1.733032509392995468e-03 9.999970764810672819e-01 1.679892779579444289e-03 -2.383190393447875977e-02 -9.948918595910072327e-04 -1.678170301743220350e-03 9.999980926520493085e-01 1.292126178741455078e+00
9.999971389787418730e-01 -2.012711085469025881e-03 1.311379333751473610e-03 -1.466252952814102173e-01 2.010637846278945373e-03 9.999967175768421646e-01 1.580421527211183603e-03 -2.385809458792209625e-02 -1.314555993303656578e-03 -1.577780313145052404e-03 9.999979138384773591e-01 1.280238747596740723e+00
9.999978542336513954e-01 -1.783281863843915946e-03 1.047801706171586165e-03 -1.494363099336624146e-01 1.782110401898490126e-03 9.999977925412342206e-01 1.117870214263901735e-03 -2.412361279129981995e-02 -1.049792859703302383e-03 -1.116000564939649553e-03 9.999988675120690118e-01 1.286649227142333984e+00
9.999991059303283691e-01 -1.351095943641700010e-03 -2.246960181760056002e-04 -1.553072035312652588e-01 1.351225422695279121e-03 9.999989272911830041e-01 5.768657527336641102e-04 -2.467452362179756165e-02 2.239163732156157494e-04 -5.771688302047550678e-04 9.999998211860656738e-01 1.326229929924011230e+00
9.999989867212875083e-01 -8.944836041859556683e-04 -1.096975195132720128e-03 -1.590110361576080322e-01 8.949355592400773385e-04 9.999995235677673344e-01 4.115960819771407003e-04 -2.468675002455711365e-02 1.096606487408280373e-03 -4.125774008690435979e-04 9.999993443489429978e-01 1.351828455924987793e+00
9.999994039536410639e-01 -7.682553355167231514e-04 -7.454974698995764110e-04 -1.563439816236495972e-01 7.684675549066710687e-04 9.999996425353737672e-01 2.844248223411243131e-04 -2.420631051063537598e-02 7.452787249349057674e-04 -2.849975449971467456e-04 9.999996423721491112e-01 1.332430958747863770e+00
9.999995231628417969e-01 -9.763104655823058716e-04 -1.483989850881222507e-05 -1.568850576877593994e-01 9.763202397152781487e-04 9.999992847536918195e-01 6.727130149363507892e-04 -2.425272576510906219e-02 1.418311148881912231e-05 -6.727271829731762409e-04 9.999997615814208984e-01 1.330678343772888184e+00
9.999992847443586186e-01 -1.026359170587063264e-03 5.578823949581624168e-04 -1.570567637681961060e-01 1.026100994077114303e-03 9.999993440841188352e-01 4.628493983812139627e-04 -2.452855370938777924e-02 -5.583571037277579308e-04 -4.622766328909160699e-04 9.999997019767974393e-01 1.335934281349182129e+00
9.999992847443905930e-01 -8.138670690939805562e-04 8.107860481526392915e-04 -1.507131457328796387e-01 8.138029370452840028e-04 9.999996423201773510e-01 7.939327290661210741e-05 -2.390421181917190552e-02 -8.108504116535186768e-04 -7.873340022411523531e-05 9.999996423721313477e-01 1.289373755455017090e+00
9.999995827675292048e-01 -6.139485254706168998e-04 6.825856765441862175e-04 -1.515375077724456787e-01 6.138749586865055452e-04 9.999998211409947269e-01 1.079708521961689769e-04 -2.385077252984046936e-02 -6.826518219895660877e-04 -1.075517828266481235e-04 9.999997615814208984e-01 1.292308568954467773e+00
9.999992251397600285e-01 -7.938674244971780439e-04 9.941793420122670144e-04 -1.467754542827606201e-01 7.933887827999419606e-04 9.999995823879980206e-01 4.817628783252504753e-04 -2.277009934186935425e-02 -9.945613564923405647e-04 -4.809737182141643475e-04 9.999994039536090895e-01 1.247274279594421387e+00
9.999993443490069467e-01 -9.281771130260117004e-04 7.133475041095798438e-04 -1.466888487339019775e-01 9.277738397846374552e-04 9.999994035795315428e-01 5.654946074899287398e-04 -2.229339256882667542e-02 -7.138719665817916393e-04 -5.648323967148288771e-04 9.999995827675292048e-01 1.239131093025207520e+00
9.999994039536090895e-01 -1.001590691692847866e-03 4.616122507951483998e-04 -1.473923325538635254e-01 1.001394350846770975e-03 9.999994037569943650e-01 4.254078574222966164e-04 -2.210862003266811371e-02 -4.620380641426891088e-04 -4.249453270872977084e-04 9.999997615814351093e-01 1.233402252197265625e+00
9.999997019767761230e-01 -7.788383727339324904e-04 -1.955533618113504412e-04 -1.495634913444519043e-01 7.788396906107664108e-04 9.999997019778025242e-01 6.587096710246158077e-06 -2.229689620435237885e-02 1.955481711775064468e-04 -6.739399395883083344e-06 1.000000000000000000e+00 1.253058671951293945e+00
9.999997019767761230e-01 -7.960027508090424062e-04 -1.264206771283932858e-04 -1.476958990097045898e-01 7.959960494190454483e-04 9.999997019714418345e-01 -5.309162209969468544e-05 -2.193848043680191040e-02 1.264628954231739044e-04 5.299097392708063126e-05 1.000000000000000000e+00 1.235671520233154297e+00
9.999996423721313477e-01 -8.775205742904050674e-04 2.002109386987804178e-04 -1.460485160350799561e-01 8.775900932960212231e-04 9.999995828284712340e-01 -3.473212654263677242e-04 -2.184030972421169281e-02 -1.999060623347759247e-04 3.474968252703547478e-04 9.999999403953552246e-01 1.231141686439514160e+00
9.999991059304207397e-01 -1.221905031568180054e-03 4.647341583305886702e-04 -1.481695324182510376e-01 1.221941289111502793e-03 9.999992251841005597e-01 -7.777957308545378214e-05 -2.208918146789073944e-02 -4.646387824323028326e-04 7.834738583446798632e-05 9.999998807907104492e-01 1.248678326606750488e+00
9.999995231628417969e-01 -9.847827135650176391e-04 2.092225807789928338e-04 -1.495424658060073853e-01 9.848318295553326607e-04 9.999995232112127708e-01 -2.348087782270572650e-04 -2.199702523648738861e-02 -2.089912304654717445e-04 2.350147115066647530e-04 1.000000000000000000e+00 1.265547752380371094e+00
9.999994039535842205e-01 -1.059323582861668254e-03 4.043001340215488654e-04 -1.510600596666336060e-01 1.059499273255506968e-03 9.999993445350484622e-01 -4.344656644234947741e-04 -2.271951735019683838e-02 -4.038396291434764862e-04 4.348937395650884219e-04 9.999998211860727793e-01 1.287667512893676758e+00
9.999994635581970215e-01 -1.035994338312999944e-03 1.666621488740643192e-04 -1.522132605314254761e-01 1.036101486533880234e-03 9.999992848551831903e-01 -6.442039938972023714e-04 -2.344470284879207611e-02 -1.659946283325552940e-04 6.443763268180191517e-04 9.999998211860656738e-01 1.313900828361511230e+00
9.999994635581970215e-01 -1.047068608037615874e-03 -1.612137529705954641e-04 -1.533604115247726440e-01 1.046937191858887672e-03 9.999991057925436966e-01 -8.133642520929028818e-04 -2.335996553301811218e-02 1.620652619749307632e-04 8.131950162351131439e-04 9.999996423721313477e-01 1.343622565269470215e+00
9.999989867210956618e-01 -1.375359859830861719e-03 3.018360215265440444e-04 -1.540814191102981567e-01 1.375589437747626320e-03 9.999987486180980101e-01 -7.617508619272439366e-04 -2.392674610018730164e-02 -3.007879713550209999e-04 7.621653040139168833e-04 9.999996423721491112e-01 1.363021612167358398e+00
9.999986886980707368e-01 -1.484115234666792769e-03 6.649845393427385220e-04 -1.548976600170135498e-01 1.484330506074521550e-03 9.999988678317415225e-01 -3.233711915814020872e-04 -2.402857318520545959e-02 -6.645038374699652195e-04 3.243578057404439274e-04 9.999997019767903339e-01 1.372606635093688965e+00
9.999985694890369814e-01 -1.218256384074729946e-03 1.209542464707894210e-03 -1.558607369661331177e-01 1.218218765600881381e-03 9.999992846994966156e-01 3.185360442241184139e-05 -2.398479916155338287e-02 -1.209580339491367340e-03 -3.038006990038755184e-05 9.999992847442626953e-01 1.375000476837158203e+00
9.999990463258789930e-01 -1.155524809423492862e-03 7.914520088276162614e-04 -1.577424407005310059e-01 1.155293900804446605e-03 9.999992844778524681e-01 2.921958216904443949e-04 -2.409112639725208282e-02 -7.917890907265245914e-04 -2.912811765354086924e-04 9.999996423721491112e-01 1.379534125328063965e+00
9.999965429335020417e-01 -1.690496437351242994e-03 2.002297506899635652e-03 -1.598243415355682373e-01 1.688416070304052385e-03 9.999980295392004725e-01 1.040208600274255364e-03 -2.417335286736488342e-02 -2.004052046686410904e-03 -1.036824303554131910e-03 9.999974370013617886e-01 1.374910235404968262e+00
9.999978542339071907e-01 -1.333763681481911880e-03 1.582089402149802889e-03 -1.583581417798995972e-01 1.332339210746678881e-03 9.999986868017869401e-01 9.010980594669835541e-04 -2.391409873962402344e-02 -1.583289238624274731e-03 -8.989882578684660341e-04 9.999983310704685380e-01 1.352220892906188965e+00
9.999991059304207397e-01 -1.233276889700088939e-03 4.406454526793183264e-04 -1.598838269710540771e-01 1.232776294652945803e-03 9.999985688710959497e-01 1.134496235815130906e-03 -2.369304373860359192e-02 -4.420439945533871651e-04 -1.133952038226762604e-03 9.999992251396960796e-01 1.346063852310180664e+00
9.999989867210956618e-01 -1.390305482842115999e-03 3.128560810917423445e-04 -1.619304567575454712e-01 1.389641930407761738e-03 9.999968400296851412e-01 2.111126001396910427e-03 -2.321415022015571594e-02 -3.157901810482144356e-04 -2.110689054164935352e-03 9.999977350236299856e-01 1.327677845954895020e+00
9.999960660972568860e-01 -2.109684971882195073e-03 1.861683461649274191e-03 -1.672013252973556519e-01 2.104784681939406155e-03 9.999943272446170095e-01 2.630253263153826786e-03 -2.390841580927371979e-02 -1.867221901193261147e-03 -2.626324422222978128e-03 9.999948144018802054e-01 1.337563276290893555e+00
9.999959468881733926e-01 -2.164791057119956012e-03 1.850462120882983945e-03 -1.763610392808914185e-01 2.159522605984579013e-03 9.999936109242045790e-01 2.844389012544583113e-03 -2.456702664494514465e-02 -1.856607850641012192e-03 -2.840381328242963521e-03 9.999942183564627385e-01 1.365816473960876465e+00
9.999982714658486316e-01 -1.635748868253869429e-03 9.252648359146551727e-04 -1.831878274679183960e-01 1.633371709146694273e-03 9.999954065562269845e-01 2.564130335259939570e-03 -2.500866726040840149e-02 -9.294548071920871735e-04 -2.562614485573239120e-03 9.999963045133917205e-01 1.385526657104492188e+00
9.999987483025947199e-01 -1.494392160151467811e-03 4.759943694251018748e-04 -1.847336590290069580e-01 1.493487678313212830e-03 9.999970780198743636e-01 1.894883041588328034e-03 -2.518243342638015747e-02 -4.788246878888458014e-04 -1.894169843333057268e-03 9.999980926515803503e-01 1.376736521720886230e+00
9.999989867212519812e-01 -1.197827967308271726e-03 -7.970639284770380736e-04 -1.858034729957580566e-01 1.198473727785323573e-03 9.999989278904919399e-01 8.101185542869875902e-04 -2.483352459967136383e-02 7.960927323438227177e-04 -8.110729888608364524e-04 9.999993443490140521e-01 1.382773518562316895e+00
9.999991059305202157e-01 -1.015396317474835490e-03 -8.634795083856383873e-04 -1.842724829912185669e-01 1.016186652504080801e-03 9.999990471289744720e-01 9.153313708648803861e-04 -2.436442114412784576e-02 8.625492919236421585e-04 -9.162080457210397544e-04 9.999992251397671339e-01 1.367174506187438965e+00
9.999992251396605525e-01 -1.175175691444907064e-03 -3.949980623473175502e-04 -1.794442087411880493e-01 1.175609114357281659e-03 9.999986892070361622e-01 1.098814239117085331e-03 -2.354343235492706299e-02 3.937062574550509453e-04 -1.099277804276176107e-03 9.999993443489429978e-01 1.323132395744323730e+00
9.999991655349731445e-01 -1.303402401974257862e-03 3.932627533901473360e-05 -1.760059595108032227e-01 1.303343684412539005e-03 9.999980925739107018e-01 1.458226948537571371e-03 -2.267495915293693542e-02 -4.122685641050338745e-05 -1.458174432627856731e-03 9.999989271163940430e-01 1.279268145561218262e+00
9.999994635582680758e-01 -8.055190573188604703e-04 -6.643210680811478678e-04 -1.753336936235427856e-01 8.060747465536144407e-04 9.999993447968639204e-01 8.366471950390335765e-04 -2.251330204308032990e-02 6.636466714553534985e-04 -8.371821936977164036e-04 9.999994039536375112e-01 1.270763278007507324e+00
9.999995231628950876e-01 -7.622299915917431874e-04 -6.016370317647963322e-04 -1.788838654756546021e-01 7.627219693338085915e-04 9.999993447241524169e-01 8.178951949910050201e-04 -2.285225316882133484e-02 6.010132492519915104e-04 -8.183536984734812725e-04 9.999994635582609703e-01 1.287868976593017578e+00
9.999992847443017752e-01 -1.127367460251179395e-03 3.958726005067507913e-04 -1.727426201105117798e-01 1.126921901364805190e-03 9.999986881953774054e-01 1.124059671073006795e-03 -2.239960432052612305e-02 -3.971393452957272530e-04 -1.123612796039112627e-03 9.999992847443017752e-01 1.233254313468933105e+00
9.999995231628417969e-01 -9.988589789775021831e-04 6.021139802099918553e-05 -1.777376830577850342e-01 9.987949160858988762e-04 9.999989866567737806e-01 1.054482104445534718e-03 -2.261181734502315521e-02 -6.126461084932088852e-05 -1.054421416483819485e-03 9.999994635581970215e-01 1.256973147392272949e+00
9.999994039536090895e-01 -9.747770915829068617e-04 -4.669493152527995372e-04 -1.851456016302108765e-01 9.754062631614351941e-04 9.999986297065575069e-01 1.349138804062435717e-03 -2.341285161674022675e-02 4.656335513573139906e-04 -1.349593468245133265e-03 9.999989867211453998e-01 1.298846721649169922e+00
9.999989867210388184e-01 -1.425998989910922483e-03 5.688680908217639233e-06 -1.906958371400833130e-01 1.425979891791939735e-03 9.999957680397039139e-01 2.543000034666000660e-03 -2.405046299099922180e-02 -9.314971975982189178e-06 -2.542989328503608704e-03 9.999967813491821289e-01 1.310396552085876465e+00
9.999961257014504667e-01 -2.258764864590669368e-03 1.595285117594337585e-03 -1.951463222503662109e-01 2.253602097671558724e-03 9.999922397549259045e-01 3.230614570790038206e-03 -2.470600977540016174e-02 -1.602569944225251675e-03 -3.227007069036447184e-03 9.999935031005193764e-01 1.304969787597656250e+00
9.999951124245001211e-01 -2.533059963209671576e-03 1.818823434044750890e-03 -1.953030824661254883e-01 2.526764731882180648e-03 9.999908049698433832e-01 3.455163110970259268e-03 -2.478567510843276978e-02 -1.827558968216180801e-03 -3.450550666640406217e-03 9.999923706154163483e-01 1.276218533515930176e+00
9.999976754193511397e-01 -2.039828735719003989e-03 6.789988095449816076e-04 -1.983655840158462524e-01 2.037918174912056735e-03 9.999939760301610470e-01 2.802708190368805898e-03 -2.437815815210342407e-02 -6.847117911092936993e-04 -2.801317985041462677e-03 9.999958276758036391e-01 1.273978829383850098e+00
9.999989867210956618e-01 -1.369307380158750996e-03 -4.004741313248078548e-04 -1.992695331573486328e-01 1.369883457503703883e-03 9.999980338350586972e-01 1.441793512411029864e-03 -2.404752001166343689e-02 3.984990762546658516e-04 -1.442340698735965210e-03 9.999989271164544391e-01 1.280884146690368652e+00
9.999988675119624304e-01 -1.343852732460985291e-03 -6.772132879952625891e-04 -2.026051282882690430e-01 1.344600255398314959e-03 9.999985108888875818e-01 1.104628415454933336e-03 -2.402595803141593933e-02 6.757277878932654858e-04 -1.105537723733368560e-03 9.999991655351152531e-01 1.296780586242675781e+00
9.999988675119197978e-01 -1.391164316289484693e-03 -5.615326406481328542e-04 -2.045066654682159424e-01 1.391416399598124909e-03 9.999989274673763973e-01 4.487877012229236104e-04 -2.407469786703586578e-02 5.609077052213251591e-04 -4.495685058020348207e-04 9.999997019767974393e-01 1.310866117477416992e+00
9.999983310699462891e-01 -1.838587360725654676e-03 1.071025196895591735e-04 -2.075939178466796875e-01 1.838542171753942966e-03 9.999982713821174984e-01 4.201164284191313348e-04 -2.465908601880073547e-02 -1.078747445717453957e-04 -4.199187969788908958e-04 9.999999403953552246e-01 1.328939199447631836e+00
