0.000000000000000000e+00 0.000000000000000000e+00 0.000000000000000000e+00 0.000000000000000000e+00 0.000000000000000000e+00 0.000000000000000000e+00 0.000000000000000000e+00 0.000000000000000000e+00 0.000000000000000000e+00 0.000000000000000000e+00 0.000000000000000000e+00 0.000000000000000000e+00
9.999998156280247574e-01 -5.943337480555193871e-04 1.245444194026259425e-04 -6.337535567581653595e-03 5.942216561738786077e-04 9.999994201333727295e-01 8.981277980322168895e-04 -1.384274102747440338e-02 -1.250781348439108692e-04 -8.980536254514561454e-04 9.999995889274884142e-01 6.179238557815551758e-01
9.999981015443785148e-01 -1.734996204552239664e-03 8.869587415351941166e-04 -1.124927308410406113e-02 1.733535917788320193e-03 9.999971451933343802e-01 1.644523761808209562e-03 -2.744438871741294861e-02 -8.898094519244997532e-04 -1.642983064916781573e-03 9.999982544213703584e-01 1.197449684143066406e+00
9.999948414629602489e-01 -2.797755118097354672e-03 1.577850996801319437e-03 -1.509270188398659229e-02 2.794759134203936551e-03 9.999942938331971565e-01 1.897794095020647774e-03 -4.144692141562700272e-02 -1.583151556462780675e-03 -1.893374591693791588e-03 9.999969543772645464e-01 1.748624205589294434e+00
9.999886388480391242e-01 -4.030663113546413025e-03 2.544784806450706149e-03 -1.918228785507380962e-02 4.025322084421414752e-03 9.999896923749964639e-01 2.100458491991895934e-03 -5.557429604232311249e-02 -2.553224816328413492e-03 -2.090191049882274884e-03 9.999945560573878511e-01 2.271605253219604492e+00
9.999783866882420158e-01 -5.421918409968065102e-03 3.718730581333537684e-03 -2.472123154439032078e-02 5.412975054899424841e-03 9.999824436903346214e-01 2.410811515213015597e-03 -6.982013396918773651e-02 -3.731736517485186033e-03 -2.390630013719496818e-03 9.999901794671293143e-01 2.781153321266174316e+00
9.999698231304409157e-01 -6.405088084811618419e-03 4.396325181370609042e-03 -3.051316435448825359e-02 6.393968075474066974e-03 9.999763355556787747e-01 2.538799103185084179e-03 -8.395780157297849655e-02 -4.412482376663678235e-03 -2.510612527316624133e-03 9.999871133289733871e-01 3.280613511800765991e+00
9.999653964018896390e-01 -6.981413287307426663e-03 4.523921675248346146e-03 -3.653690661303699017e-02 6.970168182434643457e-03 9.999725912078248902e-01 2.496715565888108987e-03 -9.793458972126245499e-02 -4.541228283245650477e-03 -2.465096675625428387e-03 9.999866501829207666e-01 3.772866547107696533e+00
9.999616345680606422e-01 -7.411436104055732325e-03 4.669047745286422808e-03 -4.291090765036642551e-02 7.400417365684349401e-03 9.999698013012878750e-01 2.372827064233921663e-03 -1.117575094103813171e-01 -4.686492802292833298e-03 -2.338183127683257818e-03 9.999862847483836914e-01 4.266521662473678589e+00
9.999545413829427076e-01 -7.935927353403392226e-03 5.285472984529519802e-03 -4.926391341723501682e-02 7.924344444831336529e-03 9.999661623892981410e-01 2.208809982650998278e-03 -1.255534291267395020e-01 -5.302823092312084971e-03 -2.166825664720581791e-03 9.999835923322893949e-01 4.765304446220397949e+00
9.999442416191540728e-01 -8.471405321175221395e-03 6.304676405585681737e-03 -5.570513498969376087e-02 8.458441006039161061e-03 9.999620631914316604e-01 2.080133092547407740e-03 -1.395594831556081772e-01 -6.322058876832755900e-03 -2.026689374255409570e-03 9.999779618080281152e-01 5.278866291046142578e+00
9.999324128157632829e-01 -8.920231161403115519e-03 7.456492236509498946e-03 -6.183395464904606342e-02 8.906413694527900646e-03 9.999585618669797338e-01 1.884235660334362874e-03 -1.536882072687149048e-01 -7.472991071045078683e-03 -1.817697705583253562e-03 9.999704247524040523e-01 5.810553789138793945e+00
9.999300650481697250e-01 -8.991294247507644957e-03 7.682554296450753994e-03 -6.760573782958090305e-02 8.981043694963814980e-03 9.999587342420743763e-01 1.367723341053534098e-03 -1.678297314792871475e-01 -7.694534873033502531e-03 -1.298630333562204170e-03 9.999695533826740146e-01 6.357126653194427490e+00
9.999604350385501439e-01 -8.673024445315100431e-03 1.976614399510594113e-03 -7.440574909560382366e-02 8.673831723291600126e-03 9.999623015275991289e-01 -4.002085240421926569e-04 -1.821806309744715691e-01 -1.973068865854965982e-03 4.173375104905570451e-04 9.999979664122586875e-01 7.018565535545349121e+00
9.999010993142463111e-01 -8.345276486600591848e-03 -1.132024516182678076e-02 -8.050427376292645931e-02 8.294969791873139237e-03 9.999555441676893919e-01 -4.483655255740954908e-03 -1.957987910136580467e-01 1.135715925368590597e-02 4.389310727507527744e-03 9.999258716950091275e-01 7.748613953590393066e+00
9.996209963898278206e-01 -7.969499008815899080e-03 -2.635053438084947533e-02 -8.101552556036040187e-02 7.691446678762496082e-03 9.999138481863271144e-01 -1.063662790543342014e-02 -2.088182810693979263e-01 2.643303283007080590e-02 1.042992285491000162e-02 9.995961742046860499e-01 8.510218381881713867e+00
9.994319487072428343e-01 -7.749922696142915249e-03 -3.279814936009164961e-02 -7.684050890384241939e-02 7.276399691139687383e-03 9.998679242989858551e-01 -1.453230764786560790e-02 -2.217218317091464996e-01 3.290644178239047341e-02 1.428540010784576895e-02 9.993563395671140048e-01 9.285753428936004639e+00
9.994520799883417350e-01 -8.246970718268121364e-03 -3.205506638504190819e-02 -6.941590429050847888e-02 7.734986057918170378e-03 9.998410566259232635e-01 -1.606335817446277042e-02 -2.364995330572128296e-01 3.218244548913626324e-02 1.580661124749060606e-02 9.993570139060462543e-01 1.010202056169509888e+01
9.994996980076676918e-01 -9.122395098602359073e-03 -3.028424656890001121e-02 -6.096529000205919147e-02 8.629216856934369267e-03 9.998286681986053859e-01 -1.637592332172448095e-02 -2.523941136896610260e-01 3.042844555702667320e-02 1.610640108366843265e-02 9.994071710494751848e-01 1.094162094593048096e+01
9.994794132882786064e-01 -9.517094083272262597e-03 -3.082737960204570693e-02 -5.113204073859378695e-02 9.001223216831657700e-03 9.998178488052390511e-01 -1.682994922942384133e-02 -2.681813407689332962e-01 3.098193656825296710e-02 1.654370365650803879e-02 9.993830224072282054e-01 1.178738456964492798e+01
9.991030506499959385e-01 -9.701035262730035857e-03 -4.121873477804639807e-02 -4.460166272474452853e-02 8.955006341513173374e-03 9.997934331196521862e-01 -1.824551868934009766e-02 -2.831018548458814621e-01 4.138722077278350620e-02 1.786003935188465105e-02 9.989835418819740243e-01 1.264251339435577393e+01
9.985480803396676874e-01 -9.829199826192742961e-03 -5.296336545897619569e-02 -3.495372337056323886e-02 8.748926911790282784e-03 9.997497227952897303e-01 -2.058999875263097662e-02 -2.959908340126276016e-01 5.315249314807775349e-02 2.009673111523279515e-02 9.983841614682323895e-01 1.351163434982299805e+01
9.981629020335134328e-01 -9.870138901097646675e-03 -5.977793373902778179e-02 -1.792642351938411593e-02 8.485203461328274382e-03 9.996906943589219940e-01 -2.337770164914030821e-02 -3.081394750624895096e-01 5.999018524937575064e-02 2.282752659070609244e-02 9.979379147539670925e-01 1.437523156404495239e+01
9.979853091620348726e-01 -1.018014660721130137e-02 -6.262337671998621791e-02 4.247122735250741243e-03 8.548544626803463234e-03 9.996184058190759059e-01 -2.626718737308439411e-02 -3.215155974030494690e-01 6.286688382225714966e-02 2.567892838077280235e-02 9.976915092129901019e-01 1.523775196075439453e+01
9.979365981265450047e-01 -1.060426837537511296e-02 -6.332531572634809980e-02 2.967898483620956540e-02 8.792040039172983532e-03 9.995457153523028548e-01 -2.882816249438593242e-02 -3.364692553877830505e-01 6.360224957946243596e-02 2.821191969852742884e-02 9.975764840027834257e-01 1.611055904626846313e+01
9.979269899771078256e-01 -1.095061522978502816e-02 -6.341771598945170063e-02 5.881937901722267270e-02 8.983304657815400357e-03 9.994720432188761716e-01 -3.122395012342120760e-02 -3.521641679108142853e-01 6.372615564000726207e-02 3.058952189842500946e-02 9.974985003684825324e-01 1.699429535865783691e+01
9.980671733527061162e-01 -1.173246483382199556e-02 -6.102677072123624535e-02 9.050584892975166440e-02 9.720539478355169974e-03 9.994027525774304976e-01 -3.316095977056279787e-02 -3.686666525900363922e-01 6.137938243407916467e-02 3.250365224983611107e-02 9.975851261934656211e-01 1.788723033666610718e+01
9.982707600870447395e-01 -1.275980496840369016e-02 -5.738185194294554564e-02 1.250601180945523083e-01 1.076557474888287062e-02 9.993317924254614404e-01 -3.492951542808087062e-02 -3.857774529606103897e-01 5.778920275933938783e-02 3.425136529954134201e-02 9.977410746378828632e-01 1.879367876052856445e+01
9.983969723970216315e-01 -1.361205160267604450e-02 -5.493812482809126013e-02 1.625950628076680005e-01 1.158204529356186147e-02 9.992443817836459408e-01 -3.710150536888266043e-02 -4.030697662383317947e-01 5.540164018581700961e-02 3.640573478156198389e-02 9.978002208557261721e-01 1.971504455804824829e+01
9.984092490173125389e-01 -1.414983951567069798e-02 -5.457795817330308302e-02 2.024500326369889081e-01 1.201067104309853570e-02 9.991542653725612455e-01 -3.932553583756957100e-02 -4.198075439780950546e-01 5.508824972515038304e-02 3.860746080096770505e-02 9.977348088107986790e-01 2.065000045299530029e+01
9.983615510239999269e-01 -1.457227053946678896e-02 -5.533409770004158595e-02 2.448754341457970440e-01 1.228011748903866905e-02 9.990613603725106984e-01 -4.154030482655961254e-02 -4.364622812718153000e-01 5.588749548341351986e-02 4.079273393574734535e-02 9.976033985039538532e-01 2.160789555311203003e+01
9.983123665570352578e-01 -1.495116861912132444e-02 -5.611489406756703380e-02 2.896818996523506939e-01 1.250915312390387182e-02 9.989698830371077642e-01 -4.361987933213655466e-02 -4.530163668096065521e-01 5.670925733435761701e-02 4.284431516257471151e-02 9.974710145116175708e-01 2.258534491062164307e+01
9.982745989899035610e-01 -1.524330784356067552e-02 -5.670508423001906217e-02 3.373009854112751782e-01 1.265789012343254694e-02 9.988760575441311129e-01 -4.567712209319577804e-02 -4.692761376500129700e-01 5.733762141186381223e-02 4.488054401497431484e-02 9.973455439012848256e-01 2.357377088069915771e+01
9.982396144177193564e-01 -1.563286787903516925e-02 -5.721263539673400456e-02 3.854797960375435650e-01 1.293752390683108530e-02 9.988025288661643852e-01 -4.718186945973065760e-02 -4.851604178547859192e-01 5.788171284890560736e-02 4.635862133877064611e-02 9.972465018967202610e-01 2.455966991186141968e+01
9.981943946135090062e-01 -1.606082821100037958e-02 -5.787918761823734881e-02 4.351827235077507794e-01 1.325312665915945667e-02 9.987317912405926368e-01 -4.857122398204170854e-02 -5.011374540627002716e-01 5.858587880988610358e-02 4.771644331395751698e-02 9.971413319292001809e-01 2.555069082975387573e+01
9.981430230928945990e-01 -1.651585937987218311e-02 -5.863217410195235152e-02 4.866993420873768628e-01 1.360138745851168125e-02 9.986684159066091526e-01 -4.976341356646842712e-02 -5.177568867802619934e-01 5.937598597228348207e-02 4.887352513916119745e-02 9.970385503230509983e-01 2.656660348176956177e+01
9.980917850915509426e-01 -1.688132260680517624e-02 -5.939536581086452688e-02 5.389489860390312970e-01 1.385440088735110861e-02 9.986020389990521995e-01 -5.101003119963967020e-02 -5.343792736530303955e-01 6.017345019868821504e-02 5.008980588882947643e-02 9.969303723115298110e-01 2.757654088735580444e+01
9.980273998667036350e-01 -1.717179509995258799e-02 -6.038574805657435235e-02 5.936171629582531750e-01 1.401290965925443797e-02 9.985303934337595999e-01 -5.235161651661715543e-02 -5.518407654017210007e-01 6.119597599669770321e-02 5.140216767867492043e-02 9.968013190599944728e-01 2.861639493703842163e+01
9.979262316414745371e-01 -1.759519951998213955e-02 -6.191643687824990167e-02 6.495754973147995770e-01 1.428706732189807295e-02 9.984671431368336014e-01 -5.347189713774331415e-02 -5.695854704827070236e-01 6.276237654188883408e-02 5.247640450737711681e-02 9.966479373684532517e-01 2.967067915201187134e+01
9.978198199250358780e-01 -1.814165182622856642e-02 -6.345460923987347734e-02 7.065105320070870221e-01 1.468342261451632130e-02 9.984032232216849545e-01 -5.454723605164533973e-02 -5.871115438640117645e-01 6.434286335789424216e-02 5.349658241015312066e-02 9.964929059483268459e-01 3.072301059961318970e+01
9.977365792233113817e-01 -1.880123146802548800e-02 -6.456184767376732525e-02 7.661124573205597699e-01 1.521745311166302836e-02 9.983394265345746366e-01 -5.555914458854659815e-02 -6.052843034267425537e-01 6.549921832021618484e-02 5.445092397657194661e-02 9.963658711926750566e-01 3.180491858720779419e+01
9.976712458444734200e-01 -1.946432311968789020e-02 -6.536991158498413335e-02 8.254125260864384472e-01 1.579695292294034520e-02 9.982969473971111674e-01 -5.615746696531091764e-02 -6.234925501048564911e-01 6.635165026950470835e-02 5.499404461486682993e-02 9.962796362284092044e-01 3.288707202672958374e+01
9.975784339873555728e-01 -2.000643581860990158e-02 -6.661088926872996141e-02 8.883091875468380749e-01 1.620737505526144082e-02 9.982372786771432915e-01 -5.709340113418882867e-02 -6.423264816403388977e-01 6.763570829933883422e-02 5.587555802931321036e-02 9.961442330193753802e-01 3.401176065206527710e+01
9.974121508046178697e-01 -2.042481936709390419e-02 -6.893350550441987301e-02 9.543700882350094616e-01 1.638765788152624428e-02 9.981451665433463960e-01 -5.863165676759657385e-02 -6.618287172168493271e-01 7.000318633079748165e-02 5.735026817702588986e-02 9.958968323293125868e-01 3.515978986024856567e+01
9.971491489375077233e-01 -2.084163141272227585e-02 -7.252035006300167064e-02 1.023968375578988343e+00 1.644094032244336478e-02 9.980170784330202327e-01 -6.075859311515044436e-02 -6.808485332876443863e-01 7.364285609967835544e-02 5.939307666786407258e-02 9.955145364028630262e-01 3.631697553396224976e+01
9.968755731913803153e-01 -2.135997123671118728e-02 -7.604500774622661996e-02 1.095907806709874421e+00 1.655017598882079985e-02 9.978555934705097830e-01 -6.332697888227199756e-02 -6.986038740724325180e-01 7.723459878251362487e-02 6.187056011047204623e-02 9.950913779862231578e-01 3.743791371583938599e+01
9.966923537070241368e-01 -2.179071111807124456e-02 -7.829123176270094686e-02 1.171867213502991945e+00 1.665023185707017322e-02 9.976990829109237957e-01 -6.572145568843830443e-02 -7.172028813511133194e-01 7.954320738477921315e-02 6.420050519793688015e-02 9.947618676302745211e-01 3.858302670717239380e+01
9.966110065386919459e-01 -2.247542456789753881e-02 -7.912873647688362100e-02 1.248185753182042390e+00 1.715810729479538485e-02 9.975887268305188016e-01 -6.724828216932171587e-02 -7.363358121365308762e-01 8.044936917089925976e-02 6.566267883019373530e-02 9.945935409044476261e-01 3.971592682600021362e+01
9.965525953932181658e-01 -2.319628022029473699e-02 -7.965461191282202646e-02 1.323031417385209352e+00 1.775681590886444422e-02 9.975047410935831138e-01 -6.832998598421052838e-02 -7.549499422311782837e-01 8.104085453534794203e-02 6.668001259571920691e-02 9.944778307314926513e-01 4.081494122743606567e+01
9.964694513509556595e-01 -2.373984976116878809e-02 -8.052982092146053483e-02 1.397275700524915010e+00 1.816257388187520611e-02 9.974307815358187668e-01 -6.929615396853554266e-02 -7.733507659286260605e-01 8.196800250287177014e-02 6.758887170357776031e-02 9.943404804127842223e-01 4.189559799432754517e+01
9.963576613751663480e-01 -2.410718891300871539e-02 -8.179397326039218596e-02 1.473424806550610811e+00 1.832860451655946715e-02 9.973308115715568967e-01 -7.067753919382838146e-02 -7.921889256685972214e-01 8.327948652270136809e-02 6.892093827518673554e-02 9.941400461664257060e-01 4.297198230028152466e+01
9.962379544443584756e-01 -2.448064004956542264e-02 -8.313023750287149016e-02 1.553580484644044191e+00 1.847874038663694859e-02 9.972178439799234129e-01 -7.221570329060207627e-02 -8.122515343129634857e-01 8.466684285033593271e-02 7.040788244789511485e-02 9.939186364139469543e-01 4.408192890882492065e+01
9.961729700450420166e-01 -2.509543301155988185e-02 -8.372355100927129923e-02 1.637233711138833314e+00 1.895986385447078620e-02 9.971304178923491301e-01 -7.329019904768328819e-02 -8.334957920014858246e-01 8.532254868591113151e-02 7.142232813197434138e-02 9.937901759073435315e-01 4.523593693971633911e+01
9.963760138478470196e-01 -2.578323690692690268e-02 -8.105592959973036138e-02 1.723281718150246888e+00 1.982740608671247629e-02 9.971023171747173119e-01 -7.344278761513578502e-02 -8.557046353816986084e-01 8.271464801682805457e-02 7.156950313793317142e-02 9.940000468933799516e-01 4.642308491468429565e+01
9.966556044773259293e-01 -2.624295352920172353e-02 -7.738807048893327212e-02 1.810945532575715333e+00 2.055354211499412984e-02 9.970893539600657052e-01 -7.341915367276968807e-02 -8.783163819462060928e-01 7.908955664601433067e-02 7.158301201795552737e-02 9.942940784395599696e-01 4.762369364500045776e+01
9.967088882624430823e-01 -2.647328033126005245e-02 -7.661956334479572139e-02 1.899879015341866761e+00 2.083275470916579053e-02 9.970774292022948071e-01 -7.350235714975741907e-02 -9.005139153450727463e-01 7.834148575226522471e-02 7.166425611031823628e-02 9.943474473272821967e-01 4.884319883584976196e+01
9.965990054607118953e-01 -2.656631699303700633e-02 -7.800418652960532107e-02 1.990734882012475282e+00 2.074140309601206489e-02 9.970010032205984807e-01 -7.455731872008797279e-02 -9.216430597007274628e-01 7.975096558869196328e-02 7.268583341026993438e-02 9.941612309425095217e-01 5.005678850412368774e+01
9.964270912934186653e-01 -2.667998238891403084e-02 -8.013257936859650987e-02 2.083262584463227540e+00 2.056144543215564224e-02 9.968780426675292183e-01 -7.623250624960589694e-02 -9.413130618631839752e-01 8.191629079906918853e-02 7.431249280627688636e-02 9.938648674315031517e-01 5.125309187173843384e+01
9.962932769055738991e-01 -2.689031753222611426e-02 -8.171056979222195149e-02 2.179506606713403016e+00 2.049624909108778079e-02 9.967342131460019683e-01 -7.810769563504287027e-02 -9.612276405096054077e-01 8.354406122489860254e-02 7.614341184394396445e-02 9.935907460654079815e-01 5.246480935811996460e+01
9.962386601086444804e-01 -2.718279729486821478e-02 -8.227774690740387309e-02 2.276203832880128175e+00 2.062687559398813583e-02 9.966208794824060746e-01 -7.950694675904436404e-02 -9.816592559218406677e-01 8.416094170197264968e-02 7.751076125894704183e-02 9.934329457899490068e-01 5.368233555555343628e+01
9.962561259061063490e-01 -2.759143654995003039e-02 -8.192950764935870434e-02 2.371486707881558686e+00 2.097996758913349066e-02 9.965346978693148117e-01 -8.048873773685652488e-02 -1.002055440098047256e+00 8.386639705218744412e-02 7.846851962171610961e-02 9.933826648748513843e-01 5.487724417448043823e+01
9.962676649605340939e-01 -2.809117843700455544e-02 -8.161878122163648830e-02 2.467096454754937440e+00 2.143212575833187278e-02 9.964553543430136884e-01 -8.134734652475206218e-02 -1.022148804739117622e+00 8.361461438985434702e-02 7.929446698956627015e-02 9.933383027776974128e-01 5.606946557760238647e+01
9.962733306245250553e-01 -2.857254473392675798e-02 -8.138218707889026404e-02 2.562127507582772523e+00 2.185112849787500602e-02 9.963667219807814668e-01 -8.231575494789203362e-02 -1.041753776371479034e+00 8.343847355797620602e-02 8.023069871750969362e-02 9.932779349777257627e-01 5.724198752641677856e+01
9.963295400286499293e-01 -2.919871978365361220e-02 -8.046665414502272851e-02 2.656818977848161012e+00 2.248262062069808845e-02 9.962841043337651303e-01 -8.314153728367719431e-02 -1.061122167855501175e+00 8.259527490313710307e-02 8.102726834136148026e-02 9.932837471482216518e-01 5.840480297803878784e+01
9.963133199636722281e-01 -2.986887866478342424e-02 -8.042150552105914452e-02 2.753542184189427644e+00 2.306112969652609687e-02 9.961746048890955940e-01 -8.428725212732052219e-02 -1.080430630594491959e+00 8.263142719380624224e-02 8.212190122837476070e-02 9.931908379453324720e-01 5.957333475351333618e+01
9.961526397891514728e-01 -3.053838913831650667e-02 -8.214210266326156529e-02 2.853702186897862703e+00 2.344341296077940423e-02 9.960199056091156855e-01 -8.599275562021957420e-02 -1.099436983466148376e+00 8.444124957540248555e-02 8.373621927962353328e-02 9.929037823227884196e-01 6.074934428930282593e+01
9.955922671172822147e-01 -3.153986541095872564e-02 -8.832482406508823658e-02 2.956266171589959413e+00 2.372206368015664091e-02 9.958199999043692019e-01 -8.820312627802193162e-02 -1.118189958855509758e+00 9.073754102368421226e-02 8.571910335695713534e-02 9.921788820412650312e-01 6.194641858339309692e+01
9.949436015854857818e-01 -3.271197091468294044e-02 -9.495871009538287000e-02 3.063333026424515992e+00 2.404753000101528954e-02 9.955609071763219520e-01 -9.099558452534386999e-02 -1.136176306754350662e+00 9.751382448121037605e-02 8.825195216614570293e-02 9.913135966856865267e-01 6.315757304430007935e+01
9.945483415207699851e-01 -3.368956442030394266e-02 -9.868439404209872201e-02 3.176669984415639192e+00 2.440709046487580733e-02 9.952915464301329562e-01 -9.380315314398418591e-02 -1.154254861176013947e+00 1.013799305253529348e-01 9.088317145591132129e-02 9.906878210782598115e-01 6.437695425748825073e+01
9.944722654394755335e-01 -3.449366039397856742e-02 -9.917207603102014268e-02 3.294299631670583040e+00 2.491970768185681681e-02 9.950494613926068599e-01 -9.620591224729327373e-02 -1.173528360202908516e+00 1.019996149048042755e-01 9.320277235634120971e-02 9.904086640293308097e-01 6.560322743654251099e+01
9.945101833880130027e-01 -3.516179088696930188e-02 -9.855528194451045054e-02 3.414915873960126191e+00 2.542527421415584007e-02 9.948257826872890508e-01 -9.836268363438384343e-02 -1.193812347948551178e+00 1.015039436114473642e-01 9.531689547107555227e-02 9.902583697546213370e-01 6.683263653516769409e+01
9.945822496896425946e-01 -3.578628135565042889e-02 -9.759862022090146083e-02 3.538340523198712617e+00 2.593910163289105120e-02 9.946130733328600870e-01 -1.003593411787924855e-01 -1.214585045352578163e+00 1.006643512310494010e-01 9.728399879783392046e-02 9.901527720352728545e-01 6.806023377180099487e+01
9.947126008132589625e-01 -3.644382849915302203e-02 -9.601400495577017136e-02 3.663836091116536409e+00 2.658478669185904489e-02 9.944258645144622433e-01 -1.020316083437521476e-01 -1.235637599602341652e+00 9.919723231961007082e-02 9.893961465959325019e-02 9.901367894140387094e-01 6.929215914011001587e+01
9.946614500206220066e-01 -3.710746318256782916e-02 -9.628933491840095671e-02 3.789153158024419099e+00 2.704280548375367910e-02 9.942303735038450219e-01 -1.038010167289927926e-01 -1.256146648898720741e+00 9.958557382694281646e-02 1.006429360589164851e-01 9.899261148727208637e-01 7.050489002466201782e+01
9.943507632226574744e-01 -3.775696846169493415e-02 -9.920166838869855230e-02 3.914502828672993928e+00 2.722206388893369522e-02 9.940485547277364553e-01 -1.054818945664377089e-01 -1.276011141017079353e+00 1.025939516547907937e-01 1.021855282135432363e-01 9.894607616816210038e-01 7.170956820249557495e+01
9.940604813311979537e-01 -3.837041941125529654e-02 -1.018404161901913935e-01 4.041741608933079988e+00 2.737149880227128171e-02 9.938518465146735092e-01 -1.072814440278055947e-01 -1.295526346191763878e+00 1.053307196828365822e-01 1.038567190584137601e-01 9.889991008072339662e-01 7.290786606073379517e+01
9.938433764416602090e-01 -3.890774777978311255e-02 -1.037377957436209919e-01 4.172316103533376008e+00 2.751337237943660488e-02 9.936510537665087517e-01 -1.090898606150779576e-01 -1.315070817247033119e+00 1.073236108382070036e-01 1.055640588051229983e-01 9.886040016332311442e-01 7.411337357759475708e+01
9.936971387384079257e-01 -3.935717540025613498e-02 -1.049619417103869468e-01 4.305499791458714753e+00 2.766615140099556308e-02 9.934798612849592425e-01 -1.105999515726621835e-01 -1.335043871775269508e+00 1.086304769839403078e-01 1.069989624516588661e-01 9.883069571264335718e-01 7.532957500219345093e+01
9.935859371084999614e-01 -3.963784726129605113e-02 -1.059047999134808543e-01 4.440739824727643281e+00 2.771405142137265895e-02 9.933466663736296720e-01 -1.117780468527278248e-01 -1.355613151565194130e+00 1.096308210953368667e-01 1.081260443597529819e-01 9.880738037196792334e-01 7.655952185392379761e+01
9.934475848755147664e-01 -3.999919696701893096e-02 -1.070605452396004853e-01 4.576685457781422883e+00 2.782913670325028871e-02 9.932227271424622916e-01 -1.128457063340992522e-01 -1.376279188320040703e+00 1.108487043467749483e-01 1.091268918721851194e-01 9.878278626435670340e-01 7.778581410646438599e+01
9.933102411549240562e-01 -4.032450291531095021e-02 -1.082067432343278707e-01 4.710450231388676912e+00 2.792453066907046866e-02 9.931161741050440472e-01 -1.137562539725698041e-01 -1.396843848749995232e+00 1.120490312481943196e-01 1.099736295463268620e-01 9.875985092135104448e-01 7.898603671789169312e+01
9.932553509098003275e-01 -4.082721654460643584e-02 -1.085216396773903830e-01 4.839818730310071260e+00 2.831666901685809049e-02 9.930289449752316422e-01 -1.144188826075834969e-01 -1.417000537738204002e+00 1.124365338528329206e-01 1.105741960431912002e-01 9.874874039827357119e-01 8.014488524198532104e+01
9.934483051127555031e-01 -4.134924040065776629e-02 -1.065396892565489140e-01 4.967334433749783784e+00 2.899129928428053476e-02 9.929381951196848410e-01 -1.150358432762237093e-01 -1.437325721606612206e+00 1.105439714973307230e-01 1.111934395130901587e-01 9.876315352270026438e-01 8.127083426713943481e+01
9.935119255268830551e-01 -4.209587822174669369e-02 -1.056503235802202234e-01 5.093244730785954744e+00 2.973443384422137792e-02 9.928082608954664767e-01 -1.159638760204357438e-01 -1.457578402012586594e+00 1.097721152197997235e-01 1.120700411995071977e-01 9.876185440673498350e-01 8.237301677465438843e+01
9.933994448431154867e-01 -4.281918142056297810e-02 -1.064145699040447562e-01 5.223698213056195527e+00 3.018796184159104612e-02 9.926027882518655421e-01 -1.175941823155924465e-01 -1.477743491530418396e+00 1.106626854239520091e-01 1.136055564534370205e-01 9.873436826139438960e-01 8.349530571699142456e+01
9.930262928274733447e-01 -4.376802013731307534e-02 -1.094675393282641268e-01 5.357057913497556001e+00 3.058029499525847725e-02 9.923784920112056485e-01 -1.193724178844021849e-01 -1.497420802712440491e+00 1.138579259925643766e-01 1.151923999525364950e-01 9.867963739707632520e-01 8.462492638826370239e+01
9.925306558099883381e-01 -4.485516703542959810e-02 -1.134500386408843348e-01 5.495038553432095796e+00 3.095629037946355869e-02 9.921168783794629409e-01 -1.214323174469305877e-01 -1.517016928642988205e+00 1.180025650710050111e-01 1.170133053324001332e-01 9.860949655138949721e-01 8.577237576246261597e+01
9.922812761903149203e-01 -4.575377613266975313e-02 -1.152582356785035872e-01 5.632584735110867769e+00 3.146410045384196580e-02 9.919225987163552416e-01 -1.228803016696450034e-01 -1.536724757403135300e+00 1.199494864713912812e-01 1.183053258538852015e-01 9.857058235446596317e-01 8.691537767648696899e+01
9.922781159201200518e-01 -4.665166340401025874e-02 -1.149250319454192815e-01 5.767891689494717866e+00 3.233114333006138763e-02 9.918226776908107833e-01 -1.234604114248821077e-01 -1.556392792612314224e+00 1.197448864753219433e-01 1.187914067593656559e-01 9.856722395619870181e-01 8.804440730810165405e+01
9.922556896998213638e-01 -4.755925691347415857e-02 -1.147465177692549854e-01 5.902475743845570832e+00 3.323978666137333837e-02 9.917720975387315230e-01 -1.236253336753076332e-01 -1.576225582510232925e+00 1.196819236185572705e-01 1.188537909595774184e-01 9.856723662219099014e-01 8.917212671041488647e+01
9.922008424738888444e-01 -4.842692242174420625e-02 -1.148578311603684343e-01 6.034693613008130342e+00 3.410999978328781157e-02 9.917593155588693143e-01 -1.234907604518942215e-01 -1.595813468098640442e+00 1.198916014943892522e-01 1.186098359621215598e-01 9.856762707421484748e-01 9.028474456071853638e+01
9.921162036139639095e-01 -4.914946165263459760e-02 -1.152812601677829091e-01 6.165009572461713105e+00 3.484448298700093538e-02 9.917980294659154428e-01 -1.229736994356755292e-01 -1.615105971693992615e+00 1.203798177934509439e-01 1.179872839198507217e-01 9.856914833259097231e-01 9.139274388551712036e+01
9.919625259166052755e-01 -4.975830930819642034e-02 -1.163376887854407488e-01 6.293602182820905000e+00 3.538089239677192493e-02 9.918333441595018618e-01 -1.225349332500220989e-01 -1.634285271167755127e+00 1.214847300295648636e-01 1.174339306511077152e-01 9.856220027482517354e-01 9.249450093507766724e+01
9.917300176209731255e-01 -5.007765378609374540e-02 -1.181685268622080509e-01 6.420676215842831880e+00 3.556915758115442028e-02 9.919122363141935628e-01 -1.218398558729542336e-01 -1.654023805633187294e+00 1.233142618616000358e-01 1.166290874587269932e-01 9.854903595571462560e-01 9.359852820634841919e+01
9.915609998284057314e-01 -5.040598472691974058e-02 -1.194404467632380756e-01 6.542057245329488069e+00 3.586871924048417454e-02 9.920191681190007049e-01 -1.208776450156649473e-01 -1.673469051718711853e+00 1.245801693663148579e-01 1.155733826977272671e-01 9.854555163032298060e-01 9.466645139455795288e+01
9.914420992141975697e-01 -5.064754432717930022e-02 -1.203220269085076011e-01 6.658210582390893251e+00 3.617041155058688118e-02 9.921637869799753151e-01 -1.195939845218615960e-01 -1.692733397707343102e+00 1.254362995069863707e-01 1.142184138358632028e-01 9.855048902500753716e-01 9.570726388692855835e+01
9.913856557542181092e-01 -5.079638160898663352e-02 -1.207236893911591141e-01 6.767480700567830354e+00 3.649208289203092342e-02 9.923575649084972472e-01 -1.178761691567844633e-01 -1.711816992610692978e+00 1.257887493020739267e-01 1.124552843769999338e-01 9.856627209977599779e-01 9.671067517995834351e+01
9.913667509315240434e-01 -5.093352468996802107e-02 -1.208211124354098276e-01 6.870351835445035249e+00 3.688023461365193961e-02 9.925848128125458469e-01 -1.158241670322953110e-01 -1.730772685259580612e+00 1.258245343417392359e-01 1.103683171772564114e-01 9.858940212422149241e-01 9.768157196044921875e+01
9.913090126535351043e-01 -5.113189013162881824e-02 -1.212104419736206723e-01 6.970787755504716188e+00 3.724149397256382166e-02 9.927580469875409985e-01 -1.142126580908383038e-01 -1.749325513839721680e+00 1.261725507333703589e-01 1.087059793803923230e-01 9.860342273412139313e-01 9.863784861564636230e+01
9.912002450952563937e-01 -5.108658764059349766e-02 -1.221156611018572452e-01 7.066977328911889344e+00 3.727937316975090537e-02 9.929191680232829498e-01 -1.127908423056682014e-01 -1.767115890979766846e+00 1.270130798743741574e-01 1.072459152377917696e-01 9.860861986690789838e-01 9.956589215993881226e+01
9.910505254904676820e-01 -5.110698844528342027e-02 -1.233163884369041785e-01 7.158205821469891816e+00 3.735447804819044815e-02 9.930773784027525641e-01 -1.113641031682269245e-01 -1.784702589735388756e+00 1.281541996768542357e-01 1.057610336407974888e-01 9.860989325967324248e-01 1.004623290300369263e+02
9.908320084216482027e-01 -5.098333960813181825e-02 -1.251104718619699407e-01 7.249871961132157594e+00 3.729297741179525560e-02 9.932950403205117462e-01 -1.094266727559429220e-01 -1.802650855854153633e+00 1.298505484119578113e-01 1.037577079405418851e-01 9.860898402884186176e-01 1.013844478726387024e+02
9.906780263627270600e-01 -5.076556887241134852e-02 -1.264116493805540475e-01 7.340887337282765657e+00 3.717327133148209256e-02 9.934933892762943808e-01 -1.076523727691007792e-01 -1.820444649085402489e+00 1.310541719311815179e-01 1.019497056462738277e-01 9.861191923586470898e-01 1.023147153258323669e+02
9.905649363737379920e-01 -5.066841702918792323e-02 -1.273334926193760430e-01 7.425760149315465242e+00 3.723715145772202306e-02 9.936971882701085557e-01 -1.057321737949013934e-01 -1.837306227535009384e+00 1.318882154637292248e-01 9.999304745749507117e-02 9.862083395925813623e-01 1.032058348655700684e+02
9.905541698364528358e-01 -5.063118127044716893e-02 -1.274320214968553966e-01 7.501834987953770906e+00 3.746011202367225540e-02 9.939017515143673265e-01 -1.037113703691486394e-01 -1.853166203945875168e+00 1.319059385577079357e-01 9.795811257793769766e-02 9.864101740925923512e-01 1.040244526863098145e+02
9.907499601741728279e-01 -5.053764292976251071e-02 -1.259383303922156916e-01 7.569049961224664003e+00 3.779200940619298343e-02 9.941056254860574093e-01 -1.016157930737974224e-01 -1.868384867906570435e+00 1.303314253736115313e-01 9.591638037414892959e-02 9.868200279362009386e-01 1.047622634768486023e+02
9.909673175751336771e-01 -5.036485051713974342e-02 -1.242865935261338178e-01 7.626796516880858690e+00 3.802943898892263003e-02 9.942905448524750334e-01 -9.969992069784211486e-02 -1.882858282886445522e+00 1.285983563974752164e-01 9.407281355075101936e-02 9.872247811327030664e-01 1.054106593132019043e+02
9.911140852552111635e-01 -5.015492012119288079e-02 -1.231964041535424520e-01 7.675743556872475892e+00 3.821360136264678742e-02 9.945066217097586758e-01 -9.744896123786882247e-02 -1.896906468085944653e+00 1.274071845683081294e-01 9.187525979870588000e-02 9.875861207800044061e-01 1.060005734562873840e+02
9.911897259541055938e-01 -4.981482049007696783e-02 -1.227249396926569508e-01 7.719359881535638124e+00 3.814231065474884413e-02 9.946801459416634295e-01 -9.568997548012896093e-02 -1.911052599549293518e+00 1.268388398754163593e-01 9.016590779786147480e-02 9.878167936262503002e-01 1.065459173321723938e+02
9.911951662115978667e-01 -4.944293059348271041e-02 -1.228313440986909671e-01 7.759968339756596833e+00 3.791678985842731470e-02 9.948059141923156767e-01 -9.446433260666688148e-02 -1.925196735188364983e+00 1.268639409982002531e-01 8.897521959691459537e-02 9.879215306754306480e-01 1.070604097247123718e+02
9.911156655769496338e-01 -4.918758376257109655e-02 -1.235731324016677707e-01 7.800195197865832597e+00 3.760874860538474668e-02 9.948288543815403395e-01 -9.434581346434520177e-02 -1.939276014454662800e+00 1.275747603419149223e-01 8.886018283523898498e-02 9.878403456177474729e-01 1.075531648397445679e+02
9.910010413264441764e-01 -4.936539857770193968e-02 -1.244186220513942287e-01 7.842969580844510347e+00 3.752482090452669700e-02 9.946952950119392067e-01 -9.577660412227161080e-02 -1.953319290652871132e+00 1.284866682033052598e-01 9.024592791021522620e-02 9.875965008998552896e-01 1.080338356494903564e+02
9.908166785960463852e-01 -5.010892578611844672e-02 -1.255842544766674063e-01 7.889994229481089860e+00 3.775356215747115857e-02 9.943807755344671317e-01 -9.890167739676468395e-02 -1.967356817796826363e+00 1.298344251742235000e-01 9.325217854845550824e-02 9.871408477191317976e-01 1.085068759918212891e+02
9.906014550757993309e-01 -5.132994624781363202e-02 -1.267832552820190029e-01 7.941254179284442216e+00 3.828768806999324759e-02 9.939185975121385130e-01 -1.032466680419209804e-01 -1.981624966487288475e+00 1.313118811987853962e-01 9.742206186331868467e-02 9.865425138930079552e-01 1.089731958806514740e+02
9.904409184861885374e-01 -5.314650697701255727e-02 -1.272880033010871381e-01 8.000209245190490037e+00 3.916746115228252056e-02 9.931693484277530626e-01 -1.099115796014085017e-01 -1.996069246903061867e+00 1.322599598333511484e-01 1.038753779282399203e-01 9.857571754165148636e-01 1.094279676973819733e+02
9.903484365933507005e-01 -5.565441614774777057e-02 -1.269352594843499160e-01 8.067411172494757921e+00 4.048967059478116026e-02 9.920604295876578327e-01 -1.190659087290639045e-01 -2.011112401261925697e+00 1.325539916872821022e-01 1.127771697180106197e-01 9.847389244252320317e-01 1.098592184782028198e+02
9.903228284928382585e-01 -5.852733366688192551e-02 -1.258381761620459560e-01 8.142943936691153795e+00 4.199159726999422693e-02 9.905905548647075953e-01 -1.302576614696632495e-01 -2.027011962607502937e+00 1.322777423630266402e-01 1.237129897249122645e-01 9.834620963965335916e-01 1.102697791755199432e+02
9.904848310990114202e-01 -6.167521585827817621e-02 -1.230283183319905993e-01 8.230598452792037278e+00 4.349151056392009523e-02 9.884223587431654190e-01 -1.453606867260393565e-01 -2.043144334107637405e+00 1.305690923290471761e-01 1.386268678338803129e-01 9.816997013562429597e-01 1.106401883363723755e+02
9.908921476496012071e-01 -6.504867728794236359e-02 -1.179042887661434919e-01 8.338213648006785661e+00 4.480609761658643775e-02 9.849633784731028907e-01 -1.668519004483433321e-01 -2.058789080008864403e+00 1.269849020267131978e-01 1.600494069028063349e-01 9.789070548358133061e-01 1.109700312316417694e+02
9.913246688062630207e-01 -6.873611351991011642e-02 -1.120301196747147815e-01 8.464850510761607438e+00 4.597269886171140990e-02 9.798473355052389477e-01 -1.943854677249667595e-01 -2.073326306417584419e+00 1.231337158357664607e-01 1.875487824579560592e-01 9.745068199982055424e-01 1.112584314644336700e+02
9.915804136455113049e-01 -7.299332457557913822e-02 -1.069591409931877068e-01 8.610861833498347551e+00 4.725039658316295549e-02 9.729886239712784990e-01 -2.259657886610534072e-01 -2.087045388296246529e+00 1.205640215708246588e-01 2.190093883601390012e-01 9.682454257639369066e-01 1.115307145714759827e+02
9.916923517271827304e-01 -7.735904827499334724e-02 -1.027708965407848896e-01 8.769953723356593400e+00 4.827549615400660715e-02 9.643786812899345362e-01 -2.600831319877766057e-01 -2.099240058101713657e+00 1.192298452439403134e-01 2.529611367848310088e-01 9.601015088414516230e-01 1.117758678197860718e+02
9.917730070528675279e-01 -8.170650258817226119e-02 -9.854110774758835511e-02 8.939449320838321000e+00 4.928776611306381200e-02 9.541889755939882978e-01 -2.951171207613670910e-01 -2.110828657634556293e+00 1.181398264468707243e-01 2.878323232190999059e-01 9.503660006110271619e-01 1.120086549371480942e+02
9.918619405571694747e-01 -8.617624476656582377e-02 -9.372057251265052125e-02 9.130365501448977739e+00 5.060599950129279767e-02 9.423128632034927232e-01 -3.308859329976280850e-01 -2.122686509974300861e+00 1.168286081772833690e-01 3.234503403602608795e-01 9.390053001086789974e-01 1.122725098282098770e+02
9.919246623113221473e-01 -9.056607895873425296e-02 -8.878766603875680452e-02 9.342057804868090898e+00 5.189335097342099440e-02 9.285949427609130336e-01 -3.674486527443066586e-01 -2.134584995917975903e+00 1.157261613608558393e-01 3.598738912742865392e-01 9.257960023438122077e-01 1.125544034689664841e+02
9.919871261842967414e-01 -9.461741844320202544e-02 -8.372028196180572590e-02 9.551607187197078019e+00 5.290470587918576217e-02 9.128630061833935549e-01 -4.048236950051894434e-01 -2.146021409891545773e+00 1.147285212162044987e-01 3.971506969261942577e-01 9.105540567976078137e-01 1.127853566706180573e+02
9.920457639387415538e-01 -9.840368744228945863e-02 -7.849787607928464250e-02 9.769632469222415239e+00 5.369333753416158372e-02 8.948272101040641857e-01 -4.431718510485741502e-01 -2.156774722971022129e+00 1.138517797649255953e-01 4.354319445735891358e-01 8.929931656453041766e-01 1.130045187622308731e+02
9.920919190974932800e-01 -1.020736296580778552e-01 -7.303833370140853931e-02 9.988332520530093461e+00 5.438495776322075509e-02 8.740459252862669004e-01 -4.827898060849732387e-01 -2.166856954805552959e+00 1.131189658304275619e-01 4.749996785461006454e-01 8.726851694342900867e-01 1.131948388218879700e+02
9.921200510226210190e-01 -1.057453245259634134e-01 -6.719918674932480462e-02 1.020724501769291237e+01 5.518308105117330359e-02 8.503226357719689821e-01 -5.233605283736164626e-01 -2.176943097263574600e+00 1.124839185153663906e-01 5.155282159442973189e-01 8.494574896018742827e-01 1.133579132109880447e+02
9.921468469908605314e-01 -1.093163966381966723e-01 -6.078288765873546967e-02 1.043499835889087990e+01 5.636454740489481308e-02 8.245716365994073538e-01 -5.629428513726913996e-01 -2.187406931072473526e+00 1.116587291792959791e-01 5.550959750726132125e-01 8.242577185906416748e-01 1.135119086503982544e+02
9.922552164252302909e-01 -1.122167552136256324e-01 -5.326335819533490473e-02 1.066520767967449501e+01 5.764873767880962507e-02 7.958427938960062065e-01 -6.027527440400738401e-01 -2.199000592343509197e+00 1.100282169307451735e-01 5.950139891238895862e-01 7.961483179822191891e-01 1.136461440622806549e+02
