0.000000000000000000e+00 0.000000000000000000e+00 0.000000000000000000e+00 0.000000000000000000e+00 0.000000000000000000e+00 0.000000000000000000e+00 0.000000000000000000e+00 0.000000000000000000e+00 0.000000000000000000e+00 0.000000000000000000e+00 0.000000000000000000e+00 0.000000000000000000e+00
9.999998211860656738e-01 -5.943337165097665065e-04 1.245444177149910745e-04 -6.337535567581653595e-03 5.942216375842690468e-04 9.999994038868798008e-01 8.981278002932129674e-04 -1.384274102747440338e-02 -1.250781351700425148e-04 -8.980536367744207382e-04 9.999995827674865723e-01 6.179238557815551758e-01
9.999990463258789930e-01 -1.139884875616001660e-03 7.638819356010130047e-04 -4.911737516522407532e-03 1.139315204153792949e-03 9.999990456768430569e-01 7.458014247917850101e-04 -1.360164768993854523e-02 -7.647313759662210941e-04 -7.449304211160114042e-04 9.999994039536410639e-01 5.795258283615112305e-01
9.999992251397458176e-01 -1.061402114825479122e-03 6.930764520888660612e-04 -3.843428799882531166e-03 1.061228316580398179e-03 9.999994037693458182e-01 2.511293017810969116e-04 -1.400253269821405411e-02 -6.933425902388989925e-04 -2.503935814827940032e-04 9.999997019767903339e-01 5.511745214462280273e-01
9.999987483028291990e-01 -1.230770382960913369e-03 9.698322420766338110e-04 -4.089585971087217331e-03 1.230578864871822997e-03 9.999992249046616433e-01 1.980148912331879357e-04 -1.412737462669610977e-02 -9.700751979835331440e-04 -1.968211952853016200e-04 9.999995231628417969e-01 5.229810476303100586e-01
9.999983310706284101e-01 -1.388046640633806188e-03 1.178099229785210334e-03 -5.538943689316511154e-03 1.387691646117766853e-03 9.999989862297344878e-01 3.020846852448619822e-04 -1.424583792686462402e-02 -1.178517355583608150e-03 -3.004493371162042514e-04 9.999992251396605525e-01 5.095480680465698242e-01
9.999992847443763822e-01 -9.811162783720630068e-04 6.806334186709683777e-04 -5.791932810097932816e-03 9.810343606911076098e-04 9.999995230827071202e-01 1.206584527057589704e-04 -1.413766760379076004e-02 -6.807514582760632038e-04 -1.199906405828787825e-04 9.999997615814208984e-01 4.994601905345916748e-01
9.999998211860656738e-01 -5.762166883317630618e-04 1.287734006240756569e-04 -6.023742258548736572e-03 5.762225482612848282e-04 9.999998211894423061e-01 -4.544081961341885382e-05 -1.397678814828395844e-02 -1.287471968680620193e-04 4.551501478999853134e-05 1.000000000000000000e+00 4.922530353069305420e-01
9.999998807907104492e-01 -4.302512544509639724e-04 1.453206551562706225e-04 -6.374001037329435349e-03 4.302696906961500645e-04 9.999998807986429927e-01 -1.268511368349839723e-04 -1.382291968911886215e-02 -1.452660653740167618e-04 1.269136555492877960e-04 1.000000000000000000e+00 4.936551153659820557e-01
9.999997019767974393e-01 -5.238670046573768238e-04 6.164276402503272682e-04 -6.353005766868591309e-03 5.239725223716885927e-04 9.999998808460479616e-01 -1.710301445568038854e-04 -1.379591971635818481e-02 -6.163379293866455555e-04 1.713530785406036649e-04 9.999998211860656738e-01 4.987827837467193604e-01
9.999993443489714195e-01 -5.340292872812481533e-04 1.019327543618173040e-03 -6.441221572458744049e-03 5.341718251042661125e-04 9.999998808670033101e-01 -1.395820886139563348e-04 -1.400605402886867523e-02 -1.019252813421189785e-03 1.401264865762558154e-04 9.999994635581970215e-01 5.135618448257446289e-01
9.999992251396960796e-01 -4.478286855134033621e-04 1.151052905291817269e-03 -6.128819659352302551e-03 4.480689212766220814e-04 9.999998808984843501e-01 -2.084660664350397401e-04 -1.412872411310672760e-02 -1.150959404185414314e-03 2.089816638052577336e-04 9.999993443489074707e-01 5.316874980926513672e-01
1.000000000000000000e+00 -7.453514973422425028e-05 2.215888966104549284e-04 -5.771783180534839630e-03 7.465016096830368042e-05 9.999998807992953598e-01 -5.190637816190279107e-04 -1.414152421057224274e-02 -2.215501735918223858e-04 5.190803203731775284e-04 9.999998807907104492e-01 5.465728640556335449e-01
9.999835491190189884e-01 2.976543406491682225e-04 -5.722028215518253080e-03 -6.800011266022920609e-03 -3.074679067136161514e-04 9.999984532981396335e-01 -1.714247354595818977e-03 -1.435089949518442154e-02 5.721509456634521484e-03 1.715978536086827655e-03 9.999821186309922894e-01 6.614388823509216309e-01
9.999110698752922133e-01 3.254039177621890415e-04 -1.333147594450117754e-02 -6.098524667322635651e-03 -3.783237963183271046e-04 9.999920926169396651e-01 -3.967215618843090118e-03 -1.361816003918647766e-02 1.333007868379354477e-02 3.971906333345709417e-03 9.999032623607462256e-01 7.300484180450439453e-01
9.998861551488040789e-01 5.102439476466151102e-04 -1.508149385311645559e-02 -5.112517974339425564e-04 -6.013205057866996550e-04 9.999816369749763290e-01 -6.035044338350932167e-03 -1.301949005573987961e-02 1.507813669741153717e-02 6.043426066718204925e-03 9.998680969942697061e-01 7.616044282913208008e-01
9.999789595616448423e-01 3.888038477248899165e-04 -6.477774851642296994e-03 4.175016656517982483e-03 -4.137955748640953502e-04 9.999925001592029350e-01 -3.857180023971943338e-03 -1.290355063974857330e-02 6.476226262748241425e-03 3.859779140978236711e-03 9.999715687407615405e-01 7.755350470542907715e-01
9.999996423721597694e-01 -4.575623155797532010e-04 7.250770685854465367e-04 7.424604613333940506e-03 4.586651118767479107e-04 9.999987488082210385e-01 -1.521501976202675310e-03 -1.477770134806632996e-02 -7.243799627758562565e-04 1.521834042305492130e-03 9.999986290934401723e-01 8.162671327590942383e-01
9.999980330473690060e-01 -8.937246641729473633e-04 1.755125977108283131e-03 8.450614288449287415e-03 8.942482056735825968e-04 9.999995236322352099e-01 -2.975282139290901830e-04 -1.589458063244819641e-02 -1.754859345965087414e-03 2.990971573643003145e-04 9.999983906746834350e-01 8.396003842353820801e-01
9.999997615814315566e-01 -3.725887874722623428e-04 -5.535889919859191205e-04 9.833249263465404510e-03 3.723463076255248416e-04 9.999998210957945499e-01 -4.380512881980325071e-04 -1.578722707927227020e-02 5.537521210499107838e-04 4.378450484329235448e-04 9.999997019767974393e-01 8.457636237144470215e-01
9.999458193778991699e-01 2.907792163729379202e-05 -1.041200937201760407e-02 6.530378013849258423e-03 -4.286005295669331749e-05 9.999991065211611962e-01 -1.323455534319187710e-03 -1.492051407694816589e-02 1.041196193546056747e-02 1.323830085515967370e-03 9.999449253566687901e-01 8.551288247108459473e-01
9.999306201934814453e-01 1.748775644932129558e-04 -1.177865910517372598e-02 9.647939354181289673e-03 -2.013678293315140921e-04 9.999975019422888689e-01 -2.247857557828446436e-03 -1.288897916674613953e-02 1.177823543548583984e-02 2.250073353671555587e-03 9.999281169720859452e-01 8.691209554672241211e-01
9.999765157713547126e-01 2.420136644493355201e-04 -6.849309361127885014e-03 1.702729985117912292e-02 -2.608022793637657100e-04 9.999961902045247930e-01 -2.742379147650765396e-03 -1.214864104986190796e-02 6.848619785159826279e-03 2.744101200951074015e-03 9.999728203699440598e-01 8.635972142219543457e-01
9.999958276748657227e-01 -7.322531284136387557e-05 -2.881940778518735959e-03 2.217354625463485718e-02 6.497676614939523754e-05 9.999958867435446708e-01 -2.862139448374110499e-03 -1.337612234055995941e-02 2.882138593122363091e-03 2.861940235322574244e-03 9.999917149715358278e-01 8.625203967094421387e-01
9.999996423721491112e-01 -2.462695191275483721e-04 -7.362171100549105536e-04 2.543186210095882416e-02 2.443984703090658350e-04 9.999967212872731270e-01 -2.540435361805775186e-03 -1.495365798473358154e-02 7.368403603322803974e-04 2.540254674030711923e-03 9.999964833269174846e-01 8.728070855140686035e-01
1.000000000000000000e+00 -1.920269599556992217e-04 -1.237005442487212024e-04 2.914039418101310730e-02 1.917315530590713024e-04 9.999971389203068384e-01 -2.383725308201511354e-03 -1.569491252303123474e-02 1.241579302586615086e-04 2.383701503276824951e-03 9.999971389770507812e-01 8.837363123893737793e-01
9.999969601639335792e-01 -7.328309906592224768e-04 2.352782807661718198e-03 3.168646991252899170e-02 7.373312993819852723e-04 9.999978575520533930e-01 -1.912450574273273467e-03 -1.650248467922210693e-02 -2.351376460865139961e-03 1.914179641417865230e-03 9.999954104474184646e-01 8.929349780082702637e-01
9.999929666554017160e-01 -1.038472668331937238e-03 3.598379246542880369e-03 3.455426916480064392e-02 1.044742145418602053e-03 9.999979203936970595e-01 -1.740864743021234770e-03 -1.711080037057399750e-02 -3.596564056351780891e-03 1.744611844894196351e-03 9.999919533830237128e-01 9.064484238624572754e-01
9.999967813502053104e-01 -8.111618932553776732e-04 2.393146002854791999e-03 3.753494471311569214e-02 8.163134262691995602e-04 9.999973219974530592e-01 -2.152427883226741036e-03 -1.729231327772140503e-02 -2.391393762081861496e-03 2.154374617843179962e-03 9.999948144025552210e-01 9.213657975196838379e-01
9.999998211860727793e-01 -4.284126752387578969e-04 3.148155961667528733e-04 3.985496982932090759e-02 4.291060939777720240e-04 9.999974372976772052e-01 -2.205861828041544553e-03 -1.673777773976325989e-02 -3.138697938993573189e-04 2.205996642649366013e-03 9.999974966050650949e-01 9.349558949470520020e-01
9.999996423721491112e-01 -2.721774850082399702e-04 -7.998842068966333443e-04 4.242540150880813599e-02 2.704232823704591504e-04 9.999975557351763467e-01 -2.192362481844365406e-03 -1.665473729372024536e-02 8.004789706319570541e-04 2.192145491496877430e-03 9.999973177916956502e-01 9.578951001167297363e-01
9.999996423721313477e-01 -2.316872335872846665e-04 -8.225919238193457952e-04 4.480646550655364990e-02 2.299932871782650601e-04 9.999978538430970287e-01 -2.058779130575954727e-03 -1.655408553779125214e-02 8.230671519413590431e-04 2.058589094785512330e-03 9.999974966056868197e-01 9.774493575096130371e-01
9.999998211860656738e-01 -1.507299762187714015e-04 -6.290815025380126985e-04 4.761908575892448425e-02 1.494443591746295874e-04 9.999979136452620265e-01 -2.043192735278364335e-03 -1.625977084040641785e-02 6.293881451711058617e-04 2.043098311615226814e-03 9.999977350238715701e-01 9.884259700775146484e-01
9.999998211860727793e-01 -2.813333998213779215e-04 -5.445798002505863964e-04 4.817881062626838684e-02 2.805251526579038979e-04 9.999988672850044225e-01 -1.483675385066108828e-03 -1.588428020477294922e-02 5.449965829029679298e-04 1.483522411537457897e-03 9.999988079072323899e-01 9.858990311622619629e-01
9.999997019767903339e-01 -3.176677720526463076e-04 -7.049303678784707297e-04 4.970292747020721436e-02 3.167061777070157014e-04 9.999989864164809950e-01 -1.363806336886817013e-03 -1.597703620791435242e-02 7.053629378788173199e-04 1.363582700419002647e-03 9.999988079073318659e-01 9.910209178924560547e-01
9.999996423721491112e-01 -3.504488455241358438e-04 -7.910780424385375651e-04 5.151661857962608337e-02 3.495286923374842092e-04 9.999992844226380795e-01 -1.163000099021247770e-03 -1.661943271756172180e-02 7.914850139059126377e-04 1.162723175183379143e-03 9.999990463258789930e-01 1.015912652015686035e+00
9.999996423721491112e-01 -2.551249336277189913e-04 -7.985813744638566546e-04 5.224964395165443420e-02 2.541485416446276346e-04 9.999991652868398528e-01 -1.222536369626780984e-03 -1.662238687276840210e-02 7.988926954567432404e-04 1.222333040883122335e-03 9.999989271166249694e-01 1.009937405586242676e+00
9.999994635581970215e-01 -1.610381639212122283e-04 -1.024201973714799953e-03 5.466817691922187805e-02 1.596863456262420655e-04 9.999991057144521633e-01 -1.319821363176453422e-03 -1.746149174869060516e-02 1.024413621053099632e-03 1.319657070447802227e-03 9.999985694890050070e-01 1.039854049682617188e+00
9.999986886978895484e-01 -2.777945633135909132e-04 -1.569117307853011177e-03 5.595833435654640198e-02 2.760949464774946349e-04 9.999993438797367684e-01 -1.083278392558844174e-03 -1.774470508098602295e-02 1.569417305290699005e-03 1.082843793235831187e-03 9.999981522567580328e-01 1.054284214973449707e+00
9.999986886978895484e-01 -4.002935757593576956e-04 -1.583276538809415051e-03 5.693503469228744507e-02 3.986635959664884543e-04 9.999994033038834829e-01 -1.029681857496819166e-03 -1.752607338130474091e-02 1.583687728270888329e-03 1.029049271676733823e-03 9.999982118613282012e-01 1.052331447601318359e+00
9.999992251396960796e-01 -5.374635820283230666e-04 -1.158282818622068415e-03 5.960192531347274780e-02 5.363489011396896378e-04 9.999994033558021744e-01 -9.624661573776293038e-04 -1.817275956273078918e-02 1.158799394033849239e-03 9.618441205111287473e-04 9.999988675120619064e-01 1.081907987594604492e+00
9.999994635582609703e-01 -5.821788969909778410e-04 -8.539711093459310997e-04 5.930006876587867737e-02 5.817104495345684634e-04 9.999996420997229185e-01 -5.487220971050831659e-04 -1.820824667811393738e-02 8.542903233319520950e-04 5.482250493778900724e-04 9.999994635582609703e-01 1.082153439521789551e+00
9.999991059303781071e-01 -4.139301239955635618e-04 -1.286581173179338457e-03 6.289666146039962769e-02 4.127849872637007200e-04 9.999995226902420598e-01 -8.902047766803929769e-04 -1.883393153548240662e-02 1.286949031054973602e-03 8.896728538465292768e-04 9.999987483028078827e-01 1.124688625335693359e+00
9.999971985816955566e-01 -1.869456781794568128e-04 -2.372826635249782219e-03 6.606090068817138672e-02 1.834096720462301267e-04 9.999988668632658895e-01 -1.490341356837755369e-03 -1.950223557651042938e-02 2.373102586716413498e-03 1.489901932293952180e-03 9.999960660966173975e-01 1.148029208183288574e+00
9.999933242797851562e-01 -6.529526927668747281e-05 -3.648960649550131267e-03 6.959828734397888184e-02 5.775226608756289792e-05 9.999978537971747627e-01 -2.067231838310075540e-03 -1.901981607079505920e-02 3.649087855592370033e-03 2.067007295408096468e-03 9.999911785268977837e-01 1.157185673713684082e+00
9.999935030937194824e-01 -1.230970819297006716e-04 -3.601703901106020032e-03 7.193943113088607788e-02 1.140709074551049529e-04 9.999968399242397110e-01 -2.506182933515081670e-03 -1.775534078478813171e-02 3.602001117542386055e-03 2.505755768841308462e-03 9.999903440680704136e-01 1.120938181877136230e+00
9.999973177909851074e-01 -1.088606167009379408e-04 -2.315483170375266103e-03 7.595940679311752319e-02 1.034108709319428443e-04 9.999972576227752485e-01 -2.353598951397172998e-03 -1.859900727868080139e-02 2.315732883289456367e-03 2.353353167255128886e-03 9.999945759846795568e-01 1.145112991333007812e+00
9.999994635582467595e-01 -5.121592002881697166e-04 -9.083207221743645841e-04 7.631853967905044556e-02 5.108188685523824824e-04 9.999988072223942037e-01 -1.475223272416126231e-03 -1.913293078541755676e-02 9.090751409530639648e-04 1.474758460473207800e-03 9.999985098843282572e-01 1.132900118827819824e+00
9.999996423721633221e-01 -6.022127746892735325e-04 -5.928052268126820937e-04 7.484566420316696167e-02 6.016040658503758742e-04 9.999992843780273200e-01 -1.026478372298798717e-03 -1.861413009464740753e-02 5.934229702688753605e-04 1.026121366754791098e-03 9.999992847443586186e-01 1.099014401435852051e+00
9.999995231628666659e-01 -4.094044383447325132e-04 -9.298668791164665850e-04 7.424428313970565796e-02 4.085494479814273661e-04 9.999995228135606373e-01 -9.194845491678209533e-04 -1.840082369744777679e-02 9.302428225055336952e-04 9.191041702787949852e-04 9.999991655351472275e-01 1.080656766891479492e+00
9.999991059303283691e-01 -1.703989180567837421e-04 -1.315754999656956964e-03 7.614910602569580078e-02 1.686259295036671157e-04 9.999991056313562998e-01 -1.347494682190844475e-03 -1.883815973997116089e-02 1.315983361564576626e-03 1.347271568717563206e-03 9.999982118614560989e-01 1.076384305953979492e+00
9.999990463256835938e-01 -1.549550009170117698e-04 -1.392041970521534344e-03 8.015567809343338013e-02 1.528609133980007861e-04 9.999988671916406613e-01 -1.504310190861066774e-03 -2.006260864436626434e-02 1.392273465171456337e-03 1.504095932286508841e-03 9.999979138385128863e-01 1.109946608543395996e+00
9.999996423721597694e-01 -4.846849719377444628e-04 -6.575907323757087955e-04 8.365322649478912354e-02 4.840107586637290571e-04 9.999993440225749541e-01 -1.025042266890787129e-03 -2.124425768852233887e-02 6.580871413461863995e-04 1.024723623572559861e-03 9.999992251397458176e-01 1.154008030891418457e+00
9.999962449085941785e-01 -8.661445901597660067e-04 2.617265793427089350e-03 8.604800701141357422e-02 8.664876469805134207e-04 9.999996426719377496e-01 -1.299372961576579131e-04 -2.220884338021278381e-02 -2.617152174934744835e-03 1.322046320101841199e-04 9.999966025352478027e-01 1.187147974967956543e+00
9.999931454674282350e-01 -7.227213937462860721e-04 3.637001030300545442e-03 8.766381442546844482e-02 7.226887307924118042e-04 9.999997615612711277e-01 1.029450520896222319e-05 -2.261174656450748444e-02 -3.637007437646389008e-03 -7.666014638051110719e-06 9.999933838844299316e-01 1.200608730316162109e+00
9.999996423721491112e-01 -2.788537334062567001e-04 7.504208070865147143e-04 8.893348276615142822e-02 2.789117612393664236e-04 9.999999404115630375e-01 -7.723075430047500413e-05 -2.219753339886665344e-02 -7.503992528654634953e-04 7.744003107695157651e-05 9.999997019767761230e-01 1.219505190849304199e+00
9.999989867210388184e-01 8.785563304416246473e-05 -1.413995407770291196e-03 9.085586667060852051e-02 -8.931985620399748860e-05 9.999994636889851796e-01 -1.035492888123305637e-03 -2.112914435565471649e-02 1.413903664797544479e-03 1.035618128484426526e-03 9.999984502797794050e-01 1.213589668273925781e+00
9.999976158142089844e-01 1.733525794280308546e-04 -2.172721947772174832e-03 9.252770245075225830e-02 -1.769357915439584428e-04 9.999986297272018820e-01 -1.649098609060288849e-03 -1.967000216245651245e-02 2.172433072701096535e-03 1.649479057941161120e-03 9.999962449106476470e-01 1.196303367614746094e+00
9.999986886978149414e-01 5.961444193886152564e-05 -1.633482364630237799e-03 9.624402225017547607e-02 -6.264067422767638504e-05 9.999982716548653228e-01 -1.852636355703832227e-03 -1.991457864642143250e-02 1.633369131013751030e-03 1.852736241504504555e-03 9.999969601653830864e-01 1.211717486381530762e+00
9.999998211860656738e-01 -1.330455951542819338e-04 -6.188775961334902183e-04 9.669722616672515869e-02 1.321912041113565417e-04 9.999990462127270607e-01 -1.380388386473711294e-03 -2.043161541223526001e-02 6.190606509335339069e-04 1.380306305346211404e-03 9.999988675119197978e-01 1.217526197433471680e+00
9.999998807907140019e-01 -3.536170163473296036e-04 2.959300283881024368e-04 9.528287500143051147e-02 3.539015677294678197e-04 9.999994636588763752e-01 -9.620525429136369232e-04 -2.039618417620658875e-02 -2.955896779894828796e-04 9.621571525204354602e-04 9.999994635582254432e-01 1.194908618927001953e+00
9.999998211860727793e-01 -4.531929016459942429e-04 2.530462475729926947e-04 9.560974687337875366e-02 4.534026977906242123e-04 9.999995232579452775e-01 -8.296669782504369900e-04 -2.009336464107036591e-02 -2.526701427996158600e-04 8.297815889995313610e-04 9.999995827675078885e-01 1.192221403121948242e+00
9.999999403953552246e-01 -4.200828496845786177e-04 1.771540225682414972e-04 9.503105282783508301e-02 4.202494164928793907e-04 9.999995232327926198e-01 -9.412748547172414011e-04 -1.960497163236141205e-02 -1.767585054039955139e-04 9.413491934537887573e-04 9.999995827674865723e-01 1.172521948814392090e+00
9.999994635582609703e-01 -6.315941863652068744e-04 8.466222797044605473e-04 9.469147026538848877e-02 6.322678594934336149e-04 9.999995235888610168e-01 -7.957012724349048259e-04 -1.936839148402214050e-02 -8.461192483082413673e-04 7.962361040946344670e-04 9.999993443490140521e-01 1.162815451622009277e+00
9.999998211860656738e-01 -5.807533191576152000e-04 -3.563612711904641810e-05 9.672320634126663208e-02 5.807136767543852329e-04 9.999992251165026325e-01 -1.102353476858556041e-03 -1.930846273899078369e-02 3.627629484981298447e-05 1.102332607842981815e-03 9.999994039535522461e-01 1.168531775474548340e+00
9.999982714654009897e-01 -3.902572460469776877e-04 -1.815532495964288211e-03 1.001600027084350586e-01 3.872816390266126119e-04 9.999985683362518918e-01 -1.639036934106578511e-03 -1.900635287165641785e-02 1.816169591620564461e-03 1.638330928148773458e-03 9.999969601654044027e-01 1.176009535789489746e+00
9.999799728405456278e-01 -3.058925979016780829e-04 -6.319939690455673650e-03 1.025639846920967102e-01 2.929604088919360305e-04 9.999978504457519568e-01 -2.047076469219527486e-03 -1.875297538936138153e-02 6.320552434772253036e-03 2.045184048245135555e-03 9.999779463230886734e-01 1.197074294090270996e+00
9.999767541899196033e-01 -3.602237053951721341e-04 -6.805545532668590310e-03 1.070668548345565796e-01 3.424495567364189974e-04 9.999965368462354620e-01 -2.612698716414337680e-03 -1.798634789884090424e-02 6.806463003158569336e-03 2.610307431108668808e-03 9.999734164072044962e-01 1.211154460906982422e+00
9.999923706059199446e-01 -3.813681477208116961e-04 -3.884346836416555700e-03 1.133369579911231995e-01 3.709142773281152994e-04 9.999963006352624584e-01 -2.691645865317183247e-03 -1.807855442166328430e-02 3.885359037667512894e-03 2.690184520571209381e-03 9.999887943543050994e-01 1.219381213188171387e+00
9.999997019767974393e-01 -5.184869028055751668e-04 -6.216978389739839751e-04 1.176296472549438477e-01 5.170258467374552747e-04 9.999971382212885507e-01 -2.347969692587137912e-03 -1.927349902689456940e-02 6.229134160093963146e-04 2.347647491145507526e-03 9.999970793728962803e-01 1.226273179054260254e+00
9.999997615814351093e-01 -5.060146380662690346e-04 4.993361828636898661e-04 1.206162422895431519e-01 5.070769671296146419e-04 9.999976163526099748e-01 -2.129652716129600606e-03 -2.028398774564266205e-02 -4.982573445886373520e-04 2.129905370410606347e-03 9.999976158144789906e-01 1.229409098625183105e+00
9.999995231628844294e-01 -5.127604064317162072e-04 8.449308208117022739e-04 1.234246492385864258e-01 5.144306830675779429e-04 9.999979146964833587e-01 -1.977785115918638537e-03 -2.077269740402698517e-02 -8.439149241894483566e-04 1.978218779306595287e-03 9.999976754195571971e-01 1.227597236633300781e+00
9.999987483026515633e-01 -6.428048682717113320e-04 1.475566401094985120e-03 1.254955679178237915e-01 6.452489240769687662e-04 9.999984518563832525e-01 -1.656467890048353387e-03 -2.105255424976348877e-02 -1.474499236792325974e-03 1.657417826962298557e-03 9.999975562110350324e-01 1.231925368309020996e+00
9.999998211860727793e-01 -4.621883585416551739e-04 -3.894775181112975155e-04 1.253170669078826904e-01 4.615160303311164475e-04 9.999983903641737060e-01 -1.724580003794230418e-03 -2.050904929637908936e-02 3.902739845216274261e-04 1.724399989134067779e-03 9.999984502793246577e-01 1.212730884552001953e+00
9.999954104423522949e-01 -1.934394877856559451e-04 -3.023560966110810499e-03 1.253496706485748291e-01 1.886304890966819525e-04 9.999987473954505823e-01 -1.590710675295276249e-03 -1.986449211835861206e-02 3.023864701390266418e-03 1.590132982273305406e-03 9.999941587505567497e-01 1.204678177833557129e+00
9.999961853027343750e-01 -1.629338084400462779e-04 -2.751400028023943175e-03 1.272387802600860596e-01 1.582023764500339880e-04 9.999985091354121058e-01 -1.719774374930608998e-03 -1.951520517468452454e-02 2.751676132902503014e-03 1.719332493457237376e-03 9.999946951922993321e-01 1.198297858238220215e+00
9.999979734420776367e-01 -1.521601070472671348e-04 -2.003988658168376520e-03 1.305744946002960205e-01 1.486538574365439680e-04 9.999984497580277631e-01 -1.749668303446646729e-03 -1.954447105526924133e-02 2.004251815378665924e-03 1.749366818340578056e-03 9.999964237244540755e-01 1.205507516860961914e+00
9.999991655349731445e-01 -1.596289141258338228e-04 -1.314318810260877140e-03 1.331836879253387451e-01 1.577004871333442804e-04 9.999989268122739805e-01 -1.467220571311016707e-03 -1.997305452823638916e-02 1.314551569521427155e-03 1.467012041766302399e-03 9.999980926522624713e-01 1.216201424598693848e+00
9.999995231628417969e-01 -5.244529876461941163e-05 -1.006294807613649159e-03 1.352400332689285278e-01 5.128540679985582607e-05 9.999993442894213880e-01 -1.152628606376880074e-03 -2.056927978992462158e-02 1.006354577839374542e-03 1.152576445490660628e-03 9.999988675120619064e-01 1.229946851730346680e+00
9.999992251396179199e-01 -1.208949633754277561e-04 -1.225227830226419037e-03 1.359456330537796021e-01 1.196352769279596107e-04 9.999994634074973465e-01 -1.028143829202582057e-03 -2.066603675484657288e-02 1.225351472385227680e-03 1.027996437350568726e-03 9.999986886982306089e-01 1.226292252540588379e+00
9.999992847442626953e-01 -1.008846526781393771e-04 -1.207763825047835108e-03 1.337647736072540283e-01 9.983101471301714103e-05 9.999996422669490403e-01 -8.724152324123496480e-04 -2.056466042995452881e-02 1.207851339131593704e-03 8.722940274306645314e-04 9.999989271166498384e-01 1.200222611427307129e+00
9.999998807907140019e-01 -3.962763022432435472e-04 -3.897239929684682145e-04 1.293684989213943481e-01 3.960372760459900110e-04 9.999997614867495166e-01 -6.132152429387938272e-04 -2.015668898820877075e-02 3.899668809026479721e-04 6.130608015359438612e-04 9.999997615814315566e-01 1.158848524093627930e+00
9.999979734425039624e-01 -6.718335346297164097e-04 1.904839691186834948e-03 1.275157034397125244e-01 6.729809291421487427e-04 9.999995835404342781e-01 -6.017726814688032465e-04 -2.032518386840820312e-02 -1.904434640891849995e-03 6.030533971594712050e-04 9.999980330470421563e-01 1.125949025154113770e+00
9.999994039536410639e-01 -7.447855560451699559e-04 7.772363602768154849e-04 1.259102970361709595e-01 7.454673284202663341e-04 9.999993448572203070e-01 -8.772775641549057169e-04 -2.025268040597438812e-02 -7.765824557282030582e-04 8.778564809689692883e-04 9.999993443490140521e-01 1.102182507514953613e+00
9.999994635582467595e-01 -4.609151074034065361e-04 -8.953081959229185552e-04 1.304534822702407837e-01 4.595120091815795699e-04 9.999986284484023713e-01 -1.566746525915608526e-03 -2.016508951783180237e-02 8.960291743278503418e-04 1.566334323288808006e-03 9.999983310704685380e-01 1.122288942337036133e+00
9.999947547915688517e-01 -4.114317410008896340e-04 -3.214887950764403445e-03 1.333597004413604736e-01 4.061253752393502447e-04 9.999985673341752479e-01 -1.651037947601927212e-03 -1.967731118202209473e-02 3.215562552213668823e-03 1.649723564546144716e-03 9.999934434961836871e-01 1.129620671272277832e+00
9.999912381177367138e-01 -4.017658108883068050e-04 -4.172008393782744747e-03 1.379806399345397949e-01 3.938212828728457349e-04 9.999981491284393176e-01 -1.904890659281093706e-03 -1.959612593054771423e-02 4.172765649855136871e-03 1.903230874851294385e-03 9.999895095980804172e-01 1.147449374198913574e+00
9.999979734423050104e-01 -5.217094744178617412e-04 -1.960151422788468118e-03 1.375461816787719727e-01 5.190842779477788937e-04 9.999989853587174515e-01 -1.339556167872906758e-03 -1.970782876014709473e-02 1.960848225280642509e-03 1.338535927863038211e-03 9.999971985834008592e-01 1.143001914024353027e+00
9.999996423721313477e-01 -8.728877781334137484e-04 2.065131814561283006e-04 1.353069543838500977e-01 8.729888941161334515e-04 9.999995232510667797e-01 -4.899660215172555247e-04 -1.966803520917892456e-02 -2.060853876173496246e-04 4.901461070403456688e-04 9.999998807907104492e-01 1.129029631614685059e+00
9.999995827674865723e-01 -9.154679164651580983e-04 6.347600533807020947e-05 1.345840543508529663e-01 9.154718718491494656e-04 9.999995827711075647e-01 -6.231107514961630031e-05 -1.983278989791870117e-02 -6.341893458738923073e-05 6.236915942281484604e-05 1.000000000000000000e+00 1.127719402313232422e+00
9.999996423721313477e-01 -8.778421450649792233e-04 -2.114130777995605799e-04 1.322178691625595093e-01 8.778938208706676960e-04 9.999995828128278585e-01 2.442455838940704401e-04 -1.958788558840751648e-02 2.111985813826322556e-04 -2.444310812279582024e-04 9.999999403953552246e-01 1.112617850303649902e+00
9.999995827675220994e-01 -7.420488358453857783e-04 -4.922413479618453509e-04 1.303159594535827637e-01 7.423559715770411405e-04 9.999995233908663961e-01 6.240863512297469343e-04 -1.929250359535217285e-02 4.917780170217156410e-04 -6.244515372162626199e-04 9.999997019767974393e-01 1.107999324798583984e+00
9.999992847443337496e-01 -5.449064790928518200e-04 -1.113378389304010407e-03 1.285926103591918945e-01 5.455130835728891348e-04 9.999997619124879611e-01 5.446042199267475681e-04 -1.917929947376251221e-02 1.113081234507262707e-03 -5.452111606156911927e-04 9.999992847443337496e-01 1.101757049560546875e+00
9.999982714653015137e-01 -1.964883770674972141e-04 -1.843547440506301642e-03 1.270740330219268799e-01 1.979437145551952992e-04 9.999997022649075307e-01 7.892777367032300078e-04 -1.973853446543216705e-02 1.843391684815287590e-03 -7.896412600980028118e-04 9.999979734425927802e-01 1.104027271270751953e+00
9.999991059303781071e-01 -3.064824584452925898e-04 -1.276067978392232769e-03 1.213810294866561890e-01 3.078250788976430452e-04 9.999994043669050425e-01 1.052100111182128431e-03 -1.944524608552455902e-02 1.275744754821062088e-03 -1.052492001993934889e-03 9.999986290936178079e-01 1.067923188209533691e+00
9.999995827675078885e-01 -3.070521167779102995e-04 -8.633178981220467323e-04 1.161533370614051819e-01 3.082277897191107452e-04 9.999989870834142813e-01 1.361990073229351825e-03 -1.926434598863124847e-02 8.628988871350884438e-04 -1.362255636503592604e-03 9.999986886981560019e-01 1.040812492370605469e+00
9.999998807907140019e-01 -3.254713435380268845e-04 -3.558448024916704088e-04 1.092701181769371033e-01 3.261055486549098437e-04 9.999983312766952404e-01 1.783628821672281206e-03 -1.908359490334987640e-02 3.552637062966823578e-04 -1.783744674958599730e-03 9.999983310700422123e-01 1.003411293029785156e+00
9.999999403953552246e-01 -3.916202180474951744e-04 -3.690060247488056766e-05 1.028711348772048950e-01 3.916974528692662716e-04 9.999976754488939523e-01 2.116541791237813545e-03 -1.895569264888763428e-02 3.607163671404123306e-05 -2.116556046530604362e-03 9.999977350234985352e-01 9.708967804908752441e-01
9.999998807907140019e-01 -3.654914596208025867e-04 -3.514270964995579324e-04 1.004359200596809387e-01 3.660816946726014320e-04 9.999985100998564080e-01 1.680922458235535513e-03 -1.855282858014106750e-02 3.508122172206640244e-04 -1.681050883990467537e-03 9.999985098839658804e-01 9.562766551971435547e-01
9.999996423721313477e-01 -4.103352272057212043e-05 -8.474073411543124818e-04 9.618957340717315674e-02 4.227818806205874136e-05 9.999989271690149506e-01 1.468826815505875618e-03 -1.779037714004516602e-02 8.473461493849754333e-04 -1.468862114433894250e-03 9.999985694889090837e-01 9.280435442924499512e-01
9.999993443489074707e-01 -7.963544610642056803e-05 -1.150641810252031258e-03 9.122849255800247192e-02 8.134957657182639856e-05 9.999988676511899488e-01 1.489744758000860958e-03 -1.758669875562191010e-02 1.150521915405988693e-03 -1.489837375612743098e-03 9.999982118613992554e-01 8.964368700981140137e-01
9.999985098838806152e-01 5.711577001798302192e-05 -1.710530525351217860e-03 9.166613966226577759e-02 -5.368094575624801634e-05 9.999979732576912417e-01 2.008024231012882615e-03 -1.794826611876487732e-02 1.710641779936850071e-03 -2.007929410141107152e-03 9.999964833289780586e-01 9.221188426017761230e-01
9.999992847442626953e-01 1.170256186331634527e-04 -1.213786736255032753e-03 9.101537615060806274e-02 -1.148201169614559980e-04 9.999983308166975338e-01 1.816956484827603842e-03 -1.779379323124885559e-02 1.213997369632124901e-03 -1.816815794151716013e-03 9.999976158154026962e-01 9.302674531936645508e-01
9.999996423721313477e-01 -6.701576435877405020e-05 -8.414801569449658399e-04 8.487281203269958496e-02 6.867558567651144141e-05 9.999980331607040140e-01 1.972626624021999332e-03 -1.686157844960689545e-02 8.413463365286588669e-04 -1.972683698394511742e-03 9.999976754195571971e-01 8.911195397377014160e-01
1.000000000000000000e+00 -2.251378049890837832e-04 -1.834378257510420329e-05 7.607483863830566406e-02 2.251751720905303955e-04 9.999978542410934423e-01 2.062936478436566863e-03 -1.585997641086578369e-02 1.787929795682430267e-05 -2.062940504401922226e-03 9.999978542327880859e-01 8.186178207397460938e-01
9.999986886978895484e-01 -3.303696938069121576e-04 1.587537161050832802e-03 6.721497327089309692e-02 3.270505093443815126e-04 9.999977339379856334e-01 2.090587140023370590e-03 -1.521866396069526672e-02 -1.588224316947162151e-03 -2.090065219391909479e-03 9.999965429333634859e-01 7.378107905387878418e-01
9.999984502792358398e-01 -2.341916070579840893e-04 1.747338117128981183e-03 5.774655565619468689e-02 2.308887693104264005e-04 9.999982110980547567e-01 1.890170783779978464e-03 -1.447341497987508774e-02 -1.747777569107711315e-03 -1.889764313052696987e-03 9.999966621426636948e-01 6.483958363533020020e-01
9.999992847442626953e-01 -1.825546138281824299e-04 1.200645817957923800e-03 4.894703999161720276e-02 1.798643666450563949e-04 9.999974961209816549e-01 2.240393269974561181e-03 -1.404818519949913025e-02 -1.201051753014326096e-03 -2.240175641648356475e-03 9.999967813509726966e-01 5.899141430854797363e-01
9.999998211860656738e-01 7.376017643435123119e-05 5.731223889503648822e-04 4.361632466316223145e-02 -7.475579450548150429e-05 9.999985099583015291e-01 1.737359568278008370e-03 -1.414613146334886551e-02 -5.729933618567883968e-04 -1.737402092124092079e-03 9.999983310702127426e-01 5.453438758850097656e-01
1.000000000000000000e+00 2.274308983152176862e-04 -2.503150839886327580e-05 4.060845822095870972e-02 -2.274005673825740814e-04 9.999992847373284643e-01 1.205021449214333830e-03 -1.414413563907146454e-02 2.530554775148630142e-05 -1.205015694722533226e-03 9.999992847442626953e-01 5.144923925399780273e-01
9.999997019767903339e-01 3.073655433607837576e-04 -7.166090185120031243e-04 4.022685810923576355e-02 -3.072879475860545995e-04 9.999999403715335022e-01 1.083948395876981313e-04 -1.407927926629781723e-02 7.166423019953072071e-04 -1.081746046499298952e-04 9.999997615814208984e-01 4.927551150321960449e-01
9.999995827674865723e-01 7.888561614144449315e-05 -9.195873005590997741e-04 4.277438297867774963e-02 -8.018555964981605166e-05 9.999989868252717740e-01 -1.413663345908848989e-03 -1.404327619820833206e-02 9.194748708978295326e-04 1.413736484614937228e-03 9.999985694889481636e-01 4.806708097457885742e-01
9.999991059303283691e-01 -2.417236848294258638e-04 -1.358407578642994041e-03 4.702464863657951355e-02 2.375640528633309045e-04 9.999952902446674896e-01 -3.061475178000716297e-03 -1.403752714395523071e-02 1.359141198918223381e-03 3.061149559257361763e-03 9.999943971676010790e-01 4.730403423309326172e-01
9.999986886980174461e-01 -5.529871480209431686e-04 -1.487879825869077447e-03 5.125994980335235596e-02 5.466663490542832127e-04 9.999908174285900841e-01 -4.245239218397333682e-03 -1.426814869046211243e-02 1.490213791839778423e-03 4.244420527274528343e-03 9.999898672205809191e-01 4.663198888301849365e-01
9.999991059305273211e-01 -8.994152104036129153e-04 -9.505428810822022815e-04 5.895506590604782104e-02 8.931628942493163859e-04 9.999780598985738012e-01 -6.557709328282222694e-03 -1.444428041577339172e-02 9.564202046021819115e-04 6.556854716398552441e-03 9.999780058963381180e-01 4.547718167304992676e-01
9.999990463257368845e-01 -1.339252753968309421e-03 -2.845492016472331884e-04 6.720192730426788330e-02 1.336625813931173468e-03 9.999582732010844355e-01 -9.039637674861723468e-03 -1.504315435886383057e-02 2.966436732094734907e-04 9.039248732373161843e-03 9.999591112161176909e-01 4.312507808208465576e-01
9.999988079071719937e-01 -1.511842929988827921e-03 2.955145127706338185e-04 7.553276419639587402e-02 1.515032051166466387e-03 9.999371814644337775e-01 -1.110725210898725820e-02 -1.589956134557723999e-02 -2.787035191431641579e-04 1.110768624498326140e-02 9.999382495916897540e-01 4.105606973171234131e-01
9.999973773973174218e-01 -1.478304314866330004e-03 1.746189449469791235e-03 8.765451610088348389e-02 1.504581857161076119e-03 9.998841679809442606e-01 -1.514428515541285658e-02 -1.613237150013446808e-02 -1.723599387332797050e-03 1.514687274113996063e-02 9.998837711136623341e-01 3.704091608524322510e-01
9.999926090295190306e-01 -1.227001981252372241e-03 3.641862101356834434e-03 1.076151952147483826e-01 1.306018028941743903e-03 9.997621016551112572e-01 -2.177414042649732789e-02 -1.564474590122699738e-02 -3.614278510212898254e-03 2.177873503109450937e-02 9.997562781625006778e-01 3.298428952693939209e-01
9.999918341685898326e-01 -1.045275676069501187e-03 3.912524406858276793e-03 1.266368627548217773e-01 1.154650877067259218e-03 9.996056624952527336e-01 -2.805809084483026905e-02 -1.453722640872001648e-02 -3.881652839481830597e-03 2.806237871132655215e-02 9.995986848842974837e-01 2.884002327919006348e-01
9.999958276776510502e-01 -1.189447865831104022e-03 2.628788454464586147e-03 1.460113227367401123e-01 1.273765750050837031e-03 9.994770762376883333e-01 -3.230937565087049768e-02 -1.371908187866210938e-02 -2.588983625173568726e-03 3.231259080701320840e-02 9.994744675900335551e-01 2.722831070423126221e-01
9.999985694890050070e-01 -9.780394236563534800e-04 1.379112941923672786e-03 1.590918898582458496e-01 1.025927034308357633e-03 9.993811141797107611e-01 -3.516131292911770651e-02 -1.219466980546712875e-02 -1.343870302662253380e-03 3.516267821546525951e-02 9.993807082936747577e-01 2.451532483100891113e-01
9.999988675120690118e-01 -9.735589984756501608e-04 1.134023145674778726e-03 1.694955974817276001e-01 1.014253334959483444e-03 9.993347339027970344e-01 -3.645498702731925916e-02 -1.158859953284263611e-02 -1.097777741961181164e-03 3.645609753959222488e-02 9.993346337466064710e-01 2.327871173620223999e-01
9.999982118614560989e-01 -1.270607849709527119e-03 1.369156133618467481e-03 1.909161806106567383e-01 1.321240893199675248e-03 9.992905326052353709e-01 -3.763789314009226977e-02 -1.185785233974456787e-02 -1.320361858233809471e-03 3.763963642149859012e-02 9.992904669421669439e-01 2.638548910617828369e-01
9.999985694890227705e-01 -1.246884865764760850e-03 1.159487888237676831e-03 2.116923034191131592e-01 1.291157490255975815e-03 9.992383687749152310e-01 -3.900032805959016691e-02 -1.189848594367504120e-02 -1.109975855797529221e-03 3.900176942241628808e-02 9.992385511164982859e-01 2.818936407566070557e-01
9.999989867212946137e-01 -9.718595976303353494e-04 1.044581169278124659e-03 2.095493823289871216e-01 1.013401528949076091e-03 9.991776764120811061e-01 -4.053305155319317232e-02 -1.143641397356987000e-02 -1.004329766146838665e-03 4.053407092257010902e-02 9.991776947125572406e-01 2.309532016515731812e-01
9.999992847443870403e-01 -7.514079629092970539e-04 9.151948730189812505e-04 2.180252820253372192e-01 7.895230281106530024e-04 9.991010725481453969e-01 -4.238441116576733420e-02 -1.075331307947635651e-02 -8.825241820886731148e-04 4.238510226036074080e-02 9.991009239131578568e-01 2.191620916128158569e-01
9.999994635582680758e-01 -6.588576062546034826e-04 7.678337839655128335e-04 2.187000513076782227e-01 6.925600146695312653e-04 9.989978902068090694e-01 -4.475231897677887233e-02 -1.008223183453083038e-02 -7.375788991339504719e-04 4.475282661532165029e-02 9.989978078013344032e-01 1.903200596570968628e-01
9.999995231628950876e-01 -7.695436497260422018e-04 6.760417716019415752e-04 2.189124971628189087e-01 8.004669531344599243e-04 9.988945966324493941e-01 -4.699930571125135459e-02 -1.008614245802164078e-02 -6.391264614649116993e-04 4.699982234838651074e-02 9.988946916648977492e-01 1.630743891000747681e-01
9.999989271166498384e-01 -1.145055896187883093e-03 8.854478548704921388e-04 2.277533411979675293e-01 1.185568324049562916e-03 9.988850231717641970e-01 -4.719408211378133683e-02 -1.046383380889892578e-02 -8.304207585752010345e-04 4.719508241590286701e-02 9.988853339365633133e-01 1.539954394102096558e-01
9.999977946292872844e-01 -1.201651690707900141e-03 1.701685960870570917e-03 2.302093207836151123e-01 1.283769016423651210e-03 9.987926931512798312e-01 -4.910740743478319431e-02 -1.159366127103567123e-02 -1.640621456317603588e-03 4.910948473097698219e-02 9.987920539230863426e-01 1.342354118824005127e-01
