0.000000000000000000e+00 0.000000000000000000e+00 0.000000000000000000e+00 0.000000000000000000e+00 0.000000000000000000e+00 0.000000000000000000e+00 0.000000000000000000e+00 0.000000000000000000e+00 0.000000000000000000e+00 0.000000000000000000e+00 0.000000000000000000e+00 0.000000000000000000e+00
9.999994464965650254e-01 -6.767425279363876740e-04 8.056215704273117940e-04 -4.702062346041202545e-03 6.771005188970204364e-04 9.999996721210616668e-01 -4.441763799862347086e-04 -2.267196029424667358e-02 -8.053207132347250724e-04 4.447216209164535339e-04 9.999995768405248731e-01 1.185252070426940918e+00
9.999984807590627245e-01 -1.562490501453050020e-03 7.727244005649600228e-04 -6.571156205609440804e-03 1.563109228922250757e-03 9.999984577397411645e-01 -8.007544426232396937e-04 -4.413546249270439148e-02 -7.714720376122309728e-04 8.019610787262462402e-04 9.999993808444699317e-01 2.360341548919677734e+00
9.999970670839948284e-01 -2.370161364954325410e-03 4.981551087160827028e-04 -6.131405069027096033e-03 2.370944413082826455e-03 9.999959454788948099e-01 -1.577228062534329891e-03 -6.564486958086490631e-02 -4.944148039181401602e-04 1.578404534728760668e-03 9.999986320956276709e-01 3.533539295196533203e+00
9.999945170875644829e-01 -3.301590510860742244e-03 2.555286818328505799e-04 -4.006959556136280298e-03 3.302235864108618146e-03 9.999912509158879192e-01 -2.567748035832973213e-03 -8.714232407510280609e-02 -2.470487936415326842e-04 2.568577773072793554e-03 9.999966706820164752e-01 4.722185373306274414e+00
9.999907709881296070e-01 -4.294286176947776333e-03 -1.305557218038688445e-04 -8.496891823597252369e-04 4.293799723114386131e-03 9.999845782383024462e-01 -3.522296055419303542e-03 -1.076300740242004395e-01 1.456794556665437349e-04 3.521702967985064752e-03 9.999937881735573297e-01 5.881067276000976562e+00
9.999867521788426972e-01 -5.137844650822280534e-03 -3.130801075048586166e-04 5.544698506128042936e-03 5.136244870300041114e-03 9.999747421034673733e-01 -4.912651395734169910e-03 -1.281000953167676926e-01 3.383126394548243332e-04 4.910978257710906306e-03 9.999878838451544683e-01 7.041553616523742676e+00
9.999826598310561643e-01 -5.840558949617874820e-03 -7.535969494011765307e-04 1.436958339763805270e-02 5.835696916995143473e-03 9.999631250244960246e-01 -6.300256561219444787e-03 -1.474962104111909866e-01 7.903661803756464139e-04 6.295749550312006691e-03 9.999798692268262457e-01 8.160972356796264648e+00
9.999776591233674461e-01 -6.439985542713238566e-03 -1.791044488555063692e-03 2.436823275638744235e-02 6.426739007901242917e-03 9.999526591122057662e-01 -7.305926371993293721e-03 -1.663522720336914062e-01 1.838009759130660933e-03 7.294252575714047816e-03 9.999717073995079142e-01 9.247976064682006836e+00
9.999707901418160017e-01 -7.098449751888401098e-03 -2.833879720829860730e-03 3.335139964474365115e-02 7.075878441508101635e-03 9.999437836484931230e-01 -7.896928961100479691e-03 -1.848148684948682785e-01 2.889776363875950355e-03 7.876646104502988896e-03 9.999648031999481823e-01 1.030513095855712891e+01
9.999611946930284656e-01 -7.954910238055190944e-03 -3.785301995327006608e-03 3.967936075059697032e-02 7.926922046477696132e-03 9.999415517539784748e-01 -7.352345388699325912e-03 -2.026050928980112076e-01 3.843567998671000487e-03 7.322054284840223172e-03 9.999658066684528057e-01 1.132663822174072266e+01
9.999512767097201715e-01 -8.694156697231024411e-03 -4.675023628255134921e-03 4.420272744027897716e-02 8.662376284052836217e-03 9.999395245434181678e-01 -6.775728226287565902e-03 -2.207051552832126617e-01 4.733650147003879392e-03 6.734901276709555178e-03 9.999661162564853489e-01 1.235707485675811768e+01
9.999405295507370894e-01 -9.320091448598299966e-03 -5.663325629107530262e-03 4.786717233946546912e-02 9.284792554357429797e-03 9.999375032306783151e-01 -6.227540447048304784e-03 -2.387211751192808151e-01 5.721012936018430445e-03 6.174587288786077127e-03 9.999645716138142459e-01 1.338690114021301270e+01
9.999288642890739043e-01 -9.977402105392614573e-03 -6.535886228370355044e-03 5.164186184993013740e-02 9.939031093808876546e-03 9.999333347113195103e-01 -5.877226728356574857e-03 -2.570220585912466049e-01 6.594089965961532143e-03 5.811848271205608853e-03 9.999613694524371876e-01 1.443968534469604492e+01
9.999148050925779074e-01 -1.092846077833556362e-02 -7.138018050436339447e-03 5.512108671246096492e-02 1.088951821840565895e-02 9.999257354611768012e-01 -5.471924286357871849e-03 -2.757924664765596390e-01 7.197287658763196032e-03 5.393728528671339756e-03 9.999595525534600293e-01 1.551334238052368164e+01
9.998955638486353159e-01 -1.189479106716939336e-02 -8.208248369059418029e-03 6.049044540850445628e-02 1.184893231709779199e-02 9.999140442190815881e-01 -5.613107551571348483e-03 -2.946498170495033264e-01 8.274309564224374344e-03 5.515262360854551911e-03 9.999505576188887357e-01 1.662468743324279785e+01
9.998753403004843054e-01 -1.280818437278180739e-02 -9.233323998619334672e-03 6.588494795141741633e-02 1.275456041258078710e-02 9.999015834710339723e-01 -5.843334732892476249e-03 -3.139095678925514221e-01 9.307257795531339792e-03 5.724839315791182062e-03 9.999402988014514104e-01 1.775533592700958252e+01
9.998575489691527984e-01 -1.376960711190871808e-02 -9.761131562575646806e-03 7.107188989175483584e-02 1.371386716973144355e-02 9.998894015733156282e-01 -5.754517234991921547e-03 -3.335511181503534317e-01 9.839289438226711190e-03 5.619834636404332645e-03 9.999358008602403647e-01 1.891562950611114502e+01
9.998388816467939089e-01 -1.478078756345927065e-02 -1.018523766499108453e-02 7.641964376671239734e-02 1.472192851276306336e-02 9.998746312243641521e-01 -5.829807441659620552e-03 -3.540219645947217941e-01 1.027012989954650957e-02 5.678921811895610607e-03 9.999311347682402484e-01 2.011279797554016113e+01
9.998238385780401360e-01 -1.543305289613544108e-02 -1.068235411218476302e-02 8.201081462902948260e-02 1.536981316565909361e-02 9.998640128153717388e-01 -5.977015977449554908e-03 -3.743837084621191025e-01 1.077314505266487206e-02 5.811777270942200709e-03 9.999250784886971610e-01 2.133348917961120605e+01
9.998132890286530738e-01 -1.605965800701127100e-02 -1.074590463408083008e-02 8.624059770954772830e-02 1.599845474357507874e-02 9.998554402862774859e-01 -5.757427876404295347e-03 -3.943514320999383926e-01 1.083681353187832333e-02 5.584435032485916307e-03 9.999256860176376493e-01 2.253868651390075684e+01
9.998006397354647357e-01 -1.688698239766402848e-02 -1.065413581931182185e-02 8.832718938356265426e-02 1.683446732585748909e-02 9.998457901644404178e-01 -4.999660018481818895e-03 -4.146473295986652374e-01 1.073692201750550343e-02 4.819306583602495087e-03 9.999307439966245159e-01 2.376734852790832520e+01
9.997853774746837674e-01 -1.765304543585322766e-02 -1.084292279063018595e-02 8.873060983023606241e-02 1.760758847094635177e-02 9.998358412169324749e-01 -4.273575349360344416e-03 -4.346451070159673691e-01 1.091658444943578200e-02 4.081740421507074404e-03 9.999320814830823245e-01 2.498860883712768555e+01
9.997700788279011430e-01 -1.816567790005365474e-02 -1.139287614625221837e-02 8.813134880620054901e-02 1.812420356136363112e-02 9.998287738500211130e-01 -3.733125611272464835e-03 -4.548040013760328293e-01 1.145874014534732643e-02 3.525780480232249426e-03 9.999281304905300871e-01 2.620802557468414307e+01
9.997585591622545342e-01 -1.866610794688447136e-02 -1.159309259550861566e-02 8.674042610800825059e-02 1.863200164466499373e-02 9.998217783612979304e-01 -3.043029603043460266e-03 -4.745011720806360245e-01 1.164782797460459270e-02 2.826292371120546834e-03 9.999281675075000209e-01 2.739954054355621338e+01
9.997509439769589612e-01 -1.912521229868550943e-02 -1.150114219153524318e-02 8.534839688218198717e-02 1.909620608376026707e-02 9.998142007074679594e-01 -2.626590355108423397e-03 -4.946408383548259735e-01 1.154923938561587538e-02 2.406308005472234442e-03 9.999304099543110391e-01 2.860987496376037598e+01
9.997414838360745293e-01 -1.959445168085955855e-02 -1.153355801868571028e-02 8.476974631776101887e-02 1.956553424247056694e-02 9.998051574396096264e-01 -2.614770920014746879e-03 -5.145586617290973663e-01 1.158254579315968515e-02 2.388434735114844474e-03 9.999300675609597011e-01 2.978988361358642578e+01
9.997340159817763583e-01 -1.990496629430553097e-02 -1.164858814500373263e-02 8.590432678465731442e-02 1.987302878552345969e-02 9.997984466136238257e-01 -2.851118355029425271e-03 -5.341439601033926010e-01 1.170299174737454359e-02 2.618867275596556844e-03 9.999280881735215232e-01 3.093509519100189209e+01
9.997232120108684450e-01 -2.024287332637936254e-02 -1.198855479881894698e-02 8.781101569184102118e-02 2.020400329439388590e-02 9.997902505915414739e-01 -3.354560028202082950e-03 -5.537259858101606369e-01 1.205394614025825234e-02 3.111414725627096450e-03 9.999225077379011450e-01 3.206569421291351318e+01
9.997105586389892773e-01 -2.057514557298685196e-02 -1.246845340731118738e-02 9.087438267306424677e-02 2.052747417185723025e-02 9.997815282312868534e-01 -3.939366908038008201e-03 -5.726615916937589645e-01 1.254678244984046634e-02 3.682280837037039522e-03 9.999145058743739156e-01 3.317495930194854736e+01
9.996963781127422566e-01 -2.098187561626181294e-02 -1.291946143958233942e-02 9.557557749212719500e-02 2.092316339457498536e-02 9.997702123848398736e-01 -4.663009922384965360e-03 -5.912684407085180283e-01 1.301433140153786076e-02 4.391278127841736524e-03 9.999056674779751575e-01 3.426017594337463379e+01
9.996779725702967800e-01 -2.161853140691485584e-02 -1.328872670910324384e-02 9.761292408802546561e-02 2.156269745258114837e-02 9.997581185899654388e-01 -4.330634136137979234e-03 -6.105786059051752090e-01 1.337913436323323775e-02 4.042698759599706870e-03 9.999023229048075168e-01 3.534372663497924805e+01
9.996494729966162174e-01 -2.244633406397943468e-02 -1.403898944637683305e-02 9.572407990344800055e-02 2.239572378320820942e-02 9.997421442139365899e-01 -3.751884692587155196e-03 -6.309329885989427567e-01 1.411958546889694778e-02 3.436156225852390715e-03 9.998944094936114135e-01 3.649558389186859131e+01
9.996201606219156099e-01 -2.308594906642140801e-02 -1.505235642410621827e-02 9.238425028161145747e-02 2.303796369126270491e-02 9.997289661918179471e-01 -3.353563179497699200e-03 -6.504011414945125580e-01 1.512569691537538931e-02 3.005513723378727600e-03 9.998810830194172494e-01 3.763330101966857910e+01
9.995928953578081533e-01 -2.362566320341636869e-02 -1.599598663393023840e-02 8.808901431621052325e-02 2.358137428550302270e-02 9.997175630771445443e-01 -2.951755732184395929e-03 -6.685836538672447205e-01 1.606120596347465970e-02 2.573346710842594216e-03 9.998676990230780381e-01 3.874426257610321045e+01
9.995745313237054397e-01 -2.406469014554770899e-02 -1.648171766514525474e-02 8.173917178646661341e-02 2.403506265841040199e-02 9.997091288446100510e-01 -1.993355903309794626e-03 -6.855073086917400360e-01 1.652489310104813397e-02 1.596368676012233524e-03 9.998621802603843145e-01 3.983444666862487793e+01
9.995648683859855721e-01 -2.419825637479899524e-02 -1.686766957605594780e-02 7.884064866811968386e-02 2.416416465671405653e-02 9.997055344714017577e-01 -2.222047184986940260e-03 -7.019234802573919296e-01 1.691647229627722682e-02 1.813487156998058562e-03 9.998552616400938620e-01 4.090955007076263428e+01
9.995419761363779632e-01 -2.428778833558890501e-02 -1.805384388849246013e-02 7.827687807730399072e-02 2.423310080421155893e-02 9.997010791395716245e-01 -3.241788486127374688e-03 -7.178837917745113373e-01 1.812718309052308019e-02 2.802803050786576745e-03 9.998317606118847234e-01 4.191678571701049805e+01
9.994927579204027079e-01 -2.462288533748930100e-02 -2.019753406542952601e-02 7.889657086343504488e-02 2.453974475552859677e-02 9.996893736490861659e-01 -4.353979838184777670e-03 -7.337017282843589783e-01 2.029846772544268568e-02 3.856128985740398061e-03 9.997865284535717434e-01 4.288368737697601318e+01
9.994314840298522684e-01 -2.489680932054482917e-02 -2.273450275558077868e-02 8.115106300101615489e-02 2.477544256970317174e-02 9.996773307081394666e-01 -5.604633237280215799e-03 -7.491941321641206741e-01 2.286670451469598880e-02 5.038189546406350930e-03 9.997258276501274077e-01 4.382671833038330078e+01
9.993640949888703551e-01 -2.534210043422528355e-02 -2.508353230024865099e-02 8.676093994290567935e-02 2.516193838715493833e-02 9.996554615475402583e-01 -7.472285779819203520e-03 -7.653245124965906143e-01 2.526425347555311118e-02 6.836383821576157496e-03 9.996574319998662306e-01 4.478955703973770142e+01
9.993132735013342538e-01 -2.574905748677562209e-02 -2.664521425303331692e-02 9.536647229106165469e-02 2.550340970361977475e-02 9.996294195037631614e-01 -9.518390413231552979e-03 -7.824916411191225052e-01 2.688042963824496465e-02 8.832310066574304563e-03 9.995996362551115011e-01 4.579983896017074585e+01
9.992889267240678830e-01 -2.607003711597448078e-02 -2.723956848836470851e-02 1.076440186297986656e-01 2.576529330283287150e-02 9.996021082571882044e-01 -1.147932179197798039e-02 -8.008490595966577530e-01 2.752799643416850919e-02 1.076932368148056027e-02 9.995630200641498764e-01 4.687710541486740112e+01
9.992837426179659310e-01 -2.644924803805453681e-02 -2.706361058049202087e-02 1.210270700103137642e-01 2.611097971152718730e-02 9.995773926820777922e-01 -1.277704102691707387e-02 -8.203310351818799973e-01 2.739011642792463577e-02 1.206123199017309147e-02 9.995520537745615774e-01 4.800130850076675415e+01
9.992719632179226652e-01 -2.683084018667718229e-02 -2.712286012712135028e-02 1.348410350328776985e-01 2.647982153839440259e-02 9.995619395195469714e-01 -1.321923277714762146e-02 -8.412522003054618835e-01 2.746566179601693178e-02 1.249140019367801085e-02 9.995446975214806740e-01 4.923169320821762085e+01
9.992555862589658222e-01 -2.732585231400961809e-02 -2.723180356794924206e-02 1.484900553768966347e-01 2.698066763733205503e-02 9.995518928119707658e-01 -1.296368581270279305e-02 -8.640804216265678406e-01 2.757384456499057876e-02 1.221930322561741618e-02 9.995450823872759072e-01 5.054695338010787964e+01
9.992297935472851389e-01 -2.801075854098347695e-02 -2.748121346317544678e-02 1.606472701823804528e-01 2.767985200696037457e-02 9.995405624824432733e-01 -1.234867382165773415e-02 -8.870905600488185883e-01 2.781448328340229911e-02 1.157848687176544003e-02 9.995460435424862178e-01 5.187239855527877808e+01
9.991922032101524520e-01 -2.883732623114579688e-02 -2.798838437423594935e-02 1.696592791995499283e-01 2.853706693874682662e-02 9.995314482426180813e-01 -1.106886554927905865e-02 -9.095651526004076004e-01 2.829446685440437093e-02 1.026121775682614992e-02 9.995469626563685539e-01 5.318034189939498901e+01
9.991592698372545600e-01 -2.940930079247831494e-02 -2.856302724120220876e-02 1.775948190188501030e-01 2.912758699203171070e-02 9.995233572581083692e-01 -1.022946584633969112e-02 -9.317409303039312363e-01 2.885025431960262440e-02 9.388893565130011082e-03 9.995396497905006949e-01 5.447188037633895874e+01
9.991339134626369134e-01 -2.989764436577761406e-02 -2.894052228646725594e-02 1.835002395382616669e-01 2.964436891118997497e-02 9.995187061398251860e-01 -9.141524403898499546e-03 -9.534528926014900208e-01 2.919990343636936353e-02 8.275683533538755535e-03 9.995393332437495504e-01 5.575752085447311401e+01
9.991207592841111484e-01 -3.014028477520708238e-02 -2.914226486069160932e-02 1.893902592419181019e-01 2.990712194195704540e-02 9.995173520464353256e-01 -8.403988055169665100e-03 -9.749015774577856064e-01 2.938149799942460505e-02 7.525037657842201765e-03 9.995399448664160635e-01 5.701609975099563599e+01
9.991224771947172512e-01 -3.012019101145979594e-02 -2.910411753901227111e-02 1.967654781474266201e-01 2.989160807708771475e-02 9.995190371924034256e-01 -8.257484879585736542e-03 -9.960096739232540131e-01 2.933883656277545132e-02 7.380269873383973715e-03 9.995422773878744893e-01 5.825687485933303833e+01
9.991222103018593259e-01 -2.994212700485536158e-02 -2.929638052648001270e-02 2.060961056558880955e-01 2.969998137498578578e-02 9.995212912017150675e-01 -8.665999121954580733e-03 -1.016534220427274704e+00 2.954183453769761505e-02 7.788290241210279845e-03 9.995332023235976582e-01 5.948804110288619995e+01
9.991541219050071865e-01 -2.958065492560526394e-02 -2.856616065218021278e-02 2.166655030159745365e-01 2.933782693548645307e-02 9.995300846218830859e-01 -8.882671133985617709e-03 -1.036812359467148781e+00 2.881549220362806044e-02 8.037088399623389459e-03 9.995524361528609347e-01 6.072530168294906616e+01
9.991672693876276767e-01 -2.942843442265871690e-02 -2.826190071285073629e-02 2.284200185968074948e-01 2.917311208850584606e-02 9.995301323461416310e-01 -9.404470382538124285e-03 -1.056677531450986862e+00 2.852538019980157061e-02 8.572151394827219606e-03 9.995563120229500331e-01 6.191953259706497192e+01
9.991519740639653868e-01 -2.941387090819552741e-02 -2.881244387894247444e-02 2.395815340860281140e-01 2.913817073535576035e-02 9.995259449756236370e-01 -9.942450743337816893e-03 -1.076924297958612442e+00 2.909123115783273164e-02 9.094477378192238060e-03 9.995353874430555896e-01 6.309715849161148071e+01
9.991479283793154309e-01 -2.969497125394787024e-02 -2.866401747050956184e-02 2.485147224797401577e-01 2.942806576953067854e-02 9.995199411189723548e-01 -9.688975724511276338e-03 -1.097065139561891556e+00 2.893797090997647301e-02 8.837193431921786663e-03 9.995421441099220372e-01 6.427260500192642212e+01
9.991367470138610152e-01 -3.011293232873677242e-02 -2.861768811635076459e-02 2.541069014987442642e-01 2.987559106565954026e-02 9.995158900451819317e-01 -8.685309762189185462e-03 -1.117077404633164406e+00 2.886537415377268476e-02 7.822841795192752440e-03 9.995526966204483221e-01 6.545064324140548706e+01
9.991082263971843291e-01 -3.032398112633051881e-02 -2.938040357317266496e-02 2.586097949242684990e-01 3.009451825775372874e-02 9.995132480349812054e-01 -8.221129690969507936e-03 -1.137174317613244057e+00 2.961539998558646025e-02 7.329609212772760299e-03 9.995344941083732504e-01 6.662380701303482056e+01
9.990864477396863563e-01 -3.023516063639199863e-02 -3.020107620907655846e-02 2.637913058570120484e-01 3.000362840043053689e-02 9.995170469207007580e-01 -8.090438661202251081e-03 -1.156973866745829582e+00 3.043110621886355865e-02 7.176905754806163669e-03 9.995111003876259170e-01 6.778851491212844849e+01
9.990565954524986969e-01 -3.016296941422539485e-02 -3.124282892087244801e-02 2.713374508603010327e-01 2.990241648675079703e-02 9.995143164174563610e-01 -8.773640338986445769e-03 -1.176487160846590996e+00 3.149229383698962104e-02 7.831127164176275232e-03 9.994733157399567913e-01 6.897033041715621948e+01
9.990241444950386240e-01 -3.031866551487108832e-02 -3.211755341481487697e-02 2.806287625862751156e-01 3.002423002736821084e-02 9.995029685143809184e-01 -9.610491257160775833e-03 -1.195658156648278236e+00 3.239296724938611760e-02 8.636807994719405621e-03 9.994378926278724151e-01 7.014473170042037964e+01
9.989941949383585040e-01 -3.050100323392322677e-02 -3.286772400372827557e-02 2.916179340390954167e-01 3.016136250092729676e-02 9.994869059322097904e-01 -1.078040268940426080e-02 -1.215410793200135231e+00 3.317967286681271222e-02 9.778224367555845425e-03 9.994015687583590601e-01 7.131924027204513550e+01
9.989913707293363032e-01 -3.104167790489128012e-02 -3.244465196562637543e-02 3.039534123672638088e-01 3.067580866491182931e-02 9.994607382023513731e-01 -1.171441653539080988e-02 -1.234680622816085815e+00 3.279079094921864140e-02 1.070733509608725806e-02 9.994048814189696595e-01 7.244720119237899780e+01
9.991174488741597637e-01 -3.169906212900316933e-02 -2.755889720820486194e-02 3.211138168408069760e-01 3.135239230263210664e-02 9.994248628146065183e-01 -1.292172917634131293e-02 -1.255118004977703094e+00 2.795265375760698154e-02 1.204628773300937990e-02 9.995366607082308841e-01 7.361617380380630493e+01
9.991341229876343766e-01 -3.185628360122331332e-02 -2.676156715981289902e-02 3.408052748127374798e-01 3.146725452127346889e-02 9.993946923660665949e-01 -1.483444516753304292e-02 -1.275657350197434425e+00 2.721793847123876731e-02 1.397948731726529094e-02 9.995317692598481019e-01 7.480670481920242310e+01
9.990824038719169353e-01 -3.200456714694689675e-02 -2.846151709323154963e-02 3.626145696325693280e-01 3.153688111885401268e-02 9.993625271150691214e-01 -1.673214055277759404e-02 -1.296780781820416451e+00 2.897887856365414377e-02 1.581919972436034855e-02 9.994548401590107600e-01 7.601489049196243286e+01
9.990020545607077862e-01 -3.227943050306392170e-02 -3.086961855745208941e-02 3.850850401504430920e-01 3.172422155091543516e-02 9.993289431963467973e-01 -1.830947997790344228e-02 -1.318326970562338829e+00 3.143992287638690264e-02 1.731189349755482207e-02 9.993557072399478214e-01 7.725607734918594360e+01
9.989453478020989818e-01 -3.299148690309457177e-02 -3.193358571264252876e-02 4.066751780046615750e-01 3.239313900158009851e-02 9.992931302408236682e-01 -1.907680264406300119e-02 -1.340018710121512413e+00 3.254038491118471654e-02 1.802225417141701050e-02 9.993079213657884985e-01 7.851827150583267212e+01
9.989721226746007821e-01 -3.376783380018564401e-02 -3.023956877082555408e-02 4.283284464909229428e-01 3.319280046625819325e-02 9.992622096196509540e-01 -1.932031115846713498e-02 -1.362172689288854599e+00 3.086966336404752334e-02 1.829671627631198477e-02 9.993559396217618351e-01 7.978846269845962524e+01
9.990359446627311568e-01 -3.474331222541476860e-02 -2.683437212702526747e-02 4.506965031905565411e-01 3.422336987576624773e-02 9.992220324018105115e-01 -1.959823760295018730e-02 -1.384216092526912689e+00 2.749440354309984694e-02 1.866098117470086151e-02 9.994477602933564686e-01 8.104199856519699097e+01
9.990402310075406911e-01 -3.542945734381887368e-02 -2.575597757263558413e-02 4.738683341129217297e-01 3.491903372639323239e-02 9.991899113469528970e-01 -2.000455313381057851e-02 -1.406764784827828407e+00 2.644386340939235830e-02 1.908597953448965337e-02 9.994680822683604804e-01 8.232117897272109985e+01
9.989945198506106072e-01 -3.600496462891324134e-02 -2.671313966045003874e-02 4.988502482010517269e-01 3.544431067342986019e-02 9.991473426664482238e-01 -2.117282417298866834e-02 -1.428820012137293816e+00 2.745268929145902592e-02 2.020470649738850474e-02 9.994188909991750247e-01 8.360060924291610718e+01
9.989546211593225422e-01 -3.643450484589910721e-02 -2.760781992603986851e-02 5.275624668283853680e-01 3.580167119687192867e-02 9.990923632459228765e-01 -2.308007892508532818e-02 -1.450279776006937027e+00 2.842367330141480283e-02 2.206754540748134819e-02 9.993523493922167322e-01 8.484990519285202026e+01
9.989353732166302846e-01 -3.697798684322734647e-02 -2.758167191403876339e-02 5.611085644050035626e-01 3.627354411271278833e-02 9.990134928285675509e-01 -2.561778959958830454e-02 -1.471351873129606247e+00 2.850175668366160958e-02 2.459003122177359779e-02 9.992912389441116483e-01 8.608338874578475952e+01
9.989435801827259986e-01 -3.729768593896620743e-02 -2.684410988123714717e-02 5.992004474683199078e-01 3.653542719852795329e-02 9.989302271091911045e-01 -2.834720316011726457e-02 -1.492078276351094246e+00 2.787267786092242905e-02 2.733649559065940218e-02 9.992376243104956757e-01 8.731842774152755737e+01
9.989450235233104936e-01 -3.753697265297331609e-02 -2.645402922170199053e-02 6.398850431723985821e-01 3.670902509941319225e-02 9.988414017639151155e-01 -3.111754486697195649e-02 -1.512246869504451752e+00 2.759143806080757710e-02 3.011361496644490363e-02 9.991655932523845207e-01 8.853433197736740112e+01
9.989233521895981571e-01 -3.773566413430496508e-02 -2.698436774577110328e-02 6.850362693949136883e-01 3.680230118504381615e-02 9.987341864312575535e-01 -3.428724953943240727e-02 -1.532822810113430023e+00 2.824406269964369401e-02 3.325724741822322361e-02 9.990476607331512104e-01 8.977950805425643921e+01
9.988845239766228623e-01 -3.797132695005278613e-02 -2.806930867776626093e-02 7.326548000855837017e-01 3.692473320509751661e-02 9.986362305469050904e-01 -3.690857782143414784e-02 -1.553957086056470871e+00 2.943249628774117707e-02 3.583095545363934598e-02 9.989243568927286265e-01 9.108226615190505981e+01
9.988492006697540226e-01 -3.785624909924572429e-02 -2.944789849088489883e-02 7.835541045351419598e-01 3.669100358292427810e-02 9.985594206439135645e-01 -3.915167556273531357e-02 -1.575853001326322556e+00 3.088761203899455590e-02 3.802614689168105910e-02 9.987992629027621083e-01 9.246045011281967163e+01
9.988115408672681994e-01 -3.787191953888584262e-02 -3.067936669479268130e-02 8.379760509415064007e-01 3.661340078364665879e-02 9.985046709279367105e-01 -4.059410078014834278e-02 -1.597915640100836754e+00 3.217086746436067374e-02 3.942258040175623812e-02 9.987046087012203532e-01 9.388364607095718384e+01
9.988154621547493672e-01 -3.772907448057261776e-02 -3.072766667734409818e-02 8.912203436775598675e-01 3.645368092739213750e-02 9.984914895313727889e-01 -4.105940184981084901e-02 -1.618595104664564133e+00 3.223044690100411447e-02 3.989062887771722271e-02 9.986841022166627058e-01 9.526818817853927612e+01
9.988743053794744142e-01 -3.751468967458699427e-02 -2.903050311813197212e-02 9.430992355628404766e-01 3.630915374118943301e-02 9.984993896800804514e-01 -4.099529440198597385e-02 -1.639297537505626678e+00 3.052486539316928704e-02 3.989507321871046952e-02 9.987375109234671866e-01 9.664660340547561646e+01
9.989447221375497010e-01 -3.684538176480074700e-02 -2.742006484565445018e-02 9.939440501912031323e-01 3.570363743054674049e-02 9.985200295694464101e-01 -4.102439302244487163e-02 -1.659746795892715454e+00 2.889104338306022757e-02 4.000210483509649556e-02 9.987818276385489469e-01 9.799472433328628540e+01
9.989896841532973637e-01 -3.601533914716416318e-02 -2.687947732769319434e-02 1.044338052539387718e+00 3.488837824382259867e-02 9.985383404492645942e-01 -4.127933764420631951e-02 -1.679710775613784790e+00 2.832687802796478999e-02 4.029985110323817954e-02 9.987860181151143601e-01 9.931722694635391235e+01
9.990093913136588455e-01 -3.511288879083136749e-02 -2.733717446766391682e-02 1.092348953156033531e+00 3.395698312540983838e-02 9.985547461099512079e-01 -4.165744013152287289e-02 -1.699645727872848511e+00 2.876037837257046370e-02 4.068788593738300458e-02 9.987578968768222598e-01 1.006070267558097839e+02
9.990008097777856033e-01 -3.439552109985195838e-02 -2.853647125343550597e-02 1.139271577267209068e+00 3.317626405410593199e-02 9.985602136868193535e-01 -4.215252240549513529e-02 -1.719657754525542259e+00 2.994524280650853049e-02 4.116367051178951297e-02 9.987035769752985459e-01 1.019154527783393860e+02
9.989793964683586491e-01 -3.387637382203394221e-02 -2.987568791482114391e-02 1.184151632158318534e+00 3.259412838114070232e-02 9.985684982088630646e-01 -4.240963546140750356e-02 -1.739975245669484138e+00 3.126960547860645895e-02 4.139258003030939215e-02 9.986535265504481451e-01 1.032423475384712219e+02
9.989590142058415445e-01 -3.334655768739853976e-02 -3.112707868230545419e-02 1.227574960706988350e+00 3.201947291070347812e-02 9.985959264264371305e-01 -4.220105542574138086e-02 -1.760442888364195824e+00 3.249063390292900727e-02 4.116045207388727145e-02 9.986241414534595684e-01 1.045766419768333435e+02
9.989346248476549395e-01 -3.305097652783616641e-02 -3.220633836733932664e-02 1.268228465138236061e+00 3.170583783790000693e-02 9.986387137181926832e-01 -4.141810365372085301e-02 -1.781260270625352859e+00 3.353140509241923917e-02 4.035284889360352123e-02 9.986226977486031275e-01 1.059032664895057678e+02
9.989112743906185532e-01 -3.282999678588734149e-02 -3.314298125318433652e-02 1.307235927699366584e+00 3.148736274618311320e-02 9.986933716632935276e-01 -4.025040848355434381e-02 -1.802206296473741531e+00 3.442109647586173715e-02 3.916300175984127607e-02 9.986397986313975128e-01 1.072384811043739319e+02
9.988924605022277969e-01 -3.273458159050589983e-02 -3.379792182812089985e-02 1.345353362528840080e+00 3.141585855924655668e-02 9.987515407389823130e-01 -3.883817326412537102e-02 -1.823624884709715843e+00 3.502707785115215244e-02 3.773336772146532181e-02 9.986737689443966337e-01 1.085922141671180725e+02
9.988692274396883120e-01 -3.270880383059783514e-02 -3.450218291661667075e-02 1.382265911815920845e+00 3.141191741283205080e-02 9.988034181964496883e-01 -3.748363967836213645e-02 -1.844660518690943718e+00 3.568694324945224927e-02 3.635747448681404120e-02 9.987014449426069307e-01 1.099267829060554504e+02
9.988436623913010681e-01 -3.272248711182358660e-02 -3.522182473905927091e-02 1.418188953219214454e+00 3.144006813583186122e-02 9.988437844269801857e-01 -3.636779381819220391e-02 -1.865756066516041756e+00 3.637114538128705110e-02 3.521836380079047119e-02 9.987175810182017388e-01 1.112658398747444153e+02
9.988286012795887236e-01 -3.270950368137057196e-02 -3.565828984652685829e-02 1.452576195268193260e+00 3.144439328813412871e-02 9.988755691204673770e-01 -3.548024161422250189e-02 -1.886475972831249237e+00 3.677873565800841849e-02 3.431742681467924577e-02 9.987340180549661994e-01 1.125809515118598938e+02
9.988032272871849582e-01 -3.308652211654500991e-02 -3.601937277265557930e-02 1.485780348448315635e+00 3.184877718156214899e-02 9.989001567109556667e-01 -3.441122367582001573e-02 -1.908158434554934502e+00 3.711830482044338464e-02 3.322286828465428193e-02 9.987584655311799731e-01 1.139264062047004700e+02
9.987845875767223935e-01 -3.347136265838763364e-02 -3.618031924938128197e-02 1.518463363318005577e+00 3.227528749919716944e-02 9.989290457433874781e-01 -3.315218525300152319e-02 -1.930836573243141174e+00 3.725122059799682028e-02 3.194416146959971198e-02 9.987952328240076172e-01 1.153202826380729675e+02
9.987661161592844561e-01 -3.374483712198215329e-02 -3.643530128473815299e-02 1.550441702274838462e+00 3.258296992933867181e-02 9.989558339277856414e-01 -3.202486428115243478e-02 -1.954163577407598495e+00 3.747793060832679130e-02 3.079817899248779578e-02 9.988227454799295524e-01 1.167583969235420227e+02
9.987293403816578374e-01 -3.435093759709712674e-02 -3.687435080132086401e-02 1.582044658629456535e+00 3.320518534680609590e-02 9.989599743804339349e-01 -3.124716390213472250e-02 -1.978436373174190521e+00 3.790936990907112919e-02 2.998303973987555618e-02 9.988312655303968057e-01 1.182440415024757385e+02
9.986853789995818742e-01 -3.507447232805253196e-02 -3.738041149278993613e-02 1.612745414866367355e+00 3.393979384859326098e-02 9.989562635999427176e-01 -3.056916433200072142e-02 -2.003169303759932518e+00 3.841359350512023318e-02 2.926029400656375914e-02 9.988334350774771275e-01 1.197498447299003601e+02
9.986404401851207702e-01 -3.540676790893008963e-02 -3.825744389150102787e-02 1.644754416687646881e+00 3.424359478661893191e-02 9.989436303420045071e-01 -3.064310061378160838e-02 -2.028022948652505875e+00 3.930200304002374329e-02 2.929136707939144352e-02 9.987979617378393016e-01 1.212695174813270569e+02
9.985899709396555135e-01 -3.556136754735011313e-02 -3.941394520852007505e-02 1.680035869969287887e+00 3.432677804994618137e-02 9.989119124418036622e-01 -3.156997767766352853e-02 -2.053325643762946129e+00 4.049373096477627831e-02 3.017250934245799265e-02 9.987241247874868444e-01 1.228376204371452332e+02
9.985547784426919149e-01 -3.536921763217439063e-02 -4.046446457515871092e-02 1.719718682958045974e+00 3.404209795447109971e-02 9.988744703049403650e-01 -3.302920132069490228e-02 -2.079039650037884712e+00 4.158713762841324130e-02 3.160397154018278199e-02 9.986349177586184567e-01 1.244506693482398987e+02
9.985155349919606627e-01 -3.510085366225398212e-02 -4.164920709808966198e-02 1.762789640022674575e+00 3.366072350760541260e-02 9.988276422670597787e-01 -3.478931928294997505e-02 -2.104264825582504272e+00 4.282151413323764810e-02 3.333573331138113549e-02 9.985264377130579350e-01 1.260499451756477356e+02
9.984752940432393142e-01 -3.472583622845153845e-02 -4.290924706286303875e-02 1.811490807129302993e+00 3.313251897229898407e-02 9.987546338964499171e-01 -3.730170849865668131e-02 -2.129428833723068237e+00 4.415114236140788018e-02 3.582314291911404408e-02 9.983823811844736440e-01 1.276585081219673157e+02
9.984305705404820097e-01 -3.431875914970361485e-02 -4.425628295092287612e-02 1.864519379480043426e+00 3.254703282519944701e-02 9.986633987839436122e-01 -4.015104710437135405e-02 -2.153617037460207939e+00 4.557506406449585851e-02 3.864762217429025537e-02 9.982130408063152327e-01 1.292232472300529480e+02
9.983711774877297440e-01 -3.390509513770866012e-02 -4.588503552866596280e-02 1.921455032570520416e+00 3.190901247788002770e-02 9.985412531845379025e-01 -4.355663682309354051e-02 -2.175971351563930511e+00 4.729489279457677053e-02 4.202154462124513268e-02 9.979966848157332260e-01 1.307017274498939514e+02
9.982879387294903983e-01 -3.366846306910030451e-02 -4.782913319086753989e-02 1.984513326926389709e+00 3.140971958676970488e-02 9.983907088493270132e-01 -4.721675548805505385e-02 -2.197710731998085976e+00 4.934187777847143935e-02 4.563361784806142796e-02 9.977389197677873911e-01 1.321553365588188171e+02
9.982342570525964964e-01 -3.360949472147837375e-02 -4.897723870552010000e-02 2.054005562706151977e+00 3.111990716008716101e-02 9.982270902119636524e-01 -5.073684800323888244e-02 -2.219711849465966225e+00 5.059564630477739189e-02 4.912309265023046684e-02 9.975104021229446172e-01 1.336125679612159729e+02
9.982040208729973108e-01 -3.380254188605108512e-02 -4.945827408050623708e-02 2.127840585453668609e+00 3.113744820047116210e-02 9.980716099087602045e-01 -5.369842468544804709e-02 -2.241748107597231865e+00 5.117804248448436927e-02 5.206197898829358767e-02 9.973316190271311887e-01 1.350466954112052917e+02
9.981661838658598684e-01 -3.413427757655466271e-02 -4.999120403624009168e-02 2.205106235487619415e+00 3.129048717883263497e-02 9.979062535480186513e-01 -5.660401524511145255e-02 -2.263832842931151390e+00 5.181867229848310941e-02 5.493596475974747706e-02 9.971443551347709544e-01 1.364640800356864929e+02
9.981204074361955669e-01 -3.451948229538071011e-02 -5.063652438173380649e-02 2.282311044080415741e+00 3.150539474224784559e-02 9.977511995735024453e-01 -5.916040780599913368e-02 -2.284553123638033867e+00 5.256483959395449185e-02 5.745388665439334769e-02 9.969633837542710708e-01 1.377997247576713562e+02
9.980750723824241000e-01 -3.513362951496067782e-02 -5.110555709435676136e-02 2.360960825724760070e+00 3.196354237493739814e-02 9.975903649663991901e-01 -6.157755829076073245e-02 -2.305326679721474648e+00 5.314585447299399745e-02 5.982551130840369630e-02 9.967930709776344766e-01 1.390968245863914490e+02
9.980146979176276467e-01 -3.602604312047918284e-02 -5.166030349763570811e-02 2.445354461116949096e+00 3.269321832906078862e-02 9.974162348228605701e-01 -6.396880479637433170e-02 -2.327336790040135384e+00 5.383136832437775826e-02 6.215286581381147119e-02 9.966138695881446852e-01 1.404428706765174866e+02
9.979939969551534507e-01 -3.702618953813224811e-02 -5.135215019610729625e-02 2.535832426889101043e+00 3.357658854562926148e-02 9.972223691055887018e-01 -6.648427826993770495e-02 -2.350785559043288231e+00 5.367117236575678213e-02 6.462668058722573217e-02 9.964651511283081353e-01 1.418323320746421814e+02
9.979640355746388636e-01 -3.796387294679491597e-02 -5.124966390583116788e-02 2.631147421343484893e+00 3.438176919240976820e-02 9.970202958123970394e-01 -6.905377386761779590e-02 -2.375132929533720016e+00 5.371850376528466281e-02 6.715112872498753271e-02 9.962956630760665400e-01 1.432692404389381409e+02
9.979454642198570813e-01 -3.868616964221748000e-02 -5.107084022637115028e-02 2.729972861154237762e+00 3.495460369299462078e-02 9.967890266932007970e-01 -7.204034942091243343e-02 -2.398900805041193962e+00 5.369381830043050419e-02 7.010717896503211588e-02 9.960933477008493409e-01 1.446960763335227966e+02
9.979398708161383302e-01 -3.904631569753583969e-02 -5.090579010208271665e-02 2.836162782652536407e+00 3.513821987680371822e-02 9.965244266076495050e-01 -7.552729756971768293e-02 -2.422917287796735764e+00 5.367792599717626650e-02 7.358296273420671108e-02 9.958434755803233784e-01 1.461460735201835632e+02
9.978992213047619408e-01 -3.935579337948500595e-02 -5.146130242056574239e-02 2.953815601213136688e+00 3.518951655219867969e-02 9.962135405619056971e-01 -7.950018569748606989e-02 -2.448151506483554840e+00 5.439523916825972361e-02 7.752227504777912948e-02 9.955056277225379224e-01 1.476760798096656799e+02
9.978598421627278281e-01 -3.962425427802890310e-02 -5.201590018336629817e-02 3.079429663164773956e+00 3.520486600013687101e-02 9.959033060395994230e-01 -8.328998997063552512e-02 -2.473966505378484726e+00 5.510311070065122829e-02 8.128052345000164047e-02 9.951668823362268546e-01 1.492521113753318787e+02
9.978412259694571240e-01 -4.010849458159360115e-02 -5.200188860194643325e-02 3.217466033442178741e+00 3.550965616641981598e-02 9.956162893077641352e-01 -8.652900544893127321e-02 -2.501591609790921211e+00 5.524447551306476550e-02 8.449563969481983794e-02 9.948912175699661242e-01 1.509343432784080505e+02
9.978341772875033433e-01 -4.063273305592522006e-02 -5.172944655974408279e-02 3.366736433847108856e+00 3.589215826374107798e-02 9.953412365976942455e-01 -8.948505854802578374e-02 -2.530756046995520592e+00 5.512447380376577638e-02 8.743456829297530097e-02 9.946439004263178951e-01 1.527103537917137146e+02
9.978564221911655485e-01 -4.090764049416093645e-02 -5.107960102669956842e-02 3.519844136579195037e+00 3.605894506684018119e-02 9.950611981290133912e-01 -9.248223861217257091e-02 -2.559418283402919769e+00 5.461055916682163586e-02 9.044211921031432289e-02 9.944032933876648661e-01 1.544866551756858826e+02
9.979759504427790917e-01 -4.077710787640346363e-02 -4.879784637735386232e-02 3.676816559775033966e+00 3.593589308075898631e-02 9.947057471897036152e-01 -9.627610345387696555e-02 -2.587489364668726921e+00 5.246535929849267116e-02 9.432764165932230882e-02 9.941577752513282018e-01 1.562296156287193298e+02
9.980794980908835878e-01 -4.065356730460557150e-02 -4.673973637131356024e-02 3.837645001156488433e+00 3.579633310304091570e-02 9.942996101323658964e-01 -1.004335990941349344e-01 -2.614460699260234833e+00 5.055628573210382143e-02 9.856760500303934913e-02 9.938453044699355754e-01 1.579209567904472351e+02
9.981028100883642118e-01 -4.080720875126684494e-02 -4.610371143022212043e-02 4.000760979397455230e+00 3.577933536788249769e-02 9.938220506873988169e-01 -1.050598435565456429e-01 -2.640448234975337982e+00 5.010608400527081369e-02 1.032109649282661468e-01 9.933966363262123345e-01 1.595522572398185730e+02
9.980902999135141673e-01 -4.109734028832096736e-02 -4.611682816258463186e-02 4.165977335913339630e+00 3.581378249453959217e-02 9.932791988765724556e-01 -1.100627369392024324e-01 -2.665618781000375748e+00 5.033017188511498125e-02 1.082009320677979058e-01 9.928541847107633656e-01 1.611239222884178162e+02
9.980485375944887494e-01 -4.150901814079058921e-02 -4.664888014186248377e-02 4.334700174076715484e+00 3.590199676463701889e-02 9.926936742127963065e-01 -1.151968567549074562e-01 -2.689462287351489067e+00 5.108975664273932710e-02 1.132972664757901093e-01 9.922467264623751060e-01 1.626497686505317688e+02
9.980097598186700170e-01 -4.182742347428117236e-02 -4.719095201607571843e-02 4.506695545656839386e+00 3.590676946414683018e-02 9.921248383547148775e-01 -1.199958708717903250e-01 -2.712650937959551811e+00 5.183843374687376049e-02 1.180625756331527554e-01 9.916521592884961489e-01 1.641311021447181702e+02
9.979770925758061351e-01 -4.180343169177877516e-02 -4.789776396379626794e-02 4.677441052539506927e+00 3.556312343483092331e-02 9.915889747093422635e-01 -1.244450460501919792e-01 -2.734439326450228691e+00 5.269712464167028432e-02 1.224899111505360211e-01 9.910697426119082776e-01 1.655396198630332947e+02
9.979660477101518490e-01 -4.164680577890458868e-02 -4.826293801866244487e-02 4.848287410481134430e+00 3.514652812879002358e-02 9.910895109331344655e-01 -1.284768573666576486e-01 -2.755173424258828163e+00 5.318354236294556281e-02 1.265192668597732717e-01 9.905374227837100420e-01 1.668938485980033875e+02
