0.000000000000000000e+00 0.000000000000000000e+00 0.000000000000000000e+00 0.000000000000000000e+00 0.000000000000000000e+00 0.000000000000000000e+00 0.000000000000000000e+00 0.000000000000000000e+00 0.000000000000000000e+00 0.000000000000000000e+00 0.000000000000000000e+00 0.000000000000000000e+00
9.999994465125995324e-01 -6.767601061293427190e-04 8.055868998855811531e-04 -4.702047910541296005e-03 6.771180976198031823e-04 9.999996721003640010e-01 -4.441961799130852442e-04 -2.267200313508510590e-02 -8.052860214800696770e-04 4.447414115252143127e-04 9.999995768596606771e-01 1.185252070426940918e+00
9.999984807810086140e-01 -1.562500026978539281e-03 7.726767372672577964e-04 -6.571061327122151852e-03 1.563118716814051318e-03 9.999984577242974071e-01 -8.007552082996888037e-04 -4.413553513586521149e-02 -7.714243655521285442e-04 8.019617772472382652e-04 9.999993808806864060e-01 2.360341429710388184e+00
9.999970671677956835e-01 -2.370132355766491842e-03 4.981249073349945352e-04 -6.131274538347497582e-03 2.370915367580629478e-03 9.999959455116356200e-01 -1.577250965938853085e-03 -6.564498506486415863e-02 -4.943845941458181042e-04 1.578427352124201410e-03 9.999986320745479773e-01 3.533539056777954102e+00
9.999945172070647814e-01 -3.301553631853301925e-03 2.555375225561767861e-04 -4.006859526271000504e-03 3.302199018854107531e-03 9.999912509240177494e-01 -2.567792253659187569e-03 -8.714243024587631226e-02 -2.470575829980623862e-04 2.568622010742225691e-03 9.999966705662157729e-01 4.722185015678405762e+00
9.999907713713018786e-01 -4.294198410695640629e-03 -1.305076169882105248e-04 -8.495730871800333261e-04 4.293712121423358223e-03 9.999845784840021290e-01 -3.522333089122621497e-03 -1.076302025467157364e-01 1.456312015161583494e-04 3.521740220681390896e-03 9.999937880493913189e-01 5.881066441535949707e+00
9.999867525487795561e-01 -5.137777407096839367e-03 -3.130020147339243630e-04 5.544921703403815627e-03 5.136177990719381116e-03 9.999747421539515457e-01 -4.912711042377930319e-03 -1.281002517789602280e-01 3.382345247783477581e-04 4.911038327418908341e-03 9.999878835765726448e-01 7.041552782058715820e+00
9.999826601988648367e-01 -5.840505592198574208e-03 -7.535224145703759259e-04 1.436987644410692155e-02 5.835643949284747764e-03 9.999631246911537819e-01 -6.300358529585663343e-03 -1.474963519722223282e-01 7.902919074235170097e-04 6.295851994102441736e-03 9.999798686405489967e-01 8.160971641540527344e+00
9.999776596619029956e-01 -6.439921459374971582e-03 -1.790974232202513158e-03 2.436855281121097505e-02 6.426675389182514957e-03 9.999526593245054995e-01 -7.305953277385591506e-03 -1.663523856550455093e-01 1.837939211564794135e-03 7.294280049898497868e-03 9.999717073287665015e-01 9.247975349426269531e+00
9.999707907487632719e-01 -7.098390903566565747e-03 -2.833812956672705687e-03 3.335172808147035539e-02 7.075820004092295105e-03 9.999437837434562715e-01 -7.896969297744513283e-03 -1.848149765282869339e-01 2.889709425345390274e-03 7.876687082777606222e-03 9.999648030706066448e-01 1.030512988567352295e+01
9.999611954915038625e-01 -7.954855358566168336e-03 -3.785206391547405336e-03 3.967975670821033418e-02 7.926867860172669839e-03 9.999415521683812091e-01 -7.352347449354694475e-03 -2.026052083820104599e-01 3.843472014947128725e-03 7.322057314236352088e-03 9.999658070151985489e-01 1.132663714885711670e+01
9.999512777843838629e-01 -8.694099443756741694e-03 -4.674900238493885293e-03 4.420313177979551256e-02 8.662319946863795625e-03 9.999395251525279305e-01 -6.775710359451340113e-03 -2.207052540034055710e-01 4.733526224282177085e-03 6.734884750244751750e-03 9.999661169544120654e-01 1.235707366466522217e+01
9.999405305307786929e-01 -9.320069716605771520e-03 -5.663188351297928670e-03 4.786762114963494241e-02 9.284771899185223498e-03 9.999375036718577414e-01 -6.227500403342981806e-03 -2.387213129550218582e-01 5.720875160739741228e-03 6.174548645135495561e-03 9.999645726406630741e-01 1.338689994812011719e+01
9.999288655057189112e-01 -9.977377428001522192e-03 -6.535737762873292112e-03 5.164230716763995588e-02 9.939007589356630909e-03 9.999333352213943815e-01 -5.877179694129520959e-03 -2.570221759378910065e-01 6.593940899382822948e-03 5.811802876696937729e-03 9.999613706992573903e-01 1.443968391418457031e+01
9.999148065110733397e-01 -1.092843448127279495e-02 -7.137859602943312336e-03 5.512151200673542917e-02 1.088949302909477182e-02 9.999257359281394919e-01 -5.471889083118015688e-03 -2.757926415652036667e-01 7.197128697758475684e-03 5.393695241407097003e-03 9.999595538771309799e-01 1.551334095001220703e+01
9.998955664692855683e-01 -1.189471332491327110e-02 -8.208041787460563024e-03 6.049087722203694284e-02 1.184885574411526435e-02 9.999140451476863367e-01 -5.613103771172221063e-03 -2.946499790996313095e-01 8.274102526662021478e-03 5.515261671845840714e-03 9.999505593358450906e-01 1.662468600273132324e+01
9.998753434754192870e-01 -1.280808329852644797e-02 -9.233120389668697525e-03 6.588543331599794328e-02 1.275446021567562711e-02 9.999015845697246663e-01 -5.843365431014117296e-03 -3.139097820967435837e-01 9.307054019336923056e-03 5.724873550711059335e-03 9.999403005021396673e-01 1.775533449649810791e+01
9.998575519241161835e-01 -1.376956028321785729e-02 -9.760894934378110468e-03 7.107235895819030702e-02 1.371382168979252449e-02 9.998894022089651612e-01 -5.754515171491083464e-03 -3.335513379424810410e-01 9.839052544514380674e-03 5.619836279214400314e-03 9.999358031819948200e-01 1.891562819480895996e+01
9.998388851433324120e-01 -1.478073825320497595e-02 -1.018496598072511812e-02 7.642013332224451005e-02 1.472188094773059508e-02 9.998746320404803267e-01 -5.829787584025642420e-03 -3.540221378207206726e-01 1.026985767667360459e-02 5.678906462009717868e-03 9.999311376513368987e-01 2.011279666423797607e+01
9.998238424304519700e-01 -1.543300012790102885e-02 -1.068206977410736391e-02 8.201127484790049493e-02 1.536976246474882832e-02 9.998640138259718979e-01 -5.976977295740301677e-03 -3.743838295340538025e-01 1.077285985167770500e-02 5.811743530886736772e-03 9.999250817575021655e-01 2.133348739147186279e+01
9.998132926209303273e-01 -1.605958602371823987e-02 -1.074567797958051255e-02 8.624107282957993448e-02 1.599838471417698235e-02 9.998554417739716760e-01 -5.757364111581534868e-03 -3.943515326827764511e-01 1.083658548765412295e-02 5.584375678885922234e-03 9.999256888205473315e-01 2.253868436813354492e+01
9.998006429959082064e-01 -1.688694822386364869e-02 -1.065388401725120976e-02 8.832766077830456197e-02 1.683443513100019856e-02 9.998457910636208146e-01 -4.999588601321765940e-03 -4.146474190056324005e-01 1.073666888697974095e-02 4.819239778934899555e-03 9.999307470365957906e-01 2.376734662055969238e+01
9.997853813268846590e-01 -1.765298023000395206e-02 -1.084267375026611545e-02 8.873100392520427704e-02 1.760752508638101579e-02 9.998358426494851070e-01 -4.273501342732367522e-03 -4.346452057361602783e-01 1.091633388038692511e-02 4.081671519483378446e-03 9.999320844998519364e-01 2.498860704898834229e+01
9.997700820019747026e-01 -1.816564091645303525e-02 -1.139265657603692229e-02 8.813170687062665820e-02 1.812416764302152844e-02 9.998287745966463191e-01 -3.733100027629041029e-03 -4.548041000962257385e-01 1.145852001842653095e-02 3.525759303060795047e-03 9.999281330877355378e-01 2.620802390575408936e+01
9.997585620170039711e-01 -1.866608150615784931e-02 -1.159288897979468894e-02 8.674066449748352170e-02 1.863197643307004658e-02 9.998217790023288254e-01 -3.042973351153235861e-03 -4.745012614876031876e-01 1.164762327214851310e-02 2.826240227542290828e-03 9.999281700393716221e-01 2.739953851699829102e+01
9.997509473615445730e-01 -1.912517628571835937e-02 -1.150090786565559700e-02 8.534854865865781903e-02 1.909617145262927987e-02 9.998142015554660755e-01 -2.626519342758392318e-03 -4.946408849209547043e-01 1.154900366031152981e-02 2.406241892722672197e-03 9.999304128360172461e-01 2.860987317562103271e+01
9.997414882036046446e-01 -1.959437663750432726e-02 -1.153330692514904429e-02 8.476985298329964280e-02 1.956546109359937405e-02 9.998051591644742109e-01 -2.614658734013757934e-03 -5.145586486905813217e-01 1.158229237400417756e-02 2.388328345962923132e-03 9.999300707504875652e-01 2.978988194465637207e+01
9.997340201425868322e-01 -1.990490019603198199e-02 -1.164834399078861459e-02 8.590437663951888680e-02 1.987296424939104245e-02 9.997984481222551567e-01 -2.851039156621705713e-03 -5.341439768671989441e-01 1.170274589505218912e-02 2.618793713939796940e-03 9.999280912435651869e-01 3.093509376049041748e+01
9.997232164234390872e-01 -2.024277352760373364e-02 -1.198835534524123579e-02 8.781099534826353192e-02 2.020390447574671455e-02 9.997902526903996723e-01 -3.354529654312684087e-03 -5.537260062992572784e-01 1.205374580404492031e-02 3.111389589380722173e-03 9.999225102311251057e-01 3.206569266319274902e+01
9.997105636389458372e-01 -2.057502949864817646e-02 -1.246824405564966008e-02 9.087433438980951905e-02 2.052735894991934359e-02 9.997815306251575107e-01 -3.939359765031479922e-03 -5.726616010069847107e-01 1.254657256953674999e-02 3.682279449870686817e-03 9.999145085130080046e-01 3.317495763301849365e+01
9.996963829218724618e-01 -2.098178055425004365e-02 -1.291924369683909724e-02 9.557557996595278382e-02 2.092306930258472364e-02 9.997702143614122239e-01 -4.663008331037520049e-03 -5.912684611976146698e-01 1.301411325770061335e-02 4.391282330866820745e-03 9.999056702987569878e-01 3.426017427444458008e+01
9.996779768711885339e-01 -2.161846789680705455e-02 -1.328850648199830092e-02 9.761300758691504598e-02 2.156263467208174509e-02 9.997581198935789892e-01 -4.330645778007671462e-03 -6.105786524713039398e-01 1.337891418336055807e-02 4.042715999295543559e-03 9.999023257811852083e-01 3.534372484683990479e+01
9.996494772401415263e-01 -2.244629591619490619e-02 -1.403874827591655543e-02 9.572420286713168025e-02 2.239568580471147652e-02 9.997421448903562879e-01 -3.751931151612739306e-03 -6.309330109506845474e-01 1.411934526982689710e-02 3.436208618871814530e-03 9.998944127054010256e-01 3.649558258056640625e+01
9.996201652740344112e-01 -2.308594541667874367e-02 -1.505205307358708534e-02 9.238437790190801024e-02 2.303796042192427299e-02 9.997289661493776736e-01 -3.353598290533135479e-03 -6.504011824727058411e-01 1.512539444476749574e-02 3.005555874467449439e-03 9.998810874682926286e-01 3.763329994678497314e+01
9.995929007060043725e-01 -2.362564601869851164e-02 -1.599567780230476410e-02 8.808921225136145949e-02 2.358135834396071773e-02 9.997175635359597523e-01 -2.951727693720524945e-03 -6.685836836695671082e-01 1.606089651326178883e-02 2.573326237249657332e-03 9.998677040465238086e-01 3.874426174163818359e+01
9.995745372772084636e-01 -2.406466587246779490e-02 -1.648139203772229847e-02 8.173931011697277427e-02 2.403503998068214770e-02 9.997091295199648231e-01 -1.993290636423570520e-03 -6.855073347687721252e-01 1.652456596046088938e-02 1.596311648998130625e-03 9.998621857580861638e-01 3.983444583415985107e+01
9.995648735399733642e-01 -2.419826239438841939e-02 -1.686735551619097592e-02 7.884071551961824298e-02 2.416417281516443361e-02 9.997055344802353583e-01 -2.221954487837649560e-03 -7.019235417246818542e-01 1.691615609930692543e-02 1.813401963018960224e-03 9.998552671442725304e-01 4.090954911708831787e+01
9.995419818689700309e-01 -2.428778077453639175e-02 -1.805353667566229892e-02 7.827685953816398978e-02 2.423309616954742729e-02 9.997010796214853556e-01 -3.241674516998903702e-03 -7.178838495165109634e-01 1.812687318565695330e-02 2.802696680833444230e-03 9.998317665286626799e-01 4.191678488254547119e+01
9.994927644051231352e-01 -2.462286514314201633e-02 -2.019723778014174964e-02 7.889641774818301201e-02 2.453972791648650550e-02 9.996893745378777618e-01 -4.353870674629865996e-03 -7.337017916142940521e-01 2.029816877429479333e-02 3.856027516658942344e-03 9.997865349144290370e-01 4.288368636369705200e+01
9.994314910537194230e-01 -2.489679933168773007e-02 -2.273420491631059775e-02 8.115088986232876778e-02 2.477543599142459016e-02 9.996773313397510075e-01 -5.604549657947832837e-03 -7.491942141205072403e-01 2.286640464904683007e-02 5.038113582607433097e-03 9.997258348917241744e-01 4.382671767473220825e+01
9.993641034731075568e-01 -2.534202207030993373e-02 -2.508327344626064270e-02 8.676069835200905800e-02 2.516186368768875969e-02 9.996554639946205745e-01 -7.472209944986933812e-03 -7.653245776891708374e-01 2.526399226476547591e-02 6.836316485338871790e-03 9.996574390618808703e-01 4.478955614566802979e+01
9.993132838960798736e-01 -2.574893160274810064e-02 -2.664494605267568941e-02 9.536609472706913948e-02 2.550328959977582119e-02 9.996294237893813550e-01 -9.518262136511126612e-03 -7.824916932731866837e-01 2.688015715026540256e-02 8.832192017068859341e-03 9.995996446256625312e-01 4.579983794689178467e+01
9.992889365875772256e-01 -2.606989756627069860e-02 -2.723934020040285828e-02 1.076434808783233166e-01 2.576515997681251557e-02 9.996021132812387133e-01 -1.147918355332283244e-02 -8.008491266518831253e-01 2.752776316808884169e-02 1.076919516796738009e-02 9.995630278728780960e-01 4.687710392475128174e+01
9.992837522900439584e-01 -2.644912189875518391e-02 -2.706337672787522200e-02 1.210263534449040890e-01 2.611086035157690957e-02 9.995773976629805935e-01 -1.277689528030674822e-02 -8.203311394900083542e-01 2.738987734237885094e-02 1.206109580793821544e-02 9.995520619693009090e-01 4.800130724906921387e+01
9.992719729086505520e-01 -2.683070878479196578e-02 -2.712263308307335044e-02 1.348401806317269802e-01 2.647969694304595778e-02 9.995619447485273312e-01 -1.321908697098858956e-02 -8.412522934377193451e-01 2.746542934413697540e-02 1.249126401321358840e-02 9.995447056106567807e-01 4.923169183731079102e+01
9.992555984226227928e-01 -2.732563608226677362e-02 -2.723157420616391378e-02 1.484890324063599110e-01 2.698045708275952428e-02 9.995518998759918006e-01 -1.296357936299702071e-02 -8.640805184841156006e-01 2.757360978638203133e-02 1.221920893490536196e-02 9.995450900166302777e-01 5.054695212841033936e+01
9.992298043477024772e-01 -2.801056371600309583e-02 -2.748101933269442992e-02 1.606461186893284321e-01 2.767966377217888352e-02 9.995405696491835856e-01 -1.234851565350278922e-02 -8.870906643569469452e-01 2.781428260285211812e-02 1.157833950518840499e-02 9.995460508338729344e-01 5.187239730358123779e+01
9.991922143849873983e-01 -2.883715102762660770e-02 -2.798816594625585380e-02 1.696579311974346638e-01 2.853689921116926362e-02 9.995314551016968307e-01 -1.106867858853180508e-02 -9.095652606338262558e-01 2.829424139002261959e-02 1.026104199847700793e-02 9.995469708429256528e-01 5.318034052848815918e+01
9.991592797672028681e-01 -2.940914640726522214e-02 -2.856283884141029572e-02 1.775932838208973408e-01 2.912743855968678852e-02 9.995233630866142693e-01 -1.022931898886209751e-02 -9.317410495132207870e-01 2.885006027785745955e-02 9.388756659977012115e-03 9.995396566771844737e-01 5.447187900543212891e+01
9.991339222445363433e-01 -2.989749938853586420e-02 -2.894036887396533864e-02 1.834985306486487389e-01 2.964423115952669052e-02 9.995187121071362757e-01 -9.141318649523133902e-03 -9.534530695527791977e-01 2.919974279354582355e-02 8.275486572043378244e-03 9.995393395673762837e-01 5.575751936435699463e+01
9.991207683950088514e-01 -3.014014671785065699e-02 -2.914209528488991355e-02 1.893883068114519119e-01 2.990698990654905992e-02 9.995173573699844827e-01 -8.403824775207886441e-03 -9.749017674475908279e-01 2.938132257909332329e-02 7.524883517321822105e-03 9.995399511833201744e-01 5.701609802246093750e+01
9.991224870025693372e-01 -3.012005173765060217e-02 -2.910392497794421843e-02 1.967632058076560497e-01 2.989147641153667295e-02 9.995190428866052024e-01 -8.257272248348586016e-03 -9.960098881274461746e-01 2.933863670553048947e-02 7.380067097665984378e-03 9.995422847513230069e-01 5.825687289237976074e+01
9.991222208592225318e-01 -2.994196601831439555e-02 -2.929618501261146979e-02 2.060935846529901028e-01 2.969982807801723607e-02 9.995212975843146275e-01 -8.665788337153493281e-03 -1.016534412279725075e+00 2.954163159798851510e-02 7.788090030696401267e-03 9.995332098815939981e-01 5.948803877830505371e+01
9.991541322589534424e-01 -2.958045790389227103e-02 -2.856600252142132285e-02 2.166627473197877407e-01 2.933763683928381633e-02 9.995300919671442630e-01 -8.882472450756153520e-03 -1.036812568083405495e+00 2.881532672978200441e-02 8.036900045925799221e-03 9.995524424376679429e-01 6.072529900074005127e+01
9.991672785292008419e-01 -2.942824588614183223e-02 -2.826177384056172137e-02 2.284169918857514858e-01 2.917293120972418163e-02 9.995301398138310978e-01 -9.404237788145992233e-03 -1.056677741929888725e+00 2.852524498024483837e-02 8.571927893307813157e-03 9.995563177985565817e-01 6.191953027248382568e+01
9.991519827931572006e-01 -2.941368664490904769e-02 -2.881232927858180803e-02 2.395782847888767719e-01 2.913799281596581373e-02 9.995259519975313589e-01 -9.942266244947983722e-03 -1.076924541965126991e+00 2.909110955530998244e-02 9.094301588566697930e-03 9.995353925817019869e-01 6.309715628623962402e+01
9.991479366503790427e-01 -2.969477308046151662e-02 -2.866393446458343972e-02 2.485113036818802357e-01 2.942787340116208641e-02 9.995199485052898014e-01 -9.688798019777558265e-03 -1.097065439447760582e+00 2.893788095861916237e-02 8.837023915480059222e-03 9.995421482128415969e-01 6.427260279655456543e+01
9.991367563946269570e-01 -3.011269856267357464e-02 -2.861760658226772738e-02 2.541033392772078514e-01 2.987536368914994397e-02 9.995158985986737354e-01 -8.685107536860988894e-03 -1.117077758535742760e+00 2.886528478406054712e-02 7.822648768759555768e-03 9.995527007119613394e-01 6.545064115524291992e+01
9.991082356976761503e-01 -3.032374268632158712e-02 -2.938033339788156603e-02 2.586059970781207085e-01 3.009428529636750532e-02 9.995132564540178954e-01 -8.220958896952595962e-03 -1.137174690142273903e+00 2.961532295244736351e-02 7.329447603899178279e-03 9.995344975758685413e-01 6.662380504608154297e+01
9.990864586411372095e-01 -3.023486073432097784e-02 -3.020101581549037434e-02 2.637872984632849693e-01 3.000333437535365397e-02 9.995170572282024990e-01 -8.090255634704106302e-03 -1.156974250450730324e+00 3.043103820562167647e-02 7.176733675590529944e-03 9.995111036939398064e-01 6.778851282596588135e+01
9.990566061298928879e-01 -3.016269613935631394e-02 -3.124275131650374945e-02 2.713332343846559525e-01 2.990214987891994317e-02 9.995143261162430237e-01 -8.773444079228273282e-03 -1.176487563177943230e+00 3.149220825599000073e-02 7.830941833368283353e-03 9.994733198886119885e-01 6.897032773494720459e+01
9.990241541781013090e-01 -3.031843930471447845e-02 -3.211746576016904359e-02 2.806243943050503731e-01 3.002401083342655375e-02 9.995029769875498626e-01 -9.610294818563645813e-03 -1.195658599957823753e+00 3.239287178074169021e-02 8.636621512592214042e-03 9.994378973336185412e-01 7.014472877979278564e+01
9.989942070460005041e-01 -3.050076869270645225e-02 -3.286757365073929987e-02 2.916132733225822449e-01 3.016113791528052257e-02 9.994869155032596320e-01 -1.078014366487517993e-02 -1.215411286801099777e+00 3.317951247665013037e-02 9.777977650513356919e-03 9.994015764970946014e-01 7.131923699378967285e+01
9.989913848746606595e-01 -3.104137930365000533e-02 -3.244450210951856095e-02 3.039484620094299316e-01 3.067552069953787680e-02 9.994607503163577267e-01 -1.171413705209949432e-02 -1.234681110829114914e+00 3.279062939346923805e-02 1.070707000024171199e-02 9.994048895597770210e-01 7.244719791412353516e+01
9.991174622526500793e-01 -3.169878397871857267e-02 -2.755873212059677460e-02 3.211086038500070572e-01 3.135212371760322941e-02 9.994248747818653689e-01 -1.292145524500417676e-02 -1.255118533968925476e+00 2.795247681727647954e-02 1.204602679405453181e-02 9.995366688012283785e-01 7.361617064476013184e+01
9.991341349418058071e-01 -3.185604421841285727e-02 -2.676140580843798175e-02 3.407997302711009979e-01 3.146702448300421617e-02 9.993947035063914797e-01 -1.483418260497383970e-02 -1.275657877326011658e+00 2.721776560034615960e-02 1.397923639281559161e-02 9.995317774766334651e-01 7.480670154094696045e+01
9.990824164554448217e-01 -3.200433185225869809e-02 -2.846133995861180668e-02 3.626087363809347153e-01 3.153665553632212237e-02 9.993625382606615704e-01 -1.673190003529698849e-02 -1.296781316399574280e+00 2.897869022458635091e-02 1.581897164477855458e-02 9.994548492298034326e-01 7.601488745212554932e+01
9.990020681804537839e-01 -3.227918934270424672e-02 -3.086942996807460343e-02 3.850789908319711685e-01 3.172398990727589435e-02 9.993289542350463073e-01 -1.830927884576266304e-02 -1.318327480927109718e+00 3.143972384641872952e-02 1.731170594905897392e-02 9.993557167503442917e-01 7.725607442855834961e+01
9.989453609675454926e-01 -3.299122316113405756e-02 -3.193344634943744847e-02 4.066689051687717438e-01 3.239288407257069624e-02 9.992931422510779038e-01 -1.907660639180993462e-02 -1.340019222348928452e+00 3.254023452406487604e-02 1.802207103246738010e-02 9.993079295656667194e-01 7.851826870441436768e+01
9.989721342349239253e-01 -3.376759814429644568e-02 -3.023945002288530928e-02 4.283219985663890839e-01 3.319257120392291038e-02 9.992622199186076415e-01 -1.932017236488835568e-02 -1.362173199653625488e+00 3.086953577548224789e-02 1.829658872308702680e-02 9.993559458982093080e-01 7.978845977783203125e+01
9.990359564040005580e-01 -3.474305809300440306e-02 -2.683426403481218442e-02 4.506899230182170868e-01 3.422312103907350356e-02 9.992220432946775643e-01 -1.959811675530274619e-02 -1.384216621518135071e+00 2.749428664811687587e-02 1.866087105029331367e-02 9.994477655652422854e-01 8.104199504852294922e+01
9.990402416362286209e-01 -3.542922887050085207e-02 -2.575587958248684931e-02 4.738616403192281723e-01 3.491881023108034388e-02 9.991899215340876994e-01 -2.000443442712816419e-02 -1.406765343621373177e+00 2.644375698481010381e-02 1.908587033239880076e-02 9.994680871694618940e-01 8.232117545604705811e+01
9.989945291508063319e-01 -3.600476134911959059e-02 -2.671306584710290630e-02 4.988434445112943649e-01 3.544411240701859228e-02 9.991473524400630302e-01 -2.117269486133124129e-02 -1.428820593282580376e+00 2.745260684228990194e-02 2.020458542522849885e-02 9.994188957115816008e-01 8.360060572624206543e+01
9.989546314837957075e-01 -3.643427867032626721e-02 -2.760774483450018774e-02 5.275555681437253952e-01 3.580144945187610506e-02 9.990923734688913482e-01 -2.307998036052437765e-02 -1.450280373916029930e+00 2.842358974898531732e-02 2.206745599452821990e-02 9.993523537430183401e-01 8.484990191459655762e+01
9.989353856258096354e-01 -3.697774731145628963e-02 -2.758154361860709267e-02 5.611015614122152328e-01 3.627331301298680755e-02 9.990135059788297633e-01 -2.561760400483380218e-02 -1.471352513879537582e+00 2.850161587834839153e-02 2.458985717031885940e-02 9.992912472430980353e-01 8.608338522911071777e+01
9.989435942631781362e-01 -3.729740579263637196e-02 -2.684397514717812641e-02 5.991931203752756119e-01 3.653515691391882869e-02 9.989302432737678927e-01 -2.834698189025130696e-02 -1.492078937590122223e+00 2.787252751076284285e-02 2.733628713176536676e-02 9.992376342072046835e-01 8.731842422485351562e+01
9.989450355998005238e-01 -3.753670680328743264e-02 -2.645395042101639227e-02 6.398774925619363785e-01 3.670876801502182679e-02 9.988414183906544341e-01 -3.111731444332722571e-02 -1.512247510254383087e+00 2.759134286932893657e-02 3.011339485527371809e-02 9.991656025148972775e-01 8.853432810306549072e+01
9.989233662400714975e-01 -3.773538308735734786e-02 -2.698424063883112303e-02 6.850284580141305923e-01 3.680203055392352457e-02 9.987342038502445840e-01 -3.428703263226798997e-02 -1.532823409885168076e+00 2.824391840223377040e-02 3.325704320694362892e-02 9.990476716105289867e-01 8.977950441837310791e+01
9.988845397782721847e-01 -3.797101979955513212e-02 -2.806916185658821228e-02 7.326467167586088181e-01 3.692443726364281337e-02 9.986362488494948675e-01 -3.690837867711174725e-02 -1.553957615047693253e+00 2.943233128233066140e-02 3.583077084283232960e-02 9.989243683763529003e-01 9.108226215839385986e+01
9.988492157629754731e-01 -3.785597190840132159e-02 -2.944774287715727634e-02 7.835458200424909592e-01 3.669073766840324352e-02 9.985594371002080027e-01 -3.915150504724064506e-02 -1.575853537768125534e+00 3.088743982652580530e-02 3.802599070354412830e-02 9.987992741747345748e-01 9.246044576168060303e+01
9.988115556151965224e-01 -3.787165155440481989e-02 -3.067921736440927874e-02 8.379676062613725662e-01 3.661314557870901792e-02 9.985046888735326087e-01 -4.059388954512807568e-02 -1.597916163504123688e+00 3.217070002942404999e-02 3.942238331343686508e-02 9.987046218745085913e-01 9.388364160060882568e+01
9.988154767969080750e-01 -3.772879755411850944e-02 -3.072753075151524529e-02 8.912116121500730515e-01 3.645341686936478393e-02 9.984915085383332389e-01 -4.105917407098897548e-02 -1.618595654144883156e+00 3.223029180000214211e-02 3.989041503875088990e-02 9.986841157635996113e-01 9.526818394660949707e+01
9.988743174846972384e-01 -3.751446598686920819e-02 -2.903037566412944998e-02 9.430902805179357529e-01 3.630894290460227186e-02 9.984994076608127989e-01 -4.099504319007834380e-02 -1.639298081398010254e+00 3.052472005818855291e-02 3.989483353425715695e-02 9.987375249396827082e-01 9.664659941196441650e+01
9.989447317256880954e-01 -3.684520887959220892e-02 -2.741994785028351034e-02 9.939347933977842331e-01 3.570347679351729836e-02 9.985200459529112171e-01 -4.102413405607312907e-02 -1.659747295081615448e+00 2.889091037589193098e-02 4.000185511717058856e-02 9.987818414873375072e-01 9.799472045898437500e+01
9.989896918472452869e-01 -3.601519837750793290e-02 -2.687937999237504511e-02 1.044328527525067329e+00 3.488824920640330729e-02 9.985383562441068062e-01 -4.127906462880474164e-02 -1.679711267352104187e+00 2.832676561589128617e-02 4.029958554558458333e-02 9.987860320181678464e-01 9.931722342967987061e+01
9.990093991719946054e-01 -3.511275174565463286e-02 -2.733706331810822204e-02 1.092339126393198967e+00 3.395685921526513801e-02 9.985547627054250919e-01 -4.165714333156943922e-02 -1.699646225199103355e+00 2.876025170691128702e-02 4.068759692044105619e-02 9.987579122983681890e-01 1.006070235967636108e+02
9.990008154510550131e-01 -3.439542164307295147e-02 -2.853639252117203678e-02 1.139261348173022270e+00 3.317617593243273738e-02 9.985602279443723805e-01 -4.215225401070965550e-02 -1.719658236950635910e+00 2.994515117055590245e-02 4.116340775103959071e-02 9.987035905531201907e-01 1.019154497385025024e+02
9.989794018127695630e-01 -3.387627033368816737e-02 -2.987562655543857942e-02 1.184141030535101891e+00 3.259403652525880157e-02 9.985685134791483231e-01 -4.240934650562232233e-02 -1.739975754171609879e+00 3.126953048562199078e-02 4.139229634029410049e-02 9.986535406570619111e-01 1.032423447370529175e+02
9.989590187781141051e-01 -3.334646661182570637e-02 -3.112702951413084951e-02 1.227563934400677681e+00 3.201939360496613984e-02 9.985959415828421504e-01 -4.220075695348214639e-02 -1.760443445295095444e+00 3.249057147908348403e-02 4.116015814817785418e-02 9.986241555991820507e-01 1.045766394138336182e+02
9.989346288020036768e-01 -3.305088416665957068e-02 -3.220631049973195215e-02 1.268217043951153755e+00 3.170575711774218514e-02 9.986387292354300671e-01 -4.141779130562416728e-02 -1.781260771676898003e+00 3.353136361369506852e-02 4.035254052531944691e-02 9.986227116020136574e-01 1.059032639265060425e+02
9.989112802138877534e-01 -3.282987562933359360e-02 -3.314292575519348777e-02 1.307224171236157417e+00 3.148725438289672052e-02 9.986933874636189090e-01 -4.025010121563336873e-02 -1.802206777036190033e+00 3.442102660988673180e-02 3.916270039979965339e-02 9.986398128577275157e-01 1.072384786605834961e+02
9.988924671280108303e-01 -3.273442296439097593e-02 -3.379787963917777610e-02 1.345341192558407784e+00 3.141571157804691483e-02 9.987515564812777802e-01 -3.883788733015937356e-02 -1.823625333607196808e+00 3.502702072630448776e-02 3.773308865456865419e-02 9.986737814920473300e-01 1.085922117233276367e+02
9.988692348437083757e-01 -3.270864535215309982e-02 -3.450211880408798892e-02 1.382253454998135567e+00 3.141177092513249697e-02 9.988034329344790407e-01 -3.748336972107149667e-02 -1.844661025330424309e+00 3.568686495184648921e-02 3.635721218034480146e-02 9.987014572896056874e-01 1.099267807006835938e+02
9.988436696259700431e-01 -3.272230684823704966e-02 -3.522178704517753278e-02 1.418176116421818733e+00 3.143989697057057026e-02 9.988437975820575465e-01 -3.636758048500866869e-02 -1.865756573155522346e+00 3.637109465779005818e-02 3.521815819124411717e-02 9.987175901159499602e-01 1.112658375501632690e+02
9.988286091500510055e-01 -3.270931473204330420e-02 -3.565824270957484304e-02 1.452563105151057243e+00 3.144421213555501776e-02 9.988755807897363725e-01 -3.548007363494515981e-02 -1.886476423591375351e+00 3.677867679170944426e-02 3.431726725319268756e-02 9.987340257054047044e-01 1.125809490680694580e+02
9.988032340063364156e-01 -3.308636195643004096e-02 -3.601933357200811509e-02 1.485767101868987083e+00 3.184862462839355146e-02 9.989001674316658752e-01 -3.441105366404025728e-02 -1.908158887177705765e+00 3.711825491268650606e-02 3.322270545090921789e-02 9.987584728024883063e-01 1.139264036417007446e+02
9.987845949699383219e-01 -3.347122570884946552e-02 -3.618024184943308824e-02 1.518449863418936729e+00 3.227515941234664759e-02 9.989290555827879947e-01 -3.315201347409692939e-02 -1.930836997926235199e+00 3.725113334710538487e-02 3.194399727689613278e-02 9.987952413294377552e-01 1.153202799558639526e+02
9.987661235785806335e-01 -3.374468029632735760e-02 -3.643524315157053994e-02 1.550427986308932304e+00 3.258282252378448540e-02 9.989558452777625996e-01 -3.202466021325726248e-02 -1.954163990914821625e+00 3.747786104087283410e-02 3.079798267889759592e-02 9.988227541434523404e-01 1.167583940029144287e+02
9.987293481328016753e-01 -3.435081326025317405e-02 -3.687425669200922185e-02 1.582030640915036201e+00 3.320507054714574163e-02 9.989599837513463143e-01 -3.124698631018559686e-02 -1.978436782956123352e+00 3.790926625757938540e-02 2.998286997385451319e-02 9.988312745603948883e-01 1.182440384626388550e+02
9.986853870588360271e-01 -3.507437324109197174e-02 -3.738028914932903235e-02 1.612731233239173889e+00 3.393970350776326361e-02 9.989562707973861366e-01 -3.056902943150957216e-02 -2.003169640898704529e+00 3.841346379784041365e-02 2.926016705905740145e-02 9.988334437846623226e-01 1.197498415708541870e+02
9.986404459919396848e-01 -3.540673947607492211e-02 -3.825731862915958403e-02 1.644740074872970581e+00 3.424357537338978963e-02 9.989436351810091486e-01 -3.064296455954708398e-02 -2.028023276478052139e+00 3.930187240662529752e-02 2.929123642019989052e-02 9.987979707099475801e-01 1.212695140838623047e+02
9.985899772812086850e-01 -3.556134444831243052e-02 -3.941380538014106066e-02 1.680021375417709351e+00 3.432676563978177137e-02 9.989119179119714254e-01 -3.156981808845831655e-02 -2.053325990214943886e+00 4.049358509970011483e-02 3.017235546746940486e-02 9.987241353503568675e-01 1.228376171588897705e+02
9.985547855302188136e-01 -3.536916692501910348e-02 -4.046433399586329277e-02 1.719703998416662216e+00 3.404205786966872649e-02 9.988744768360330317e-01 -3.302904512000760101e-02 -2.079040044918656349e+00 4.158700026085998536e-02 3.160382186653232922e-02 9.986349282158779594e-01 1.244506661891937256e+02
9.985155410200845516e-01 -3.510080712986955731e-02 -4.164910179342887903e-02 1.762774690985679626e+00 3.366068850749924513e-02 9.988276499684947130e-01 -3.478913203308134361e-02 -2.104265168309211731e+00 4.282140108133794532e-02 3.333555155154564048e-02 9.985264486292715347e-01 1.260499420166015625e+02
9.984752983994771292e-01 -3.472580993364203505e-02 -4.290916697545678338e-02 1.811475578695535660e+00 3.313250113833413751e-02 9.987546392122812478e-01 -3.730158200752781150e-02 -2.129429161548614502e+00 4.415105722848944314e-02 3.582302020207960708e-02 9.983823893525005655e-01 1.276585048437118530e+02
9.984305772252142219e-01 -3.431869984268227924e-02 -4.425617813179912041e-02 1.864503983408212662e+00 3.254698295179546397e-02 9.986634051541791735e-01 -4.015092908757428997e-02 -2.153617333620786667e+00 4.557495323597370723e-02 3.864751022986815526e-02 9.982130502004925576e-01 1.292232438325881958e+02
9.983711851710637131e-01 -3.390503166708676991e-02 -4.588491525304835839e-02 1.921439502388238907e+00 3.190895891414950725e-02 9.985412593627455147e-01 -4.355653442684737781e-02 -2.175971694290637970e+00 4.729476674158258204e-02 4.202144902208710536e-02 9.979966948146388184e-01 1.307017241716384888e+02
9.982879485615211435e-01 -3.366837190004694225e-02 -4.782899215360888329e-02 1.984497655183076859e+00 3.140963724290153636e-02 9.983907137190407566e-01 -4.721670729576179365e-02 -2.197711065411567688e+00 4.934173127383334467e-02 4.563357857087740194e-02 9.977389288093936326e-01 1.321553335189819336e+02
9.982342686512372110e-01 -3.360932461864184206e-02 -4.897711903540612199e-02 2.053989779204130173e+00 3.111974530966249083e-02 9.982270976205479540e-01 -5.073680151446993691e-02 -2.219712132588028908e+00 5.059551701674096930e-02 4.912305848311701584e-02 9.975104103632567165e-01 1.336125649213790894e+02
9.982040344678796417e-01 -3.380234786504478922e-02 -4.945813230257008197e-02 2.127824824303388596e+00 3.113726385130971205e-02 9.980716180149687977e-01 -5.369838091447391715e-02 -2.241748424246907234e+00 5.117788948268525706e-02 5.206194955812275260e-02 9.973316284146941380e-01 1.350466929674148560e+02
9.981661985779842761e-01 -3.413410206463388108e-02 -4.999103012158689213e-02 2.205090504139661789e+00 3.129032706574894768e-02 9.979062648710547156e-01 -5.660390413407001553e-02 -2.263833152130246162e+00 5.181848558665825416e-02 5.493586813131915575e-02 9.971443701611937271e-01 1.364640781879425049e+02
9.981204214540377873e-01 -3.451932260216714760e-02 -5.063635693354735096e-02 2.282295200973749161e+00 3.150525264401821818e-02 9.977512129330300406e-01 -5.916025816799553444e-02 -2.284553432837128639e+00 5.256465858588524331e-02 5.745375059780528926e-02 9.969634011386749872e-01 1.377997225522994995e+02
9.980750873773210907e-01 -3.513346534028811280e-02 -5.110537711371906933e-02 2.360944855958223343e+00 3.196339810686004562e-02 9.975903800431754620e-01 -6.157738892462891883e-02 -2.305327007547020912e+00 5.314565963665370679e-02 5.982535631732927711e-02 9.967930906679125513e-01 1.390968223810195923e+02
9.980147142265185511e-01 -3.602585149139273663e-02 -5.166012206412874674e-02 2.445338334888219833e+00 3.269304969204395866e-02 9.974162540870562532e-01 -6.396859061116207112e-02 -2.327337110415101051e+00 5.383116838035480189e-02 6.215266774053245652e-02 9.966138927405843173e-01 1.404428684711456299e+02
9.979940165963968601e-01 -3.702598008089448556e-02 -5.135191950492158652e-02 2.535816114395856857e+00 3.357640537326561647e-02 9.972223891026578135e-01 -6.648407083352768365e-02 -2.350785896182060242e+00 5.367092173608425248e-02 6.462649202483909672e-02 9.964651768569549040e-01 1.418323301076889038e+02
9.979640542988762464e-01 -3.796367304536109322e-02 -5.124944737511230586e-02 2.631130862981081009e+00 3.438159367660784116e-02 9.970203142171968347e-01 -6.905359552187589900e-02 -2.375133264809846878e+00 5.371826824839127240e-02 6.715096847512418143e-02 9.962956865756504854e-01 1.432692387104034424e+02
9.979454840951772487e-01 -3.868594530985361435e-02 -5.107062178518492757e-02 2.729956027120351791e+00 3.495440589133860798e-02 9.967890482628103399e-01 -7.204014694671613539e-02 -2.398901082575321198e+00 5.369357766833891127e-02 7.010699607602594030e-02 9.960933735440519188e-01 1.446960750818252563e+02
9.979398939329302554e-01 -3.904606676779575486e-02 -5.090552786384679868e-02 2.836145650595426559e+00 3.513800055605845185e-02 9.965244482706061557e-01 -7.552711377966564443e-02 -2.422917541116476059e+00 5.367763979586362422e-02 7.358280144795359412e-02 9.958435029245391590e-01 1.461460723876953125e+02
9.978992447721480863e-01 -3.935555497104060302e-02 -5.146102968361566249e-02 2.953798253089189529e+00 3.518930818681693939e-02 9.962135602450623573e-01 -7.950003127792421020e-02 -2.448151789605617523e+00 5.439494344614938248e-02 7.752214313845502691e-02 9.955056541530596936e-01 1.476760785579681396e+02
9.978598636548619005e-01 -3.962402324132976300e-02 -5.201566387993882684e-02 3.079412106424570084e+00 3.520466199327869361e-02 9.959033242991561785e-01 -8.328985786894198273e-02 -2.473966771736741066e+00 5.510285183762463762e-02 8.128041235168603773e-02 9.951669057436046684e-01 1.492521102428436279e+02
9.978412469693781484e-01 -4.010830274500509773e-02 -5.200163360425937020e-02 3.217448342591524124e+00 3.550949518312204040e-02 9.956163088493750202e-01 -8.652884666390645019e-02 -2.501591853797435760e+00 5.524419968138240961e-02 8.449550049594960199e-02 9.948912447084367061e-01 1.509343421459197998e+02
9.978341990313575049e-01 -4.063254259091756554e-02 -5.172917673853376364e-02 3.366718459874391556e+00 3.589200149925214633e-02 9.953412577672431372e-01 -8.948488595679172930e-02 -2.530756277963519096e+00 5.512418227807895643e-02 8.743441581505310978e-02 9.946439299866326467e-01 1.527103524208068848e+02
9.978564414968291718e-01 -4.090748318110100368e-02 -5.107934986932638477e-02 3.519825834780931473e+00 3.605882171189343094e-02 9.950612207724753855e-01 -9.248204307616016140e-02 -2.559418484568595886e+00 5.461028785892818593e-02 9.044194123623619519e-02 9.944033244742226385e-01 1.544866539239883423e+02
9.979759685186861962e-01 -4.077698548034678488e-02 -4.879757898016980067e-02 3.676797959953546524e+00 3.593580828701885971e-02 9.947057721023376820e-01 -9.627587771114327897e-02 -2.587489552795886993e+00 5.246507354372953458e-02 9.432743186066275265e-02 9.941578102377022219e-01 1.562296150922775269e+02
9.980795143452675378e-01 -4.065346197293485953e-02 -4.673948089067807288e-02 3.837626118212938309e+00 3.579626545189017878e-02 9.942996364744036697e-01 -1.004333624179066520e-01 -2.614460844546556473e+00 5.055601273847389054e-02 9.856738272108024612e-02 9.938453404023703808e-01 1.579209567308425903e+02
9.981028236382142316e-01 -4.080714755925566456e-02 -4.610347224994042897e-02 4.000741738826036453e+00 3.577930810561830849e-02 9.938220703718266824e-01 -1.050596666344382202e-01 -2.640448387712240219e+00 5.010583356164358126e-02 1.032107995799528138e-01 9.933966661375301932e-01 1.595522574186325073e+02
9.980903145525088505e-01 -4.109725465248355997e-02 -4.611658765024471279e-02 4.165957797318696976e+00 3.581373153821640343e-02 9.932792185990291234e-01 -1.100625755314255244e-01 -2.665618965402245522e+00 5.032991784001190211e-02 1.082007835430552761e-01 9.928542137750568930e-01 1.611239223480224609e+02
9.980485554523930158e-01 -4.150891482884658951e-02 -4.664859000144821327e-02 4.334680471569299698e+00 3.590193429339375020e-02 9.926936930040782814e-01 -1.151967142930637317e-01 -2.689462477341294289e+00 5.108945168412450111e-02 1.132971396799428293e-01 9.922467566421968588e-01 1.626497685909271240e+02
9.980097795915452430e-01 -4.182728737481552356e-02 -4.719065448264146700e-02 4.506675709038972855e+00 3.590667658482170344e-02 9.921248583823606415e-01 -1.199957330758634894e-01 -2.712651113048195839e+00 5.183811740667737533e-02 1.180624555506341461e-01 9.916521901216606150e-01 1.641311025619506836e+02
9.979771147084591787e-01 -4.180325973266071221e-02 -4.789745289577180404e-02 4.677421007305383682e+00 3.556299760120181647e-02 9.915889953309245941e-01 -1.244449176954390418e-01 -2.734439523890614510e+00 5.269679041266066288e-02 1.224898028993899185e-01 9.910697737626109616e-01 1.655396200418472290e+02
9.979660699184471628e-01 -4.164663559244136115e-02 -4.826262565753552947e-02 4.848267141729593277e+00 3.514640415489486691e-02 9.910895284096986613e-01 -1.284767564644364868e-01 -2.755173631012439728e+00 5.318320756131392213e-02 1.265191859777469729e-01 9.905374510905776697e-01 1.668938485383987427e+02
