0.000000000000000000e+00 0.000000000000000000e+00 0.000000000000000000e+00 0.000000000000000000e+00 0.000000000000000000e+00 0.000000000000000000e+00 0.000000000000000000e+00 0.000000000000000000e+00 0.000000000000000000e+00 0.000000000000000000e+00 0.000000000000000000e+00 0.000000000000000000e+00
9.999994635582680758e-01 -6.767600859122317476e-04 8.055869049569213108e-04 -4.702047910541296005e-03 6.771181089078454063e-04 9.999996426146657846e-01 -4.441961613872667781e-04 -2.267200313508510590e-02 -8.052860503084957600e-04 4.447414087436225155e-04 9.999995827675220994e-01 1.185252070426940918e+00
9.999995827674865723e-01 -8.860133763963048059e-04 -3.354515243856175810e-05 -1.869013416580855846e-03 8.860013331286609173e-04 9.999995231521495720e-01 -3.572503838770814725e-04 -2.146353200078010559e-02 3.386166645213961601e-05 3.572205314412713051e-04 9.999999403953552246e-01 1.175089359283447266e+00
9.999996423721491112e-01 -8.080128149190100818e-04 -2.764124349795558152e-04 4.397867887746542692e-04 8.077978955590460475e-04 9.999994037798740631e-01 -7.766896011379731705e-04 -2.150944992899894714e-02 2.770398277789354324e-04 7.764659941253936049e-04 9.999996423721491112e-01 1.173197627067565918e+00
9.999995231628666659e-01 -9.315315843576903653e-04 -2.464046503031925694e-04 2.124415012076497078e-03 9.312870706409438759e-04 9.999991057024528729e-01 -9.904265160568831872e-04 -2.149744518101215363e-02 2.473270287737250328e-04 9.901965378107668858e-04 9.999994635582254432e-01 1.188645958900451660e+00
9.999994635582254432e-01 -9.918939301747850545e-04 -3.917433728993704057e-04 3.157286439090967178e-03 9.915200635257290229e-04 9.999990459548042665e-01 -9.535114119456789428e-04 -2.048777230083942413e-02 3.926887875422835350e-04 9.531224509702618253e-04 9.999994635582254432e-01 1.158881425857543945e+00
9.999996423721313477e-01 -8.427421727824830396e-04 -1.914326168591741256e-04 6.394494790583848953e-03 8.424753905273973942e-04 9.999986884727215530e-01 -1.389472112539132630e-03 -2.047004923224449158e-02 1.926033291965723038e-04 1.389310345984995365e-03 9.999990463256835938e-01 1.160486340522766113e+00
9.999996423721597694e-01 -7.001033272499109688e-04 -4.510882276736256002e-04 8.824954740703105927e-03 6.994778853532113150e-04 9.999988074694406981e-01 -1.385152611737905728e-03 -1.939610019326210022e-02 4.520574293565005064e-04 1.384836572912426234e-03 9.999989271165077298e-01 1.119418859481811523e+00
9.999992847443586186e-01 -5.920972860313164499e-04 -1.047057194790575489e-03 9.998676367104053497e-03 5.910512148908503294e-04 9.999993437307315158e-01 -9.990804213242173316e-04 -1.885603368282318115e-02 1.047648023813962936e-03 9.984608505724384964e-04 9.999989867212946137e-01 1.087003707885742188e+00
9.999992251397458176e-01 -6.497905343389592803e-04 -1.051394419018207701e-03 8.983175270259380341e-03 6.491777031435094769e-04 9.999995823698432096e-01 -5.831269558668420588e-04 -1.846259087324142456e-02 1.051772967912256718e-03 5.824439944811903025e-04 9.999992847443586186e-01 1.057154536247253418e+00
9.999991655351436748e-01 -8.505715829935336014e-04 -9.542394440757594101e-04 6.328028626739978790e-03 8.511003123004290405e-04 9.999994640084789443e-01 5.538126449184654085e-04 -1.779023185372352600e-02 9.537679143249988556e-04 -5.546243312137266734e-04 9.999993443489927358e-01 1.021507263183593750e+00
9.999992847443870403e-01 -7.349930996333477705e-04 -8.904937522296845886e-04 4.523375071585178375e-03 7.355155381270697679e-04 9.999995235472859401e-01 5.865108169188914134e-04 -1.810004562139511108e-02 8.900623070076107979e-04 -5.871654017360790345e-04 9.999994039536268531e-01 1.030436515808105469e+00
9.999993443489927358e-01 -6.219785125928880849e-04 -9.877108146819271045e-04 3.664489369839429855e-03 6.225315679457832374e-04 9.999996427165734891e-01 5.597073715444394202e-04 -1.801605895161628723e-02 9.873623494058847427e-04 -5.603218689701205957e-04 9.999993443489927358e-01 1.029826283454895020e+00
9.999994039536375112e-01 -6.540132820648920063e-04 -8.733192839442869247e-04 3.774686018005013466e-03 6.543297774505574260e-04 9.999997021840104638e-01 3.621556058303050489e-04 -1.830086298286914825e-02 8.730822009965777397e-04 -3.627268464424099337e-04 9.999995827675078885e-01 1.052783966064453125e+00
9.999993443489927358e-01 -9.503506169129291407e-04 -6.035992144243472208e-04 3.479204839095473289e-03 9.506027027817894048e-04 9.999994637979667811e-01 4.175272503416584840e-04 -1.877046562731266022e-02 6.032020901329815388e-04 -4.181007805509825981e-04 9.999997615814315566e-01 1.073657035827636719e+00
9.999989271166782601e-01 -9.596791504117906189e-04 -1.076888661250260081e-03 5.369365215301513672e-03 9.595475959490729068e-04 9.999995230371576671e-01 -1.226507215028652380e-04 -1.885733753442764282e-02 1.077005872502923012e-03 1.216172679931876166e-04 9.999994039535522461e-01 1.111345052719116211e+00
9.999990463259074147e-01 -9.060363527788148786e-04 -1.032800860208432647e-03 5.394556093961000443e-03 9.058192751815706545e-04 9.999995825712935105e-01 -2.106099719496469622e-04 -1.925980299711227417e-02 1.032991218380630016e-03 2.096742430958628556e-04 9.999994635581970215e-01 1.130648493766784668e+00
9.999994039536090895e-01 -9.595009123196621571e-04 -5.321234242502382531e-04 5.186925642192363739e-03 9.595566682300826766e-04 9.999995232164525794e-01 1.045043295087616400e-04 -1.964155584573745728e-02 5.320229101926088333e-04 -1.050148732569949894e-04 9.999998807907104492e-01 1.160293698310852051e+00
9.999993443489714195e-01 -1.008299145667971436e-03 -4.307670939700759469e-04 5.347774364054203033e-03 1.008273564224101970e-03 9.999994635325251124e-01 -5.953294710700489541e-05 -2.047079987823963165e-02 4.308269126340746880e-04 5.909858032630832536e-05 9.999998807907104492e-01 1.197168469429016113e+00
9.999996423721597694e-01 -6.481372007223690831e-04 -5.029437899409921206e-04 5.591141525655984879e-03 6.480702823465633866e-04 9.999997615381031046e-01 -1.332029975777646329e-04 -2.036169171333312988e-02 5.030300235375761986e-04 1.328770145696961391e-04 9.999998807907104492e-01 1.220690727233886719e+00
9.999998211860656738e-01 -6.287325551584964410e-04 -6.387230971225451442e-05 4.229797981679439545e-03 6.287470459938049316e-04 9.999998211951767191e-01 2.273407828899580777e-04 -1.996770314872264862e-02 6.372935604304075241e-05 -2.273808931931853294e-04 1.000000000000000000e+00 1.205196976661682129e+00
9.999996423721313477e-01 -8.362701800403200695e-04 9.928249585993913055e-05 2.086587948724627495e-03 8.361939690075814724e-04 9.999993442850784175e-01 7.652796196010643601e-04 -2.029588632285594940e-02 -9.992241393774747849e-05 -7.651963387615978718e-04 9.999997019767761230e-01 1.228662252426147461e+00
9.999997019767761230e-01 -7.731506592326541517e-04 -1.802457986877157832e-04 4.033431468997150660e-04 7.732834201306104660e-04 9.999994040561246411e-01 7.374709385528603741e-04 -1.999778673052787781e-02 1.796755241230130196e-04 -7.376100984402000904e-04 9.999997019767761230e-01 1.221260428428649902e+00
9.999997615814351093e-01 -5.165642822135823198e-04 -5.425072560497066262e-04 -5.992970545776188374e-04 5.168657482985186680e-04 9.999997021325990332e-01 5.556476603813540263e-04 -2.015889436006546021e-02 5.422200774773955345e-04 -5.559279153507373783e-04 9.999997019767974393e-01 1.219416856765747070e+00
9.999998807907104492e-01 -5.078362330954233964e-04 -1.894711634923027877e-04 -1.391042373143136501e-03 5.079686525277793407e-04 9.999996424393631234e-01 6.994661633303253263e-04 -1.969716139137744904e-02 1.891158754006028175e-04 -6.995623116381466389e-04 9.999997615814208984e-01 1.191514611244201660e+00
9.999998807907104492e-01 -4.643286647721623565e-04 9.843121305408809114e-05 -1.392115838825702667e-03 4.642872663680464029e-04 9.999998211668391646e-01 4.200767621848319256e-04 -2.013962343335151672e-02 -9.862624574452638626e-05 -4.200310213491320610e-04 9.999999403953552246e-01 1.210334658622741699e+00
9.999998807907104492e-01 -4.694155798321592737e-04 -3.329934543020265144e-05 -5.786956753581762314e-04 4.694161762017756701e-04 9.999998807909904475e-01 1.789824386599169113e-05 -1.991776376962661743e-02 3.329094033688306808e-05 -1.791387330740690231e-05 1.000000000000000000e+00 1.180008769035339355e+00
9.999999403953552246e-01 -3.076392454578740377e-04 -1.203907785018066981e-04 1.134523656219244003e-03 3.076114808209240437e-04 9.999999403868145009e-01 -2.305222658245168442e-04 -1.958532817661762238e-02 1.204616855829954147e-04 2.304852241650223732e-04 1.000000000000000000e+00 1.145211815834045410e+00
9.999998807907140019e-01 -3.312865297550059477e-04 -3.508614910645478039e-04 1.906618708744645119e-03 3.311136190860784756e-04 9.999998211288131378e-01 -4.927608123571487449e-04 -1.958202943205833435e-02 3.510246751829981804e-04 4.926445833134882046e-04 9.999998211860727793e-01 1.130598902702331543e+00
9.999998211860727793e-01 -3.239509237272220868e-04 -4.926791366697185013e-04 3.063339041545987129e-03 3.236695388986673971e-04 9.999997614903496368e-01 -5.711163996724802090e-04 -1.893559470772743225e-02 4.928640555590391159e-04 5.709568405687023840e-04 9.999997019767974393e-01 1.109264969825744629e+00
9.999998211860727793e-01 -3.962830793551654920e-04 -4.672979464364668311e-04 4.701245576143264771e-03 3.959515707736768753e-04 9.999997018455102360e-01 -7.092757691925361506e-04 -1.860686019062995911e-02 4.675788513850420713e-04 7.090905883688422562e-04 9.999996423721597694e-01 1.085216641426086426e+00
9.999997615814315566e-01 -6.397405247158289166e-04 -3.650556542896621435e-04 2.037427620962262154e-03 6.398676978875555976e-04 9.999997616628055752e-01 3.483459807748489354e-04 -1.931019127368927002e-02 3.648326965048909187e-04 -3.485794669863886974e-04 9.999998807907140019e-01 1.083550572395324707e+00
9.999993443490140521e-01 -8.331057808617817022e-04 -7.410062197710062977e-04 -1.888804719783365726e-03 8.335548180736403190e-04 9.999994639326411638e-01 6.059134046495904440e-04 -2.035435847938060760e-02 7.405010401271283627e-04 -6.065306890850157007e-04 9.999995231628950876e-01 1.151857733726501465e+00
9.999993443489927358e-01 -6.424101628477035808e-04 -1.006433214876596488e-03 -3.339824965223670006e-03 6.428432379514958939e-04 9.999997022553448467e-01 4.300068083842205412e-04 -1.946817152202129364e-02 1.006156671792268753e-03 -4.306534812835161041e-04 9.999994039536090895e-01 1.137717366218566895e+00
9.999994635582467595e-01 -5.435475680709570467e-04 -9.358506353705070818e-04 -4.295165650546550751e-03 5.439518194733962420e-04 9.999997618014166978e-01 4.317342398768633511e-04 -1.818250119686126709e-02 9.356157388538122177e-04 -4.322430410934954836e-04 9.999994635582467595e-01 1.110961794853210449e+00
9.999997615814351093e-01 -4.535971756899812002e-04 -4.641743660055564608e-04 -6.349902134388685226e-03 4.540504637467988880e-04 9.999994041593510685e-01 9.769199330981769881e-04 -1.692365109920501709e-02 4.637309757526963949e-04 -9.771304902874700105e-04 9.999994039536090895e-01 1.090184092521667480e+00
9.999999403953552246e-01 -1.294313670206755714e-04 -3.916168061045911309e-04 -2.898594597354531288e-03 1.293463206122023867e-04 9.999999999890005764e-01 -2.171828117495316153e-04 -1.641620695590972900e-02 3.916448913514614105e-04 2.171321409787443923e-04 9.999999403953552246e-01 1.075103282928466797e+00
9.999992847442626953e-01 -7.066602779457660803e-05 -1.210833385382045855e-03 -5.638559814542531967e-04 6.946782502222081934e-05 9.999995230796063783e-01 -9.895824565277820759e-04 -1.596030779182910919e-02 1.210902701131999493e-03 9.894976299864022273e-04 9.999988079074455527e-01 1.007235765457153320e+00
9.999975562097063175e-01 -3.100860641975412163e-04 -2.171369620299053258e-03 6.195582100190222263e-04 3.077972443189247453e-04 9.999994032492650620e-01 -1.054338917897520512e-03 -1.581794209778308868e-02 2.171695232391357422e-03 1.053668025511711459e-03 9.999970793736849828e-01 9.669014811515808105e-01
9.999967217445373535e-01 -2.402408127755423619e-04 -2.568549774394482399e-03 2.254472114145755768e-03 2.372022509065825624e-04 9.999992840236507918e-01 -1.183229980757907448e-03 -1.549242250621318817e-02 2.568832132965326309e-03 1.182616769499447718e-03 9.999960064911448399e-01 9.430313110351562500e-01
9.999970793725765361e-01 -3.924170161279845752e-04 -2.397578188751961145e-03 5.609808489680290222e-03 3.881017866059210952e-04 9.999983293954776142e-01 -1.800029701753313961e-03 -1.613036356866359711e-02 2.398280426859855652e-03 1.799093883640856539e-03 9.999955296562461626e-01 9.628384709358215332e-01
9.999986290932483257e-01 -3.459485275341126409e-04 -1.616026269187189257e-03 8.605396375060081482e-03 3.427202626590034051e-04 9.999979723357245165e-01 -1.997499551016509133e-03 -1.716711558401584625e-02 1.616713940165936947e-03 1.996942971181692172e-03 9.999967217471166236e-01 1.010281801223754883e+00
9.999997019767903339e-01 -2.637607972043962828e-04 -6.473357295474976847e-04 1.227738615125417709e-02 2.625057197162133926e-04 9.999980327172559580e-01 -1.938155484056865987e-03 -1.835743337869644165e-02 6.478457362391054630e-04 1.937985074590614643e-03 9.999978542332428333e-01 1.077265977859497070e+00
9.999999403953552246e-01 -3.456703447742891580e-04 1.383846990091890409e-04 1.338287256658077240e-02 3.458489081822335720e-04 9.999991059920342318e-01 -1.292380917608002043e-03 -1.948201283812522888e-02 -1.379378372803330421e-04 1.292428700253367424e-03 9.999991655349731445e-01 1.124203324317932129e+00
9.999999403953552246e-01 -3.691901852394143912e-04 -7.542154123593738349e-05 1.381382718682289124e-02 3.691577003337442875e-04 9.999998211740644960e-01 -4.304159023142076364e-04 -2.092115394771099091e-02 7.558043580502271652e-05 4.303880268707871437e-04 9.999998807907104492e-01 1.230384588241577148e+00
9.999998807907104492e-01 -5.011792825553015645e-04 -1.083578100636400335e-04 1.364885177463293076e-02 5.012087640352547169e-04 9.999998212008341936e-01 2.720878448068471032e-04 -2.282822504639625549e-02 1.082214294001460075e-04 -2.721421187743544579e-04 9.999999403953552246e-01 1.315260291099548340e+00
9.999997615814208984e-01 -6.997644748127583017e-04 -2.412137672442136332e-04 1.215708628296852112e-02 6.999189499765634537e-04 9.999995828755616767e-01 6.409126386335697390e-04 -2.301014587283134460e-02 2.407651627436280251e-04 -6.410813075490295887e-04 9.999998211860656738e-01 1.325445175170898438e+00
9.999995231628844294e-01 -8.576577463109790042e-04 -4.812781580570240888e-04 9.011812508106231689e-03 8.582911245885518903e-04 9.999987488458318419e-01 1.317334825441732193e-03 -2.247459627687931061e-02 4.801477480214089155e-04 -1.317747245848488458e-03 9.999989867211453998e-01 1.307943224906921387e+00
9.999996423721633221e-01 -5.909996858312735381e-04 -5.565616990296088414e-04 7.935352623462677002e-03 5.914849568483121489e-04 9.999994638452289752e-01 8.721984332355259316e-04 -2.217578887939453125e-02 5.560459103435277939e-04 -8.725273259680005333e-04 9.999994635582609703e-01 1.291538476943969727e+00
9.999998211860727793e-01 -5.171428417910289756e-04 -3.504060270600901634e-04 5.905246827751398087e-03 5.175327224451152508e-04 9.999992849459661270e-01 1.113511699519735944e-03 -2.171202003955841064e-02 3.498299047350883484e-04 -1.113692814226872885e-03 9.999993443489429978e-01 1.285640358924865723e+00
9.999999403953552246e-01 -2.630103950789310411e-04 -1.818552615695590621e-04 5.889776162803173065e-03 2.631468814797699451e-04 9.999996424080443980e-01 7.508587434301416388e-04 -2.144869789481163025e-02 1.816577278077602386e-04 -7.509065908379852772e-04 9.999997019767761230e-01 1.258578658103942871e+00
1.000000000000000000e+00 1.555848280066747600e-05 4.270653846000217296e-05 7.374898996204137802e-03 -1.556467032060027122e-05 1.000000000000096367e+00 1.448915910975402644e-04 -2.110812067985534668e-02 -4.270428325980901718e-05 -1.448922557756304741e-04 1.000000000000000000e+00 1.240774869918823242e+00
1.000000000000000000e+00 1.915553829383308303e-04 -2.031611456282943781e-04 9.330378845334053040e-03 -1.916383043862879276e-04 9.999999404112439594e-01 -4.082180900660706637e-04 -2.052452415227890015e-02 2.030829200521111488e-04 4.082570085301995277e-04 9.999999403953552246e-01 1.231165885925292969e+00
9.999997019767903339e-01 3.633110249693850716e-04 7.265237882055503851e-04 1.056916266679763794e-02 -3.631302104691452870e-04 9.999998807250783939e-01 -2.490197512234233745e-04 -2.027815580368041992e-02 -7.266142056323587894e-04 2.487558511257981220e-04 9.999997019767903339e-01 1.237260222434997559e+00
9.999999403953552246e-01 1.652429898768688560e-04 2.901126565049848998e-04 1.175424456596374512e-02 -1.650876849278691549e-04 9.999998807650698485e-01 -5.352451153887854973e-04 -1.986517384648323059e-02 -2.902010455727577209e-04 5.351971748726244704e-04 9.999998211860727793e-01 1.194231271743774414e+00
9.999998211860656738e-01 3.419577061399256725e-05 -5.661174425633813288e-04 1.116129290312528610e-02 -3.449170000626930466e-05 9.999998808009176177e-01 -5.227356771027098130e-04 -2.024680003523826599e-02 5.660994793288409710e-04 5.227551093613738709e-04 9.999997019767974393e-01 1.177626013755798340e+00
9.999999403953552246e-01 -2.900362408208843109e-04 1.532184606680516879e-04 8.933018893003463745e-03 2.899967948906123638e-04 9.999998807792698230e-01 2.574807416612089907e-04 -2.014089748263359070e-02 -1.532931346446275711e-04 -2.574363024905323982e-04 9.999999403953552246e-01 1.175446510314941406e+00
9.999998807907104492e-01 -4.478855185168405468e-04 7.217200297304313008e-05 5.592035595327615738e-03 4.478120536077767611e-04 9.999993443159653772e-01 1.014884134210446761e-03 -2.001231908798217773e-02 -7.262651342898607254e-05 -1.014851732179522514e-03 9.999994635581970215e-01 1.178038358688354492e+00
9.999997019767761230e-01 -2.194024797887594196e-04 -7.504672887573584066e-04 4.502657800912857056e-03 2.197725625454997889e-04 9.999998808720531596e-01 4.930950757247232934e-04 -2.009693160653114319e-02 7.503589731641113758e-04 -4.932598370656418596e-04 9.999995827675220994e-01 1.173163890838623047e+00
9.999996423721313477e-01 9.042039793952157687e-05 -8.160692675821030638e-04 5.181301385164260864e-03 -9.029582406058084265e-05 9.999999999887544400e-01 1.526826507158832895e-04 -1.979956030845642090e-02 8.160830475389957428e-04 -1.526089072210329300e-04 9.999996423721313477e-01 1.164707779884338379e+00
9.999994635581970215e-01 9.959735865294701068e-05 -1.061744281235035793e-03 7.545935921370983124e-03 -1.002925026523764085e-04 9.999997616511416831e-01 -6.546808705869789583e-04 -1.951331272721290588e-02 1.061678864061832428e-03 6.547869977936958408e-04 9.999992251397458176e-01 1.181814908981323242e+00
9.999995827674865723e-01 -1.235683278347603762e-04 -9.010239532988564490e-04 9.291159920394420624e-03 1.228416873765188211e-04 9.999997018875161903e-01 -8.064663115947323701e-04 -1.917103677988052368e-02 9.011232759803533554e-04 8.063552796400003109e-04 9.999992847443870403e-01 1.174401044845581055e+00
9.999997019767761230e-01 -1.389397447104951267e-04 -7.869055987917626628e-04 1.098887901753187180e-02 1.380407654931227468e-04 9.999993442248048536e-01 -1.142364957990551133e-03 -1.975268684327602386e-02 7.870637928135693073e-04 1.142255970722046154e-03 9.999990463258789930e-01 1.174508213996887207e+00
9.999998211860727793e-01 -5.141484944805532623e-04 3.895728502913614394e-04 1.233518868684768677e-02 5.145103480399919327e-04 9.999994637443295753e-01 -9.293150391161370894e-04 -1.926982402801513672e-02 -3.890948137268424034e-04 9.295152877560053373e-04 9.999995231628666659e-01 1.127960920333862305e+00
9.999880194691996849e-01 -6.662005583960078567e-04 4.841265753837850627e-03 1.716014184057712555e-02 6.726696331814663310e-04 9.999988718684734712e-01 -1.334734771037219495e-03 -2.043742313981056213e-02 -4.840371198952198029e-03 1.337975385234002612e-03 9.999873638258058861e-01 1.168972730636596680e+00
9.999997019767761230e-01 -1.129421069306235799e-04 7.352106736224933194e-04 1.969112642109394073e-02 1.143636423196862928e-04 9.999981524185637127e-01 -1.933760587542274244e-03 -2.053934335708618164e-02 -7.349908701144158840e-04 1.933844067314373361e-03 9.999978542333387566e-01 1.190530896186828613e+00
9.999984502792358398e-01 -7.449823570560747468e-05 -1.761485318912196698e-03 2.180900610983371735e-02 7.125439022901552955e-05 9.999983308388070702e-01 -1.841529998377695355e-03 -2.112343907356262207e-02 1.761619467288255692e-03 1.841401621608951267e-03 9.999967813517685045e-01 1.208185911178588867e+00
9.999969601631164551e-01 -1.935503063402451785e-04 -2.461868802026571327e-03 2.247025445103645325e-02 1.898693784740425328e-04 9.999988668129203839e-01 -1.495322643116373191e-03 -2.154616452753543854e-02 2.462155418470501900e-03 1.494850610189862872e-03 9.999958276783083022e-01 1.241186976432800293e+00
9.999991655351152531e-01 -6.714954217020555798e-04 -1.100596329856361102e-03 2.158991433680057526e-02 6.707118085997054724e-04 9.999995226374804869e-01 -7.122013183273195620e-04 -2.169174142181873322e-02 1.101074041798710823e-03 7.114625602622423606e-04 9.999991655351152531e-01 1.262194275856018066e+00
9.999983310703548511e-01 -7.983223948463409169e-04 1.671756513830308967e-03 2.165309339761734009e-02 7.987789103722497952e-04 9.999996427376414143e-01 -2.724024341782217890e-04 -2.215397730469703674e-02 -1.671538455411791801e-03 2.737373319064220767e-04 9.999985694886071030e-01 1.270191073417663574e+00
9.999937415153681286e-01 -1.027025962346180378e-03 3.377053199787082797e-03 2.236792445182800293e-02 1.028244786362986218e-03 9.999994052128283739e-01 -3.592053458925594141e-04 -2.204342186450958252e-02 -3.376682288944721222e-03 3.626755408092652289e-04 9.999942183497978476e-01 1.253535270690917969e+00
9.999992251397458176e-01 -6.949314220025338065e-04 1.051206674583077174e-03 2.317171730101108551e-02 6.953774480730062768e-04 9.999996426825182860e-01 -4.239635044358152412e-04 -2.254872210323810577e-02 -1.050911727361381054e-03 4.246941584870531083e-04 9.999993443489714195e-01 1.279180407524108887e+00
9.999993443489714195e-01 -5.279067927544462595e-04 -1.008625594297093498e-03 2.498180419206619263e-02 5.267766621676085725e-04 9.999992245443362071e-01 -1.120403936752325733e-03 -2.205524966120719910e-02 1.009216299280524254e-03 1.119871837974968642e-03 9.999988079074562108e-01 1.279430270195007324e+00
9.999994635582254432e-01 -3.604825095354729733e-04 -9.706914240841337839e-04 2.871212363243103027e-02 3.586717684380402726e-04 9.999982112111366339e-01 -1.864936642312244605e-03 -2.145978063344955444e-02 9.713619365356862545e-04 1.864587464677880391e-03 9.999977946289675401e-01 1.249296188354492188e+00
9.999998807907104492e-01 -4.726375810778376835e-04 -7.686497828387896887e-05 3.354599326848983765e-02 4.724420432467013597e-04 9.999967216518285129e-01 -2.524197356757417604e-03 -2.107213996350765228e-02 7.805775385349988937e-05 2.524160780012607574e-03 9.999968409538269043e-01 1.233483314514160156e+00
9.999997615814315566e-01 -2.597447630865847099e-04 6.300545067751906142e-04 3.809155896306037903e-02 2.614751107029335275e-04 9.999961857551565858e-01 -2.747820582013155329e-03 -2.072642371058464050e-02 -6.293383776210248470e-04 2.747984810161238634e-03 9.999960660941162871e-01 1.235038995742797852e+00
9.999999403953552246e-01 -1.727260683583526962e-04 2.817739358269752935e-04 4.068437218666076660e-02 1.735084703149807062e-04 9.999961258337281000e-01 -2.779048256964665366e-03 -2.016857266426086426e-02 -2.812928287312388420e-04 2.779096897819813283e-03 9.999960660936757506e-01 1.215903878211975098e+00
9.999997615814208984e-01 -9.608691467118100102e-05 -6.525307878055621206e-04 4.515096545219421387e-02 9.403288217967042950e-05 9.999950526212953994e-01 -3.147091170768670770e-03 -2.057589963078498840e-02 6.528299418278038502e-04 3.147029033266357523e-03 9.999948143970840420e-01 1.245176315307617188e+00
9.999992847442626953e-01 -1.268708426446378329e-04 -1.188584107033614952e-03 4.761825874447822571e-02 1.238067330944919719e-04 9.999966617604947317e-01 -2.577669032576916739e-03 -2.113420516252517700e-02 1.188907190226018429e-03 2.577519994660493197e-03 9.999959468865426970e-01 1.302757740020751953e+00
9.999989271163940430e-01 2.291437592743912014e-04 -1.456277907203442322e-03 5.089910328388214111e-02 -2.323458155964810978e-04 9.999975569534753639e-01 -2.199004232631117123e-03 -2.189592272043228149e-02 1.455770456232130527e-03 2.199340114702907911e-03 9.999964833285801546e-01 1.378183603286743164e+00
9.999991655349731445e-01 7.439964247756618797e-05 -1.284003679912759698e-03 5.442178621888160706e-02 -7.619673314287339627e-05 9.999990464626155040e-01 -1.399609336705953276e-03 -2.206262573599815369e-02 1.283898251131176949e-03 1.399705997540037772e-03 9.999982118614525461e-01 1.423195838928222656e+00
1.000000000000000000e+00 1.598202249858115816e-04 -5.969760606058682902e-05 5.324400588870048523e-02 -1.598481903783977032e-04 9.999998807951776536e-01 -4.687103073764378367e-04 -2.067949064075946808e-02 5.962268915027379990e-05 4.687198379542678595e-04 9.999998807907104492e-01 1.384542346000671387e+00
9.999985694885253906e-01 1.465961086692040645e-04 1.706411028679117150e-03 5.187866836786270142e-02 -1.465920008107690631e-04 9.999999999994285682e-01 -2.534564474037593793e-06 -2.070242725312709808e-02 -1.706411363556981087e-03 2.284414592323980031e-06 9.999985694885253906e-01 1.378415465354919434e+00
9.999985098841150943e-01 6.080500573714280911e-04 1.634466358701433140e-03 5.084451287984848022e-02 -6.078772890452804889e-04 9.999998210815280730e-01 -1.062049713626790143e-04 -2.044921368360519409e-02 -1.634530606679618359e-03 1.052112568750568355e-04 9.999986886978149414e-01 1.348121047019958496e+00
9.999994635582609703e-01 8.168087891739136399e-04 5.641325775597839194e-04 5.039373412728309631e-02 -8.166408219420669135e-04 9.999995826304184376e-01 -2.979043779203544473e-04 -1.996397227048873901e-02 -5.643757176585495472e-04 2.974435388025178928e-04 9.999997615814315566e-01 1.322502970695495605e+00
9.999994635582467595e-01 9.317271156849844110e-04 -4.340250817297303435e-04 4.801059886813163757e-02 -9.318957507771716275e-04 9.999995233200688061e-01 -3.885862147637576228e-04 -1.993495784699916840e-02 4.336627898737788200e-04 3.889904592272036554e-04 9.999998211860727793e-01 1.289800167083740234e+00
9.999989867212519812e-01 7.797245089652864516e-04 -1.185782435127667430e-03 4.692222177982330322e-02 -7.802904823203393736e-04 9.999995832095091020e-01 -4.769168025843179871e-04 -2.001201175153255463e-02 1.185410073958337307e-03 4.778415679628153501e-04 9.999991655350584097e-01 1.308426141738891602e+00
9.999989271165539151e-01 5.810863028342060348e-04 -1.325133832851606948e-03 4.487968236207962036e-02 -5.813916836525170884e-04 9.999998213639139655e-01 -2.300980775427131410e-04 -2.031751722097396851e-02 1.324999844655394554e-03 2.308682569919853766e-04 9.999991059303283691e-01 1.326894998550415039e+00
9.999990463258221496e-01 5.742576293749302114e-04 -1.221528971473368049e-03 4.342290386557579041e-02 -5.739751713837379365e-04 9.999998210241969332e-01 2.315451789292803750e-04 -2.046769112348556519e-02 1.221661688759922981e-03 -2.308438373150104028e-04 9.999992251396179199e-01 1.334294676780700684e+00
9.999994039535842205e-01 3.137107016572642220e-04 -1.041106540083969493e-03 4.065310955047607422e-02 -3.128699094865801389e-04 9.999996421091137400e-01 8.076527475331539332e-04 -2.081732638180255890e-02 1.041359500959515572e-03 -8.073265524391609604e-04 9.999991655351330166e-01 1.326624512672424316e+00
9.999995827674865723e-01 2.188405023969485722e-04 -8.899170055810731988e-04 3.900712728500366211e-02 -2.177810202669931694e-04 9.999992845135133868e-01 1.190459620598682952e-03 -2.094600535929203033e-02 8.901768596842885017e-04 -1.190265260414165305e-03 9.999988675120476955e-01 1.335214734077453613e+00
9.999998211860656738e-01 7.182556802876676155e-05 -6.062576035310103442e-04 3.811702132225036621e-02 -7.095809455592502757e-05 9.999989866594803933e-01 1.430765794514304899e-03 -2.141855657100677490e-02 6.063597393222153187e-04 -1.430722512585323736e-03 9.999988079072856806e-01 1.353733062744140625e+00
9.999997615814208984e-01 4.119493779425861585e-06 -6.602519566651984936e-04 3.691226243972778320e-02 -3.210442772252908306e-06 9.999990463227651505e-01 1.376819471854277919e-03 -2.103569172322750092e-02 6.602570065297186375e-04 -1.376817023879622903e-03 9.999988079073318659e-01 1.334568977355957031e+00
9.999997615814208984e-01 -2.815455192023123306e-05 -6.847067153962906961e-04 3.592266142368316650e-02 2.893484671849522183e-05 9.999993443714848551e-01 1.139621113586346659e-03 -2.109554782509803772e-02 6.846741889603435993e-04 -1.139640652809220667e-03 9.999991059304846885e-01 1.339056849479675293e+00
9.999999403953552246e-01 -4.422391379718367335e-06 -4.078591746115386063e-04 3.438698872923851013e-02 4.790082754040775326e-06 9.999995827692478301e-01 9.015185313997973451e-04 -2.071985043585300446e-02 4.078550264239311218e-04 -9.015204313236185873e-04 9.999995231628666659e-01 1.315111517906188965e+00
9.999998807907140019e-01 -4.049174822310727001e-04 -3.402539311117377301e-04 3.320399671792984009e-02 4.052899652732915026e-04 9.999993444998185321e-01 1.095372883114602118e-03 -2.168246358633041382e-02 3.398101544007658958e-04 -1.095510604686399103e-03 9.999993443489429978e-01 1.345454573631286621e+00
9.999998807907104492e-01 -4.270380927291763068e-04 -1.335171437097162081e-04 3.268276154994964600e-02 4.272086662240326405e-04 9.999990463985012346e-01 1.280055233375551084e-03 -2.267811074852943420e-02 1.329703954979777336e-04 -1.280112192034721375e-03 9.999991655349731445e-01 1.393876314163208008e+00
9.999999403953552246e-01 -3.080553270588064739e-04 -2.272396392564287270e-04 3.197812288999557495e-02 3.083157935179769993e-04 9.999992848245453647e-01 1.147044301616699557e-03 -2.332699298858642578e-02 2.268861280754208565e-04 -1.147114322520792484e-03 9.999993443489074707e-01 1.438114047050476074e+00
9.999997019767974393e-01 -6.232121525230608543e-04 -4.322203499004872518e-04 3.160265460610389709e-02 6.235643943620361451e-04 9.999994637778137907e-01 8.153049665674965991e-04 -2.427279204130172729e-02 4.317120183259248734e-04 -8.155742153585776588e-04 9.999995231628844294e-01 1.485644459724426270e+00
9.999995827675220994e-01 -7.358664860141104179e-04 -5.050970831372078714e-04 3.070059232413768768e-02 7.362313622258365164e-04 9.999994638268369096e-01 7.226045347726307551e-04 -2.473285794258117676e-02 5.045650759711861610e-04 -7.229761406397847145e-04 9.999996423721597694e-01 1.505803108215332031e+00
9.999995231628666659e-01 -3.054875183852002280e-04 -8.890701303184340466e-04 3.200884163379669189e-02 3.054588340729337548e-04 9.999999403866323133e-01 -3.239114490602014142e-05 -2.485363557934761047e-02 8.890799945220351219e-04 3.211955596733179208e-05 9.999995827674865723e-01 1.519672513008117676e+00
9.999992847442626953e-01 -8.599447122168172794e-05 -1.192586612759289309e-03 3.528130054473876953e-02 8.494057437925806031e-05 9.999995826779700669e-01 -8.837308510090683333e-04 -2.530271373689174652e-02 1.192662166431546211e-03 8.836289135483177404e-04 9.999988675120476955e-01 1.568103075027465820e+00
9.999993443489429978e-01 2.820056384987404191e-04 -1.094742656929109312e-03 3.968262299895286560e-02 -2.835758552060876903e-04 9.999989275616967266e-01 -1.434438230147353117e-03 -2.571405470371246338e-02 1.094336970709264278e-03 1.434747787901077820e-03 9.999983906751950258e-01 1.613049030303955078e+00
9.999991655350193298e-01 3.780142734508869099e-04 -1.236159374274761920e-03 4.307069256901741028e-02 -3.801592357524398447e-04 9.999984510946492433e-01 -1.735417001331507770e-03 -2.522512339055538177e-02 1.235501375049352646e-03 1.735885446651083686e-03 9.999977350246531671e-01 1.599275827407836914e+00
9.999989867211453998e-01 5.237255991947086659e-04 -1.332224717697385154e-03 4.870088770985603333e-02 -5.270451601000446240e-04 9.999967830984992645e-01 -2.492619914828259758e-03 -2.516399323940277100e-02 1.330914907157421112e-03 2.493319433565441279e-03 9.999960064915711655e-01 1.608562827110290527e+00
9.999988079072856806e-01 5.802816238107610589e-04 -1.426979425173541217e-03 5.302840471267700195e-02 -5.843194567223888858e-04 9.999958300339494288e-01 -2.830854798404989093e-03 -2.418817207217216492e-02 1.425330759957432747e-03 2.831685281473483862e-03 9.999949932138854081e-01 1.564738988876342773e+00
9.999983310702127426e-01 6.306334405373015348e-04 -1.723813391827335589e-03 5.693551898002624512e-02 -6.364615230448969485e-04 9.999941028488326111e-01 -3.382473042258476656e-03 -2.235436066985130310e-02 1.721670036204159260e-03 3.383564377472669804e-03 9.999927878465086906e-01 1.478480339050292969e+00
9.999977946283920005e-01 4.895827544949346447e-04 -2.051144754303894056e-03 6.305815279483795166e-02 -4.970122354014498700e-04 9.999933279720135682e-01 -3.623171127643883861e-03 -2.173937112092971802e-02 2.049357164651155472e-03 3.624182550063498320e-03 9.999913573401855160e-01 1.453609347343444824e+00
9.999991655350193298e-01 2.840333818445560246e-04 -1.256355621839844172e-03 6.949212402105331421e-02 -2.884296211659621856e-04 9.999938023848696789e-01 -3.500398012179413345e-03 -2.200106717646121979e-02 1.255353679880499840e-03 3.500757587484484845e-03 9.999930858659631383e-01 1.457231402397155762e+00
9.999998211860656738e-01 -2.019530920918324738e-05 -5.830708923657192816e-04 7.383504509925842285e-02 1.847633063098777506e-05 9.999956488291695811e-01 -2.948001556577802950e-03 -2.203629165887832642e-02 5.831278976984322071e-04 2.947990255417087813e-03 9.999954700477751146e-01 1.434128046035766602e+00
9.999998211860656738e-01 -1.562249184521996028e-04 -6.409993591271780349e-04 7.726567983627319336e-02 1.543758277407249191e-04 9.999958273893155836e-01 -2.883745893579091422e-03 -2.208472788333892822e-02 6.414472009055316448e-04 2.883646354395710820e-03 9.999956488616774664e-01 1.417385220527648926e+00
9.999997019767761230e-01 -2.184415877183602437e-04 -7.466415635778119505e-04 7.720469683408737183e-02 2.165536798562871235e-04 9.999967809402116048e-01 -2.527680935772318605e-03 -2.072028070688247681e-02 7.471913122572004795e-04 2.527518375957271690e-03 9.999964833269174846e-01 1.335644364356994629e+00
9.999997019767974393e-01 -4.613816017349504613e-04 -5.807173520942813735e-04 7.864965498447418213e-02 4.599976287506888500e-04 9.999970191309102141e-01 -2.381107828974744246e-03 -2.077357470989227295e-02 5.818142672069370747e-04 2.380840054600152911e-03 9.999969601636280458e-01 1.297099828720092773e+00
9.999995231628986403e-01 -7.338744299754573937e-04 -6.847778794483021800e-04 8.439347892999649048e-02 7.322717574782533489e-04 9.999970185934802247e-01 -2.337757887772675455e-03 -2.201010286808013916e-02 6.864914321340620518e-04 2.337255190743625644e-03 9.999970197684149298e-01 1.346046090126037598e+00
9.999995827674865723e-01 -8.844340563905093641e-04 1.626741111317967121e-04 9.047777950763702393e-02 8.848350844345986843e-04 9.999964836796686463e-01 -2.481718240624875872e-03 -2.344878576695919037e-02 -1.604786375537514687e-04 2.481861272826790810e-03 9.999969005584716797e-01 1.389461636543273926e+00
9.999997019767761230e-01 -8.070230471242215457e-04 -4.537019956548231131e-05 9.531474858522415161e-02 8.069055038504302502e-04 9.999964832299754747e-01 -2.533849114288349094e-03 -2.434736862778663635e-02 4.741491284221410751e-05 2.533811610192060471e-03 9.999967813491821289e-01 1.436908602714538574e+00
9.999998211860656738e-01 -5.738639768386109537e-04 2.642915832870068235e-05 9.882516413927078247e-02 5.739398766309022903e-04 9.999954104852499803e-01 -2.967206707664019408e-03 -2.376781776547431946e-02 -2.472626511007547379e-05 2.967221429571509361e-03 9.999955892562866211e-01 1.426836371421813965e+00
1.000000000000000000e+00 -1.838862001145123845e-04 1.660271765507214314e-05 1.061896234750747681e-01 1.839430187828838825e-04 9.999939203364786033e-01 -3.489799655626250798e-03 -2.401645854115486145e-02 -1.596088986843824387e-05 3.489802591502666473e-03 9.999939203262329102e-01 1.449997305870056152e+00
9.999997615814208984e-01 -5.562821945740011823e-05 -7.181384957226231080e-04 1.176526024937629700e-01 5.278438235371829546e-05 9.999921320367581856e-01 -3.959427321000009298e-03 -2.523424848914146423e-02 7.183531415648758411e-04 3.959388459470414290e-03 9.999918937701863797e-01 1.530006170272827148e+00
9.999997615814208984e-01 -1.943663846660041163e-05 -7.089032991551150534e-04 1.256138533353805542e-01 1.675757412804290691e-05 9.999928473977304222e-01 -3.778978257121559398e-03 -2.581498213112354279e-02 7.089716964401304722e-04 3.778965475582152234e-03 9.999926090257531541e-01 1.576031684875488281e+00
9.999999403953552246e-01 -3.062228964988728420e-04 -1.405745494028040935e-04 1.380362361669540405e-01 3.057669964618980885e-04 9.999946950470380846e-01 -3.231836268964739019e-03 -2.762508206069469452e-02 1.415634760633111000e-04 3.231793176382780075e-03 9.999947547912597656e-01 1.682231903076171875e+00
9.999999403953552246e-01 -3.827407892734762318e-04 1.213316267159078425e-04 1.492701172828674316e-01 3.830975037999451160e-04 9.999955893925638328e-01 -2.953747163463821528e-03 -2.916442416608333588e-02 -1.202005660161375999e-04 2.953793387860059738e-03 9.999956488609313965e-01 1.776010274887084961e+00
9.999998807907104492e-01 -1.646049482009827357e-04 5.151693942286035381e-04 1.531073749065399170e-01 1.661607913965509886e-04 9.999954107007490434e-01 -3.021464847251132714e-03 -2.866220660507678986e-02 -5.146696930751204491e-04 3.021550004595474626e-03 9.999952912336098620e-01 1.776301503181457520e+00
9.999976754188537598e-01 1.357963312057993170e-04 2.147781269181214293e-03 1.569721251726150513e-01 -1.274248300556883595e-04 9.999924291432887857e-01 -3.897398180330290899e-03 -2.807106822729110718e-02 -2.148294122889637947e-03 3.897115376570642331e-03 9.999901056465638760e-01 1.742961168289184570e+00
9.999981522560119629e-01 1.514962851967987276e-04 1.910970215461595513e-03 1.608281582593917847e-01 -1.433616532664321042e-04 9.999909389276494531e-01 -4.256224964385169236e-03 -2.697129175066947937e-02 -1.911597675643861294e-03 4.255943052650784653e-03 9.999890923667464904e-01 1.691341638565063477e+00
9.999998807907104492e-01 1.990948231682713142e-05 4.506623560313533818e-04 1.631156206130981445e-01 -1.780426615947267033e-05 9.999890923125208664e-01 -4.670903661275823716e-03 -2.598754316568374634e-02 -4.507504345383495092e-04 4.670895079267545213e-03 9.999889731420168459e-01 1.631300687789916992e+00
1.000000000000000000e+00 -3.602084922041962284e-05 -2.241891660036986797e-04 1.652160584926605225e-01 3.489368828013539314e-05 9.999873637759614242e-01 -5.025702441319651777e-03 -2.517057769000530243e-02 2.243673661723732948e-04 5.025694612413644791e-03 9.999873638153076172e-01 1.571664929389953613e+00
9.999997019767761230e-01 -9.366768937517158124e-05 -7.600409190644871879e-04 1.687226742506027222e-01 8.976066836768534229e-05 9.999867674180586974e-01 -5.138949302079475444e-03 -2.384351193904876709e-02 7.605122518725693226e-04 5.138879507368493416e-03 9.999864697495794985e-01 1.525846242904663086e+00
9.999997019767761230e-01 -9.746072657303552021e-06 -7.496208848370294886e-04 1.719952374696731567e-01 6.141430265029640401e-06 9.999884366767755051e-01 -4.808472416763293414e-03 -2.318863570690155029e-02 7.496590842492878437e-04 4.808466379801090707e-03 9.999881386791358295e-01 1.481333971023559570e+00
9.999995827675078885e-01 3.389104186730892455e-04 -8.613721612310888155e-04 1.707452982664108276e-01 -3.427584244690071169e-04 9.999899281334323486e-01 -4.471071309837544583e-03 -2.178841084241867065e-02 8.598482236266136169e-04 4.471364694643154003e-03 9.999896287953902174e-01 1.408517479896545410e+00
9.999998211860727793e-01 4.145393946367029918e-04 -4.887913855126495028e-04 1.708461344242095947e-01 -4.165252989016057783e-04 9.999916561759880640e-01 -4.069807837066691941e-03 -2.073410712182521820e-02 4.871001874562352896e-04 4.070010482369545990e-03 9.999915957460743243e-01 1.354228496551513672e+00
