0.000000000000000000e+00 0.000000000000000000e+00 0.000000000000000000e+00 0.000000000000000000e+00 0.000000000000000000e+00 0.000000000000000000e+00 0.000000000000000000e+00 0.000000000000000000e+00 0.000000000000000000e+00 0.000000000000000000e+00 0.000000000000000000e+00 0.000000000000000000e+00
9.999994635582680758e-01 -6.767425077096462767e-04 8.056215754922018161e-04 -4.702062346041202545e-03 6.771005301994884040e-04 9.999996426146591233e-01 -4.441763614533484911e-04 -2.267196029424667358e-02 -8.053207420744001865e-04 4.447216181448099964e-04 9.999995827675220994e-01 1.185252070426940918e+00
9.999995827674865723e-01 -8.860214632701014998e-04 -3.353215233035265394e-05 -1.869093859568238258e-03 8.860094239935278893e-04 9.999995231521530137e-01 -3.572694647551905066e-04 -2.146350219845771790e-02 3.384868614375591278e-05 3.572396235540509224e-04 9.999999403953552246e-01 1.175089478492736816e+00
9.999996423721491112e-01 -8.080513558097247341e-04 -2.764298852159526964e-04 4.397511365823447704e-04 8.078364290282739890e-04 9.999994037798597413e-01 -7.766675070153985063e-04 -2.150940708816051483e-02 2.770572900772094727e-04 7.764438752155648771e-04 9.999996423721491112e-01 1.173197746276855469e+00
9.999995231628666659e-01 -9.315394174986441631e-04 -2.464436616265026610e-04 2.124445512890815735e-03 9.312948704670413747e-04 9.999991057024198993e-01 -9.904051338953884578e-04 -2.149745449423789978e-02 2.473660279065370560e-04 9.901751173928274863e-04 9.999994635582254432e-01 1.188646078109741211e+00
9.999994635582254432e-01 -9.919447275888381658e-04 -3.917827823520749126e-04 3.157270373776555061e-03 9.915708206030202088e-04 9.999990459547453137e-01 -9.535184559255066453e-04 -2.048774994909763336e-02 3.927282523363828659e-04 9.531294358891551077e-04 9.999994635582254432e-01 1.158881902694702148e+00
9.999996423721313477e-01 -8.427214879651007779e-04 -1.914625253618822706e-04 6.394387688487768173e-03 8.424546686001121998e-04 9.999986884726957959e-01 -1.389449316309225189e-03 -2.047002129256725311e-02 1.926331897266209126e-04 1.389287528581917286e-03 9.999990463256835938e-01 1.160486340522766113e+00
9.999996423721597694e-01 -7.000893911562396533e-04 -4.510844348778359782e-04 8.824884891510009766e-03 6.994639737239113919e-04 9.999988074694664553e-01 -1.385110227594881253e-03 -1.939611509442329407e-02 4.520535876508802176e-04 1.384794197740332744e-03 9.999989271165077298e-01 1.119418740272521973e+00
9.999992847443586186e-01 -5.921080128520426079e-04 -1.047053414554307595e-03 9.998649358749389648e-03 5.910618668870833148e-04 9.999993437306761157e-01 -9.991554017357341406e-04 -1.885606162250041962e-02 1.047644298523664474e-03 9.985358219994772133e-04 9.999989867212946137e-01 1.087003707885742188e+00
9.999992251397458176e-01 -6.497853375528196262e-04 -1.051390821928624474e-03 8.983166888356208801e-03 6.491725226644672053e-04 9.999995823698569763e-01 -5.831134439012566938e-04 -1.846259646117687225e-02 1.051769359037280083e-03 5.824304903111025833e-04 9.999992847443586186e-01 1.057154893875122070e+00
9.999991655351436748e-01 -8.505673539235477938e-04 -9.542684550259874620e-04 6.327961105853319168e-03 8.510960631432085144e-04 9.999994640084595154e-01 5.537746728692108031e-04 -1.779022440314292908e-02 9.537969599477946758e-04 -5.545863798369077280e-04 9.999993443489927358e-01 1.021507263183593750e+00
9.999992847443870403e-01 -7.349952543193814239e-04 -8.905216787730745520e-04 4.523366689682006836e-03 7.355176918096249794e-04 9.999995235472863842e-01 5.864912366836092005e-04 -1.810006238520145416e-02 8.900902466848492622e-04 -5.871458439701722487e-04 9.999994039536268531e-01 1.030436635017395020e+00
9.999993443489927358e-01 -6.219428453804326518e-04 -9.877246343383122833e-04 3.664444899186491966e-03 6.224958866666574497e-04 9.999996427165449564e-01 5.596852792439080317e-04 -1.801601983606815338e-02 9.873762028291821480e-04 -5.602997500695205968e-04 9.999993443489927358e-01 1.029826283454895020e+00
9.999994039536375112e-01 -6.540161360392941900e-04 -8.733305728435861127e-04 3.774689510464668274e-03 6.543326296249221685e-04 9.999997021840101308e-01 3.621488438641519664e-04 -1.830088347196578979e-02 8.730934932827949524e-04 -3.627200943561587065e-04 9.999995827675078885e-01 1.052784204483032227e+00
9.999993443489927358e-01 -9.503522934945618896e-04 -6.036091219363111599e-04 3.479224862530827522e-03 9.506043908036540535e-04 9.999994637979781054e-01 4.175393471046179176e-04 -1.877040788531303406e-02 6.032119854353368282e-04 -4.181128877422876644e-04 9.999997615814315566e-01 1.073657035827636719e+00
9.999989271166782601e-01 -9.597305185157324137e-04 -1.076936765783823632e-03 5.369358696043491364e-03 9.595989932830242819e-04 9.999995230371790944e-01 -1.226182267206543869e-04 -1.885735057294368744e-02 1.077053952030837536e-03 1.215846717225049778e-04 9.999994039535522461e-01 1.111345052719116211e+00
9.999990463259074147e-01 -9.060599483290127229e-04 -1.032797627261907141e-03 5.394502542912960052e-03 9.058429074792241631e-04 9.999995825713215991e-01 -2.105750688269261825e-04 -1.925975084304809570e-02 1.032987958751618862e-03 2.096393185180497887e-04 9.999994635581970215e-01 1.130648493766784668e+00
9.999994039536090895e-01 -9.594462109833398235e-04 -5.321565073713866497e-04 5.186941940337419510e-03 9.595019530353465775e-04 9.999995232164361481e-01 1.044717305650727350e-04 -1.964155025780200958e-02 5.320560303516685963e-04 -1.049822769707692283e-04 9.999998807907104492e-01 1.160293579101562500e+00
9.999993443489714195e-01 -1.008301250555042501e-03 -4.308024087401597603e-04 5.347753874957561493e-03 1.008275659699645055e-03 9.999994635325155645e-01 -5.954998026211173263e-05 -2.047084644436836243e-02 4.308622446842491627e-04 5.911557696126890082e-05 9.999998807907104492e-01 1.197168469429016113e+00
9.999996423721597694e-01 -6.481403549136228624e-04 -5.029567579082018427e-04 5.591170862317085266e-03 6.480734255598780136e-04 9.999997615380957772e-01 -1.332214011875526788e-04 -2.036174386739730835e-02 5.030430038459599018e-04 1.328954081883521043e-04 9.999998807907104492e-01 1.220691204071044922e+00
9.999998211860656738e-01 -6.287518947297236717e-04 -6.381513809001270279e-05 4.229783080518245697e-03 6.287663709372282028e-04 9.999998211951678373e-01 2.273152062324069805e-04 -1.996772363781929016e-02 6.367219612002372742e-05 -2.273552818223834038e-04 1.000000000000000000e+00 1.205197334289550781e+00
9.999996423721313477e-01 -8.362323251308515079e-04 9.925744355557061132e-05 2.086591674014925957e-03 8.361561340279877186e-04 9.999993442850979575e-01 7.652721442655082860e-04 -2.029589749872684479e-02 -9.989732643589377403e-05 -7.651888881810009480e-04 9.999997019767761230e-01 1.228662014007568359e+00
9.999997019767761230e-01 -7.731818607952258525e-04 -1.802432589446234632e-04 4.034204466734081507e-04 7.733146194368600845e-04 9.999994040561270836e-01 7.374688394525061178e-04 -1.999777741730213165e-02 1.796729629859328270e-04 -7.376080029644072056e-04 9.999997019767761230e-01 1.221260309219360352e+00
9.999997615814351093e-01 -5.165367992475776828e-04 -5.424768228473867597e-04 -5.992610240355134010e-04 5.168382742858426693e-04 9.999997021325953694e-01 5.556954212884769075e-04 -2.015889436006546021e-02 5.421896348707377911e-04 -5.559756456269965286e-04 9.999997019767974393e-01 1.219416737556457520e+00
9.999998807907104492e-01 -5.078255395349111573e-04 -1.894557152455509047e-04 -1.390922698192298412e-03 5.079579423181712627e-04 9.999996424393533534e-01 6.994352067191456947e-04 -1.969717070460319519e-02 1.891004503704607487e-04 -6.995313451625406742e-04 9.999997615814208984e-01 1.191514968872070312e+00
9.999998807907104492e-01 -4.643380800039812622e-04 9.840019090177700464e-05 -1.392029225826263428e-03 4.642966960091143847e-04 9.999998211668454928e-01 4.200627788732310113e-04 -2.013966627418994904e-02 -9.859522106125950813e-05 -4.200170515105128288e-04 9.999999403953552246e-01 1.210334420204162598e+00
9.999998807907104492e-01 -4.694541143283574450e-04 -3.331702233779913801e-05 -5.786505644209682941e-04 4.694547096733003855e-04 9.999998807909898924e-01 1.785795457956417608e-05 -1.991782337427139282e-02 3.330863546580076218e-05 -1.787359360605478287e-05 1.000000000000000000e+00 1.180008649826049805e+00
9.999999403953552246e-01 -3.076306250255756011e-04 -1.203832235902394519e-04 1.134580466896295547e-03 3.076028660871088505e-04 9.999999403868164993e-01 -2.304894333403434078e-04 -1.958529837429523468e-02 1.204541185870766640e-04 2.304523950442671776e-04 1.000000000000000000e+00 1.145211577415466309e+00
9.999998807907140019e-01 -3.313207746413190458e-04 -3.508159718289589218e-04 1.906688907183706760e-03 3.311479033963130036e-04 9.999998211288202432e-01 -4.927123805474746846e-04 -1.958202570676803589e-02 3.509791567921638489e-04 4.925961545424947796e-04 9.999998211860727793e-01 1.130599021911621094e+00
9.999998211860727793e-01 -3.239673320299317981e-04 -4.926886810389555053e-04 3.063366981223225594e-03 3.236859534570882269e-04 9.999997614903469723e-01 -5.710926621283126140e-04 -1.893560588359832764e-02 4.928736016154289246e-04 5.709330918458807580e-04 9.999997019767974393e-01 1.109265089035034180e+00
9.999998211860727793e-01 -3.962619532274250732e-04 -4.673062291169341530e-04 4.701194819062948227e-03 3.959304413952841051e-04 9.999997018455160092e-01 -7.092701746503301315e-04 -1.860684901475906372e-02 4.675871168728917837e-04 7.090850004340606971e-04 9.999996423721597694e-01 1.085216641426086426e+00
9.999997615814315566e-01 -6.397092035290716586e-04 -3.650576889838076807e-04 2.037346595898270607e-03 6.398363821678507146e-04 9.999997616628051311e-01 3.483590294100422351e-04 -1.931016519665718079e-02 3.648347337730228901e-04 -3.485925055016561580e-04 9.999998807907140019e-01 1.083550691604614258e+00
9.999993443490140521e-01 -8.330809462230332352e-04 -7.410262574605782368e-04 -1.888844184577465057e-03 8.335300216174811039e-04 9.999994639326618140e-01 6.059485637358761560e-04 -2.035438269376754761e-02 7.405210635624825954e-04 -6.065658465017297052e-04 9.999995231628950876e-01 1.151857256889343262e+00
9.999993443489927358e-01 -6.423754545721386535e-04 -1.006495475529789203e-03 -3.339829621836543083e-03 6.428085462021337904e-04 9.999997022553404058e-01 4.299965587075362710e-04 -1.946815289556980133e-02 1.006218953989446163e-03 -4.306432367400803152e-04 9.999994039536090895e-01 1.137717127799987793e+00
9.999994635582467595e-01 -5.435603129197342934e-04 -9.358575917037058973e-04 -4.295235965400934219e-03 5.439645087381810018e-04 9.999997618013916068e-01 4.316715927693580207e-04 -1.818251237273216248e-02 9.356227237731218338e-04 -4.321804096764844672e-04 9.999994635582467595e-01 1.110961556434631348e+00
9.999997615814351093e-01 -4.536039274370350614e-04 -4.641920511238034229e-04 -6.349842529743909836e-03 4.540572158346599385e-04 9.999994041593542882e-01 9.768833675257316412e-04 -1.692365482449531555e-02 4.637486708816140890e-04 -9.770939358807739783e-04 9.999994039536090895e-01 1.090184092521667480e+00
9.999999403953552246e-01 -1.294005256176160290e-04 -3.916058661197381065e-04 -2.898523118346929550e-03 1.293154705537570559e-04 9.999999999890020197e-01 -2.172109707600407280e-04 -1.641617156565189362e-02 3.916339483112096786e-04 2.171603134849472982e-04 9.999999403953552246e-01 1.075103402137756348e+00
9.999992847442626953e-01 -7.067885290943694146e-05 -1.210827084814332247e-03 -5.637705908156931400e-04 6.948063069846244222e-05 9.999995230795896139e-01 -9.896036591860010636e-04 -1.596031151711940765e-02 1.210896414704620838e-03 9.895188175598201852e-04 9.999988079074455527e-01 1.007235646247863770e+00
9.999975562097063175e-01 -3.100982656510903432e-04 -2.171358665890688044e-03 6.196927861310541630e-04 3.078094678985732191e-04 9.999994032492439677e-01 -1.054334051631856213e-03 -1.581793650984764099e-02 2.171684289351105690e-03 1.053663136079852070e-03 9.999970793736849828e-01 9.669016599655151367e-01
9.999967217445373535e-01 -2.402305038436657590e-04 -2.568550723879025038e-03 2.254492137581110001e-03 2.371920063918460386e-04 9.999992840236971992e-01 -1.183204459706824023e-03 -1.549240387976169586e-02 2.568833064287900925e-03 1.182591274627546596e-03 9.999960064911448399e-01 9.430309534072875977e-01
9.999970793725765361e-01 -3.924850869940376048e-04 -2.397539419644912316e-03 5.609876941889524460e-03 3.881699475818400913e-04 9.999983293952184882e-01 -1.800021235486608034e-03 -1.613038033246994019e-02 2.398241776973009109e-03 1.799085268931688297e-03 9.999955296562461626e-01 9.628387093544006348e-01
9.999986290932483257e-01 -3.459940922381954018e-04 -1.616037453271199510e-03 8.605532348155975342e-03 3.427657227825647857e-04 9.999979723355418848e-01 -1.997550385460373536e-03 -1.716712862253189087e-02 1.616725232452154160e-03 1.996993728195450846e-03 9.999967217471166236e-01 1.010281920433044434e+00
9.999997019767903339e-01 -2.637739410745622141e-04 -6.472964693038260565e-04 1.227754633873701096e-02 2.625189328520904919e-04 9.999980327172575123e-01 -1.938165959696149312e-03 -1.835741847753524780e-02 6.478065042756497860e-04 1.937995551967081065e-03 9.999978542332428333e-01 1.077266454696655273e+00
9.999999403953552246e-01 -3.456563814104636088e-04 1.383788628504735343e-04 1.338305138051509857e-02 3.458349383436143398e-04 9.999991059920295688e-01 -1.292388604958775132e-03 -1.948197558522224426e-02 -1.379320165142416954e-04 1.292436383664608002e-03 9.999991655349731445e-01 1.124203085899353027e+00
9.999999403953552246e-01 -3.691954210723579215e-04 -7.541490330911055587e-05 1.381396502256393433e-02 3.691629390232264996e-04 9.999998211740653842e-01 -4.304159002605056471e-04 -2.092116512358188629e-02 7.557380013167858124e-05 4.303880268707871437e-04 9.999998807907104492e-01 1.230384707450866699e+00
9.999998807907104492e-01 -5.012653083037688865e-04 -1.083601827913200299e-04 1.364902034401893616e-02 5.012947949580848217e-04 9.999998212008393006e-01 2.721297438401520941e-04 -2.282822132110595703e-02 1.082237577065825462e-04 -2.721840282902121544e-04 9.999999403953552246e-01 1.315260171890258789e+00
9.999997615814208984e-01 -6.997421577213413547e-04 -2.411796060855845550e-04 1.215721480548381805e-02 6.998965982347726822e-04 9.999995828755340321e-01 6.408595825142442224e-04 -2.301013842225074768e-02 2.407310530543327332e-04 -6.410282221622765064e-04 9.999998211860656738e-01 1.325445175170898438e+00
9.999995231628844294e-01 -8.576372381966511664e-04 -4.813029031106107842e-04 9.012009017169475555e-03 8.582706354943528404e-04 9.999987488458352836e-01 1.317306408669089747e-03 -2.247459255158901215e-02 4.801725444849580526e-04 -1.317718840513348866e-03 9.999989867211453998e-01 1.307943344116210938e+00
9.999996423721633221e-01 -5.909803667008097557e-04 -5.565302730458280937e-04 7.935539819300174713e-03 5.914656319083444469e-04 9.999994638452162077e-01 8.722373452826406859e-04 -2.217577770352363586e-02 5.560144782066345215e-04 -8.725662086785379579e-04 9.999994635582609703e-01 1.291538476943969727e+00
9.999998211860727793e-01 -5.171321898099928184e-04 -3.503725728710315899e-04 5.905420519411563873e-03 5.175220122361455510e-04 9.999992849459318212e-01 1.113451650258604451e-03 -2.171196229755878448e-02 3.497964935377240181e-04 -1.113632743924390656e-03 9.999993443489429978e-01 1.285640478134155273e+00
9.999999403953552246e-01 -2.630046718448967777e-04 -1.818700532998977174e-04 5.890019703656435013e-03 2.631411771290004253e-04 9.999996424080486168e-01 7.509015814117852520e-04 -2.144868485629558563e-02 1.816725125536322594e-04 -7.509494316764175892e-04 9.999997019767761230e-01 1.258578896522521973e+00
1.000000000000000000e+00 1.555883766571476256e-05 4.268209053560272586e-05 7.375218905508518219e-03 -1.556501956656575203e-05 1.000000000000096145e+00 1.448429298586237271e-04 -2.110809646546840668e-02 -4.267983604222536087e-05 -1.448435941711068153e-04 1.000000000000000000e+00 1.240775108337402344e+00
1.000000000000000000e+00 1.915337289504174135e-04 -2.031642213032914016e-04 9.330627508461475372e-03 -1.916166511364281178e-04 9.999999404112422940e-01 -4.082155327352569169e-04 -2.052454650402069092e-02 2.030860050581395626e-04 4.082544473931193352e-04 9.999999403953552246e-01 1.231166243553161621e+00
9.999997019767903339e-01 3.632742384261523753e-04 7.265612873972578187e-04 1.056939736008644104e-02 -3.630934232362187375e-04 9.999998807250847221e-01 -2.490078637419997814e-04 -2.027813903987407684e-02 -7.266516913659870625e-04 2.487439767658028433e-04 9.999997019767903339e-01 1.237260580062866211e+00
9.999999403953552246e-01 1.652522712969774058e-04 2.901429137274078788e-04 1.175451558083295822e-02 -1.650969399454027542e-04 9.999998807650640753e-01 -5.352802804989440161e-04 -1.986517198383808136e-02 -2.902313135564327240e-04 5.352323322977206588e-04 9.999998211860727793e-01 1.194230914115905762e+00
9.999998211860656738e-01 3.419877334401859081e-05 -5.661038218777570243e-04 1.116151548922061920e-02 -3.449466859644506611e-05 9.999998808009172846e-01 -5.226879456100812097e-04 -2.024676650762557983e-02 5.660858587361872196e-04 5.227073790879596671e-04 9.999997019767974393e-01 1.177625894546508789e+00
9.999999403953552246e-01 -2.900506854355072652e-04 1.532501200924576100e-04 8.933188393712043762e-03 2.900112303905189037e-04 9.999998807792666033e-01 2.574870394842715209e-04 -2.014084160327911377e-02 -1.533247996121644974e-04 -2.574425889179110527e-04 9.999999403953552246e-01 1.175446510314941406e+00
9.999998807907104492e-01 -4.479205583927434284e-04 7.217256001936428250e-05 5.592179019004106522e-03 4.478470946196466684e-04 9.999993443159632678e-01 1.014860621123827526e-03 -2.001226507127285004e-02 -7.262709550559520721e-05 -1.014828216284513474e-03 9.999994635581970215e-01 1.178038239479064941e+00
9.999997019767761230e-01 -2.194080502253829997e-04 -7.504549583991197313e-04 4.502893425524234772e-03 2.197781504792821472e-04 9.999998808720590437e-01 4.931265063807278035e-04 -2.009691298007965088e-02 7.503466331399977207e-04 -4.932912691931676252e-04 9.999995827675220994e-01 1.173163771629333496e+00
9.999996423721313477e-01 9.035926996837895762e-05 -8.160602556672462340e-04 5.181510932743549347e-03 -9.023470603847921767e-05 9.999999999887628777e-01 1.526721226454045655e-04 -1.979954913258552551e-02 8.160740253515541553e-04 -1.525984298458155086e-04 9.999996423721313477e-01 1.164707899093627930e+00
9.999994635581970215e-01 9.962474885423996409e-05 -1.061761879227346135e-03 7.546145003288984299e-03 -1.003199184459596660e-04 9.999997616511633325e-01 -6.546941110633943111e-04 -1.951329410076141357e-02 1.061696442775428295e-03 6.548002691332648062e-04 9.999992251397458176e-01 1.181815505027770996e+00
9.999995827674865723e-01 -1.235208976334436050e-04 -9.010338867082118243e-04 9.291311725974082947e-03 1.227942481526675400e-04 9.999997018875494970e-01 -8.064674342144431034e-04 -1.917099580168724060e-02 9.011331712827086449e-04 8.063564437927328576e-04 9.999992847443870403e-01 1.174401283264160156e+00
9.999997019767761230e-01 -1.389453378940502695e-04 -7.869705439242491831e-04 1.098917145282030106e-02 1.380462370116179727e-04 9.999993442247830933e-01 -1.142425274401136009e-03 -1.975263655185699463e-02 7.871287525631487370e-04 1.142316273840780771e-03 9.999990463258789930e-01 1.174508571624755859e+00
9.999998211860727793e-01 -5.142119347297350066e-04 3.895717545779997081e-04 1.233547832816839218e-02 5.145737943866059150e-04 9.999994637443555545e-01 -9.293334086471999149e-04 -1.926982961595058441e-02 -3.890936495736241341e-04 9.295336813757576477e-04 9.999995231628666659e-01 1.127960920333862305e+00
9.999880194691996849e-01 -6.661811579010035352e-04 4.841250358201329776e-03 1.716040447354316711e-02 6.726501920510039034e-04 9.999988718683200384e-01 -1.334730684526549927e-03 -2.043738216161727905e-02 -4.840355832129716873e-03 1.337971194331627478e-03 9.999873638258058861e-01 1.168972611427307129e+00
9.999997019767761230e-01 -1.129035148017872448e-04 7.352146723763260420e-04 1.969145797193050385e-02 1.143250506520018805e-04 9.999981524185088677e-01 -1.933750603723255771e-03 -2.053934521973133087e-02 -7.349949446506798267e-04 1.933834055599679969e-03 9.999978542333387566e-01 1.190531015396118164e+00
9.999984502792358398e-01 -7.449380024572967380e-05 -1.761500811895873493e-03 2.180929481983184814e-02 7.124996645364173320e-05 9.999983308388222802e-01 -1.841507174284789548e-03 -2.112343162298202515e-02 1.761634950526058674e-03 1.841378804241233791e-03 9.999967813517685045e-01 1.208185672760009766e+00
9.999969601631164551e-01 -1.935563343993475151e-04 -2.461879510780147929e-03 2.247047051787376404e-02 1.898754902598595584e-04 9.999988668129138336e-01 -1.495282147666182788e-03 -2.154618874192237854e-02 2.462166128680109978e-03 1.494810097781018587e-03 9.999958276783083022e-01 1.241186857223510742e+00
9.999991655351152531e-01 -6.715186652692524101e-04 -1.100547654677190394e-03 2.159013785421848297e-02 6.707350916501930715e-04 9.999995226374888135e-01 -7.121968875434590927e-04 -2.169173955917358398e-02 1.101025380194187164e-03 7.114581364826497167e-04 9.999991655351152531e-01 1.262194156646728516e+00
9.999983310703548511e-01 -7.982967538323154600e-04 1.671779279734662707e-03 2.165326848626136780e-02 7.987531826213964403e-04 9.999996427375602570e-01 -2.723468124504565451e-04 -2.215397916734218597e-02 -1.671561272814869881e-03 2.736816854588750014e-04 9.999985694886071030e-01 1.270191192626953125e+00
9.999937415153681286e-01 -1.027045575199519176e-03 3.377063899127512488e-03 2.236805669963359833e-02 1.028264344025142663e-03 9.999994052127957334e-01 -3.591878065502784574e-04 -2.204340323805809021e-02 -3.376692999154329300e-03 3.626580786109112609e-04 9.999942183497978476e-01 1.253535866737365723e+00
9.999992251397458176e-01 -6.949060399944652225e-04 1.051217140532573549e-03 2.317183092236518860e-02 6.953520695464621149e-04 9.999996426825092932e-01 -4.239625924985947875e-04 -2.254869230091571808e-02 -1.050922204740345478e-03 4.246932271649780932e-04 9.999993443489714195e-01 1.279180407524108887e+00
9.999993443489714195e-01 -5.278815157734065245e-04 -1.008601634794896148e-03 2.498191408812999725e-02 5.267514000563237875e-04 9.999992245443726224e-01 -1.120415772986488225e-03 -2.205522730946540833e-02 1.009192317724227905e-03 1.119883712331425085e-03 9.999988079074562108e-01 1.279430270195007324e+00
9.999994635582254432e-01 -3.605059966937896807e-04 -9.706924975383295420e-04 2.871221862733364105e-02 3.586952843218360609e-04 9.999982112111044374e-01 -1.864905000585697975e-03 -2.145976386964321136e-02 9.713630424812436104e-04 1.864555799725442498e-03 9.999977946289675401e-01 1.249295949935913086e+00
9.999998807907104492e-01 -4.726471618840622836e-04 -7.692219059209151339e-05 3.354609757661819458e-02 4.724514728877693415e-04 9.999967216517552382e-01 -2.524282134897863801e-03 -2.107209712266921997e-02 7.811503019183874130e-05 2.524245530366897583e-03 9.999968409538269043e-01 1.233483552932739258e+00
9.999997615814315566e-01 -2.597839994491416417e-04 6.300450775755824353e-04 3.809188306331634521e-02 2.615143426593739828e-04 9.999961857552233102e-01 -2.747855018752696447e-03 -2.072640322148799896e-02 -6.293288315646350384e-04 2.748019269090337668e-03 9.999960660941162871e-01 1.235038995742797852e+00
9.999999403953552246e-01 -1.727126404347866602e-04 2.818290816131233654e-04 4.068459570407867432e-02 1.734951989690834695e-04 9.999961258337449754e-01 -2.779059892656390168e-03 -2.016859315335750580e-02 -2.813480095937848091e-04 2.779108539351302087e-03 9.999960660936757506e-01 1.215904235839843750e+00
9.999997615814208984e-01 -9.610067946472258230e-05 -6.525798734529107215e-04 4.515122622251510620e-02 9.404650276907677853e-05 9.999950526212537660e-01 -3.147075351797014742e-03 -2.057594060897827148e-02 6.528790690936148167e-04 3.147013200786363818e-03 9.999948143970840420e-01 1.245176076889038086e+00
9.999992847442626953e-01 -1.268962512585227083e-04 -1.188604765899873910e-03 4.761853069067001343e-02 1.238321116164980973e-04 9.999966617604132413e-01 -2.577649507541510988e-03 -2.113427594304084778e-02 1.188927912153303623e-03 2.577500436900415082e-03 9.999959468865426970e-01 1.302758097648620605e+00
9.999989271163940430e-01 2.291738198315765372e-04 -1.456285184392623003e-03 5.089930444955825806e-02 -2.323758507172882237e-04 9.999975569535656250e-01 -2.198975781891181289e-03 -2.189591526985168457e-02 1.455777673982083797e-03 2.199311709394857761e-03 9.999964833285801546e-01 1.378183960914611816e+00
9.999991655349731445e-01 7.441030674616687932e-05 -1.283998925003119844e-03 5.442194640636444092e-02 -7.620744334354417893e-05 9.999990464626381526e-01 -1.399650301512170378e-03 -2.206263877451419830e-02 1.283893478102982044e-03 1.399746975699125984e-03 9.999982118614525461e-01 1.423195958137512207e+00
1.000000000000000000e+00 1.598113822071252073e-04 -5.968526457043102894e-05 5.324429273605346680e-02 -1.598393428139388561e-04 9.999998807951766544e-01 -4.687270736827175337e-04 -2.067946456372737885e-02 5.961034912616014481e-05 4.687366017606109381e-04 9.999998807907104492e-01 1.384542107582092285e+00
9.999985694885253906e-01 1.466494710100316211e-04 1.706420803654412925e-03 5.187889188528060913e-02 -1.466453189518934774e-04 9.999999999994219069e-01 -2.560501092325283127e-06 -2.070243284106254578e-02 -1.706421142444014549e-03 2.310258756799132840e-06 9.999985694885253906e-01 1.378415226936340332e+00
9.999985098841150943e-01 6.081003664533477914e-04 1.634478687345702680e-03 5.084481462836265564e-02 -6.079275803983624771e-04 9.999998210815087551e-01 -1.062150727832803914e-04 -2.044925838708877563e-02 -1.634542946703732014e-03 1.052212685796055647e-04 9.999986886978149414e-01 1.348120927810668945e+00
9.999994635582609703e-01 8.168404692043308712e-04 5.641531607146520536e-04 5.039400234818458557e-02 -8.166724869039417023e-04 9.999995826304007851e-01 -2.979202450973551927e-04 -1.996397972106933594e-02 -5.643963231705129147e-04 2.974593712834552872e-04 9.999997615814315566e-01 1.322502613067626953e+00
9.999994635582467595e-01 9.317322222131964142e-04 -4.340393665068557850e-04 4.801090061664581299e-02 -9.319008730507213900e-04 9.999995233200843492e-01 -3.886097151378910632e-04 -1.993495225906372070e-02 4.336770507507026196e-04 3.890139751194093831e-04 9.999998211860727793e-01 1.289799809455871582e+00
9.999989867212519812e-01 7.797604128112389701e-04 -1.185747390733585043e-03 4.692262411117553711e-02 -7.803263382138159177e-04 9.999995832094920045e-01 -4.768904775689041778e-04 -2.001202665269374847e-02 1.185375032946467400e-03 4.778152581189007431e-04 9.999991655350584097e-01 1.308426022529602051e+00
9.999989271165539151e-01 5.810825536225672954e-04 -1.325117196786365203e-03 4.488005489110946655e-02 -5.813879583655492955e-04 9.999998213639267330e-01 -2.301190469115053710e-04 -2.031749114394187927e-02 1.324983197264373302e-03 2.308892117311792114e-04 9.999991059303283691e-01 1.326894760131835938e+00
9.999990463258221496e-01 5.742701868120785990e-04 -1.221516401598740555e-03 4.342332854866981506e-02 -5.739877442287530385e-04 9.999998210242022623e-01 2.315349425258963155e-04 -2.046764269471168518e-02 1.221649115905165672e-03 -2.308335927746277272e-04 9.999992251396179199e-01 1.334294438362121582e+00
9.999994039535842205e-01 3.137092727242364923e-04 -1.041085590977773199e-03 4.065350443124771118e-02 -3.128685125034676162e-04 9.999996421091248422e-01 8.076383040232602969e-04 -2.081738226115703583e-02 1.041338546201586723e-03 -8.073121169469982261e-04 9.999991655351330166e-01 1.326624512672424316e+00
9.999995827674865723e-01 2.188128355980849520e-04 -8.899454423568027225e-04 3.900746256113052368e-02 -2.177533134319585562e-04 9.999992845135340369e-01 1.190466587039371374e-03 -2.094602584838867188e-02 8.902052650228142738e-04 -1.190272245330560585e-03 9.999988675120476955e-01 1.335214614868164062e+00
9.999998211860656738e-01 7.178691349588808433e-05 -6.062449097782868094e-04 3.811743482947349548e-02 -7.091944467598962354e-05 9.999989866595142551e-01 1.430788121916340633e-03 -2.141858823597431183e-02 6.063469918444752693e-04 -1.430744864323117704e-03 9.999988079072856806e-01 1.353733062744140625e+00
9.999997615814208984e-01 4.119999680484455462e-06 -6.602731435386073903e-04 3.691254928708076477e-02 -3.210908433429193742e-06 9.999990463227645954e-01 1.376836236036108182e-03 -2.103563398122787476e-02 6.602781941182911396e-04 -1.376833787681969179e-03 9.999988079073318659e-01 1.334568738937377930e+00
9.999997615814208984e-01 -2.817922450022484305e-05 -6.846791547547111025e-04 3.592304140329360962e-02 2.895952676083834998e-05 9.999993443715042840e-01 1.139677908164622895e-03 -2.109554782509803772e-02 6.846465985290706158e-04 -1.139697463472727490e-03 9.999991059304846885e-01 1.339056968688964844e+00
9.999999403953552246e-01 -4.432376943979408120e-06 -4.078673329277216495e-04 3.438724204897880554e-02 4.800094471121146844e-06 9.999995827692516048e-01 9.015646277447967802e-04 -2.071990631520748138e-02 4.078631754964590073e-04 -9.015665317883142515e-04 9.999995231628666659e-01 1.315111637115478516e+00
9.999998807907140019e-01 -4.048888550067336026e-04 -3.402449344434127477e-04 3.320415318012237549e-02 4.052613271058290445e-04 9.999993444998034331e-01 1.095369636850072577e-03 -2.168246172368526459e-02 3.398011904209852219e-04 -1.095507345057582238e-03 9.999993443489429978e-01 1.345454692840576172e+00
9.999998807907104492e-01 -4.270135978808884195e-04 -1.335544811004337449e-04 3.268301486968994141e-02 4.271842190064489841e-04 9.999990463985174438e-01 1.280053823679039434e-03 -2.267813868820667267e-02 1.330077648162841797e-04 -1.280110795050859451e-03 9.999991655349731445e-01 1.393876433372497559e+00
9.999999403953552246e-01 -3.080746795773189298e-04 -2.272219564010857134e-04 3.197833895683288574e-02 3.083351184614002705e-04 9.999992848245419230e-01 1.147012172061257808e-03 -2.332700416445732117e-02 2.268684329465031624e-04 -1.147082191891968250e-03 9.999993443489074707e-01 1.438114285469055176e+00
9.999997019767974393e-01 -6.231795169659221827e-04 -4.322544495370030798e-04 3.160295635461807251e-02 6.235317980758103840e-04 9.999994637778267803e-01 8.153315020598612180e-04 -2.427279576659202576e-02 4.317461280152201653e-04 -8.156007580487900643e-04 9.999995231628844294e-01 1.485644578933715820e+00
9.999995827675220994e-01 -7.358419983321851402e-04 -5.051231740202764961e-04 3.070075623691082001e-02 7.362069150111671956e-04 9.999994638268577818e-01 7.226473687354157717e-04 -2.473293058574199677e-02 5.045911530032753944e-04 -7.230189814731100006e-04 9.999996423721597694e-01 1.505803227424621582e+00
9.999995231628666659e-01 -3.054165083808838086e-04 -8.890710627842124663e-04 3.200900182127952576e-02 3.053878207562484015e-04 9.999999403866333125e-01 -3.239480734396569666e-05 -2.485364489257335663e-02 8.890809258446097374e-04 3.212328125607594176e-05 9.999995827674865723e-01 1.519672751426696777e+00
9.999992847442626953e-01 -8.598752755018185864e-05 -1.192601867354651157e-03 3.528145328164100647e-02 8.493358946494444783e-05 9.999995826779739527e-01 -8.837541270380604597e-04 -2.530269511044025421e-02 1.192677416838705540e-03 8.836521965960297820e-04 9.999988675120476955e-01 1.568102955818176270e+00
9.999993443489429978e-01 2.819779484594479575e-04 -1.094734117679035989e-03 3.968281298875808716e-02 -2.835481483760074473e-04 9.999989275616484319e-01 -1.434434071926294404e-03 -2.571400627493858337e-02 1.094328472390770912e-03 1.434743596951990052e-03 9.999983906751950258e-01 1.613048911094665527e+00
9.999991655350193298e-01 3.780193982562783249e-04 -1.236135064616823362e-03 4.307095706462860107e-02 -3.801643580226311825e-04 9.999984510946592353e-01 -1.735449134879546570e-03 -2.522517554461956024e-02 1.235477044247090816e-03 1.735917577255011168e-03 9.999977350246531671e-01 1.599275827407836914e+00
9.999989867211453998e-01 5.237429769788245560e-04 -1.332196789898717733e-03 4.870116710662841797e-02 -5.270623895522706659e-04 9.999967830984782813e-01 -2.492560767646857973e-03 -2.516400814056396484e-02 1.330886967480182648e-03 2.493260294634827567e-03 9.999960064915711655e-01 1.608562946319580078e+00
9.999988079072856806e-01 5.802494357230607346e-04 -1.427005055610553342e-03 5.302857235074043274e-02 -5.842873261261219420e-04 9.999958300338533945e-01 -2.830844118961512411e-03 -2.418820373713970184e-02 1.425356487743556499e-03 2.831674571274728214e-03 9.999949932138854081e-01 1.564739108085632324e+00
9.999983310702127426e-01 6.306296917277888275e-04 -1.723828619166629158e-03 5.693565309047698975e-02 -6.364577977601496017e-04 9.999941028488258388e-01 -3.382456740823819655e-03 -2.235431410372257233e-02 1.721685286611318588e-03 3.383548079351900162e-03 9.999927878465086906e-01 1.478480219841003418e+00
9.999977946283920005e-01 4.895539249002443848e-04 -2.051165110627170378e-03 6.305829435586929321e-02 -4.969833644618663893e-04 9.999933279717786450e-01 -3.623114831618744116e-03 -2.173938043415546417e-02 2.049377653747797012e-03 3.624126205165278947e-03 9.999913573401855160e-01 1.453609108924865723e+00
9.999991655350193298e-01 2.839538209996951318e-04 -1.256338112243186606e-03 6.949223577976226807e-02 -2.883499931475332068e-04 9.999938023845005297e-01 -3.500392994834438526e-03 -2.200111746788024902e-02 1.255336450412869453e-03 3.500752465214293507e-03 9.999930858659631383e-01 1.457231402397155762e+00
9.999998211860656738e-01 -2.021796097886191523e-05 -5.830945744950688514e-04 7.383502274751663208e-02 1.849891519938376416e-05 9.999956488291295020e-01 -2.947996913573890619e-03 -2.203625813126564026e-02 5.831516464240849018e-04 2.947985598805047402e-03 9.999954700477751146e-01 1.434127449989318848e+00
9.999998211860656738e-01 -1.562008448328498929e-04 -6.410331788334297813e-04 7.726565003395080566e-02 1.543516133581147864e-04 9.999958273893386762e-01 -2.883813404144523231e-03 -2.208473533391952515e-02 6.414809613488614559e-04 2.883713875270296767e-03 9.999956488616774664e-01 1.417384624481201172e+00
9.999997019767761230e-01 -2.184235585582099441e-04 -7.466358962821606276e-04 7.720480859279632568e-02 2.165356354867815913e-04 9.999967809402424690e-01 -2.527720502263991476e-03 -2.072028070688247681e-02 7.471856079064309597e-04 2.527557957154896728e-03 9.999964833269174846e-01 1.335644721984863281e+00
9.999997019767974393e-01 -4.613838577108506913e-04 -5.807311914277620089e-04 7.864978164434432983e-02 4.599998406414080449e-04 9.999970191308868994e-01 -2.381126928744709513e-03 -2.077355608344078064e-02 5.818281206302344799e-04 2.380859146709518592e-03 9.999969601636280458e-01 1.297099828720092773e+00
9.999995231628986403e-01 -7.338989188278288982e-04 -6.847829128546042889e-04 8.439363539218902588e-02 7.322962046900083344e-04 9.999970185934103917e-01 -2.337801214795842165e-03 -2.201011031866073608e-02 6.864965544082224369e-04 2.337298497233020189e-03 9.999970197684149298e-01 1.346046090126037598e+00
9.999995827674865723e-01 -8.844488521416757169e-04 1.626233823939322518e-04 9.047796577215194702e-02 8.848497527651488781e-04 9.999964836795616208e-01 -2.481708969961320035e-03 -2.344876900315284729e-02 -1.604278804734349251e-04 2.481851959601044655e-03 9.999969005584716797e-01 1.389461398124694824e+00
9.999997019767761230e-01 -8.070153240446320672e-04 -4.535510801538846502e-05 9.531499445438385010e-02 8.068978204391896725e-04 9.999964832300084483e-01 -2.533820696382436087e-03 -2.434737049043178558e-02 4.739977885037660599e-05 2.533783204853534698e-03 9.999967813491821289e-01 1.436908364295959473e+00
9.999998211860656738e-01 -5.738863431166607489e-04 2.642411549694401258e-05 9.882543981075286865e-02 5.739622283726930618e-04 9.999954104852432080e-01 -2.967229527450323482e-03 -2.376787550747394562e-02 -2.472114283591508865e-05 2.967244246974587440e-03 9.999955892562866211e-01 1.426835894584655762e+00
1.000000000000000000e+00 -1.839080128301037211e-04 1.655715475132779786e-05 1.061899214982986450e-01 1.839646720327436924e-04 9.999939203364504037e-01 -3.489778243256572675e-03 -2.401648275554180145e-02 -1.591525506228208542e-05 3.489781171083450317e-03 9.999939203262329102e-01 1.449997186660766602e+00
9.999997615814208984e-01 -5.561729322543798267e-05 -7.181480865798608440e-04 1.176528185606002808e-01 5.277343931607558769e-05 9.999921320367883837e-01 -3.959397976981777513e-03 -2.523421868681907654e-02 7.183626876212656498e-04 3.959359122816308307e-03 9.999918937701863797e-01 1.530006289482116699e+00
9.999997615814208984e-01 -1.943206040277632685e-05 -7.088664128304340622e-04 1.256140619516372681e-01 1.675315034686819526e-05 9.999928473977448551e-01 -3.778957298609068351e-03 -2.581499889492988586e-02 7.089347927831113338e-04 3.778944520829219389e-03 9.999926090257531541e-01 1.576031565666198730e+00
9.999999403953552246e-01 -3.061798820069804288e-04 -1.405916764706251177e-04 1.380363702774047852e-01 3.057239227928221226e-04 9.999946950470397500e-01 -3.231864673400196807e-03 -2.762510441243648529e-02 1.415804727002978325e-04 3.231821581721305847e-03 9.999947547912597656e-01 1.682231903076171875e+00
9.999999403953552246e-01 -3.827366431391447535e-04 1.213159035109357049e-04 1.492704004049301147e-01 3.830933128483593464e-04 9.999955893925451811e-01 -2.953760674164795756e-03 -2.916443720459938049e-02 -1.201848499476909637e-04 2.953806892037391663e-03 9.999956488609313965e-01 1.776010513305664062e+00
9.999998807907104492e-01 -1.645713463549304339e-04 5.151895533510112693e-04 1.531077027320861816e-01 1.661272637878616343e-04 9.999954107007092974e-01 -3.021490472512398506e-03 -2.866223640739917755e-02 -5.146899493411183357e-04 3.021575615963223438e-03 9.999952912336098620e-01 1.776301383972167969e+00
9.999976754188537598e-01 1.358349935687121549e-04 2.147766679071671896e-03 1.569724231958389282e-01 -1.274634798526901036e-04 9.999924291429636014e-01 -3.897430392149821635e-03 -2.807108126580715179e-02 -2.148279687389731407e-03 3.897147507124776311e-03 9.999901056465638760e-01 1.742960453033447266e+00
9.999981522560119629e-01 1.515135930431012103e-04 1.910982945900524445e-03 1.608284413814544678e-01 -1.433788827022268453e-04 9.999909389274980187e-01 -4.256237572011490645e-03 -2.697133459150791168e-02 -1.911610481329262257e-03 4.255955625482310545e-03 9.999890923667464904e-01 1.691341161727905273e+00
9.999998807907104492e-01 1.995007407847925547e-05 4.506847521497179664e-04 1.631159782409667969e-01 -1.784477868663897349e-05 9.999890923124341580e-01 -4.670846403601339181e-03 -2.598753571510314941e-02 -4.507730191107839346e-04 4.670837802936034233e-03 9.999889731420168459e-01 1.631300449371337891e+00
1.000000000000000000e+00 -3.604461202177098623e-05 -2.241926560645794914e-04 1.652163565158843994e-01 3.491743700578808784e-05 9.999873637759341127e-01 -5.025685682967691303e-03 -2.517054602503776550e-02 2.243709750473499298e-04 5.025677848607301712e-03 9.999873638153076172e-01 1.571665048599243164e+00
9.999997019767761230e-01 -9.367957649281395791e-05 -7.600918503992492399e-04 1.687228381633758545e-01 8.977230989639858882e-05 9.999867674179911958e-01 -5.138927895091092990e-03 -2.384350635111331940e-02 7.605632417835295200e-04 5.138858086955661042e-03 9.999864697495794985e-01 1.525846362113952637e+00
9.999997019767761230e-01 -9.776623090010871063e-06 -7.496321467846987297e-04 1.719953715801239014e-01 6.171931070258346308e-06 9.999884366766652599e-01 -4.808465920440632181e-03 -2.318865060806274414e-02 7.496704929508268833e-04 4.808459860545011288e-03 9.999881386791358295e-01 1.481333494186401367e+00
9.999995827675078885e-01 3.388772869004484547e-04 -8.613899371881138462e-04 1.707455068826675415e-01 -3.427253625294321426e-04 9.999899281333293199e-01 -4.471059690589724613e-03 -2.178838849067687988e-02 8.598661515861749649e-04 4.471353053115134646e-03 9.999896287953902174e-01 1.408517718315124512e+00
9.999998211860727793e-01 4.145412682799755875e-04 -4.887919637217123803e-04 1.708463579416275024e-01 -4.165271615465329647e-04 9.999916561759871758e-01 -4.069780361902641808e-03 -2.073409780859947205e-02 4.871007695328444242e-04 4.069983008356869991e-03 9.999915957460743243e-01 1.354228734970092773e+00
