0.000000000000000000e+00 0.000000000000000000e+00 0.000000000000000000e+00 0.000000000000000000e+00 0.000000000000000000e+00 0.000000000000000000e+00 0.000000000000000000e+00 0.000000000000000000e+00 0.000000000000000000e+00 0.000000000000000000e+00 0.000000000000000000e+00 0.000000000000000000e+00
9.999998298502564831e-01 -3.086941249114969811e-04 -4.949822172149491916e-04 -1.361114252358675003e-02 3.116742161981658267e-04 9.999817595281309535e-01 6.031871202730416069e-03 -1.315807458013296127e-02 4.931111853032345239e-04 -6.032024449603659404e-03 9.999816855934904325e-01 4.965956807136535645e-01
9.999995025895525025e-01 -9.429462049075450951e-04 -3.250739951849649766e-04 -3.186481166630983353e-02 9.469378140366116817e-04 9.999213514648291889e-01 1.250576641097450419e-02 -2.510967105627059937e-02 3.132561636147328569e-04 -1.250606801533403652e-02 9.999217470049203138e-01 1.005230903625488281e+00
9.999992082689251882e-01 -1.225559173229801794e-03 -2.854229069215520370e-04 -5.407881084829568863e-02 1.230730438563550468e-03 9.998209359064104129e-01 1.888336373153081532e-02 -3.687009960412979126e-02 2.622291182848218781e-04 -1.888370005964435869e-02 9.998216526500848245e-01 1.518162012100219727e+00
9.999992882718200526e-01 -1.187701539187380716e-03 -1.132294444789383383e-04 -8.272690232843160629e-02 1.190265588397469666e-03 9.996543672789799384e-01 2.626269688915033873e-02 -4.867117851972579956e-02 8.199806315948799859e-05 -2.626281297036024004e-02 9.996550694770680590e-01 2.051909923553466797e+00
9.999994499362248046e-01 -1.044511006768495407e-03 9.551965507300830727e-05 -1.189046343788504601e-01 1.040569426192329127e-03 9.993977527159486618e-01 3.468499793254951197e-02 -6.034335680305957794e-02 -1.316909907304575063e-04 -3.468487945875593781e-02 9.993982898696667228e-01 2.608588993549346924e+00
9.999995736248058487e-01 -8.616701984940945691e-04 3.320763095107021122e-04 -1.630980065092444420e-01 8.461694391024970072e-04 9.990246219520120263e-01 4.414848503538693070e-02 -7.199512422084808350e-02 -3.697938434318039330e-04 -4.414818521874350199e-02 9.990249251116836149e-01 3.188484072685241699e+00
9.999998254397314268e-01 -5.151143235228243088e-04 2.894438466749619794e-04 -2.192527828738093376e-01 4.983163214177358013e-04 9.984690424739880443e-01 5.531114627198768091e-02 -8.378856908529996872e-02 -3.174922841347039941e-04 -5.531099238226619419e-02 9.984691248708386091e-01 3.825563251972198486e+00
9.999999411251143666e-01 -2.379968670398056234e-04 2.471988250457110721e-04 -2.883300064131617546e-01 2.205129036658879608e-04 9.976532216535143327e-01 6.846897617478327203e-02 -9.577284101396799088e-02 -2.629141060148386692e-04 -6.846891763314943979e-02 9.976532153981751971e-01 4.488999962806701660e+00
9.999999634003199356e-01 2.566406582256070316e-04 8.564421348423012623e-05 -3.697242839261889458e-01 -2.628554321549731463e-04 9.965600892967265700e-01 8.287291070019200956e-02 -1.078655365854501724e-01 -6.408104668642306369e-05 -8.287293017911674664e-02 9.965601202823373139e-01 5.157465159893035889e+00
9.999995725172947658e-01 9.216224021760078622e-04 7.468183059262415108e-05 -4.626868767663836479e-01 -9.244942767166570638e-04 9.951218188358076366e-01 9.864943480449650526e-02 -1.198935667052865028e-01 1.660000998450573213e-05 -9.864946167649418785e-02 9.951222454730763722e-01 5.816157877445220947e+00
9.999980483275036081e-01 1.930226531548881247e-03 4.213866640540916563e-04 -5.664419261738657951e-01 -1.966196729542958946e-03 9.931754484869642630e-01 1.166133036713143944e-01 -1.313382135704159737e-01 -1.934207963804106202e-04 -1.166139046094176318e-01 9.931773053388508465e-01 6.435084879398345947e+00
9.999932708366379153e-01 3.494132658209930624e-03 1.117729130613795202e-03 -6.812858609482645988e-01 -3.614963126329277451e-03 9.904226199002355013e-01 1.380216143636527615e-01 -1.420445051044225693e-01 -6.247583835944316068e-04 -1.380247261432546169e-01 9.904285863453466954e-01 6.975817501544952393e+00
9.999845178916607624e-01 5.105954443703145627e-03 2.212059267177298675e-03 -8.088332740589976311e-01 -5.398945545192239924e-03 9.865260878740330641e-01 1.635149208205647076e-01 -1.524019604548811913e-01 -1.347354438418390827e-03 -1.635243320523717125e-01 9.865383811402589354e-01 7.440388023853302002e+00
9.999699783076667625e-01 7.012837722273339292e-03 3.295844420712451019e-03 -9.480716912075877190e-01 -7.517100336077605499e-03 9.811708883350703791e-01 1.929952877308312997e-01 -1.624721912667155266e-01 -1.880341964064849870e-03 -1.930142688788838712e-01 9.811941481293333656e-01 7.831265240907669067e+00
9.999489150616678312e-01 9.273415769251594845e-03 4.021321544468473355e-03 -1.103472429327666759e+00 -9.941274219965372250e-03 9.742088887583093548e-01 2.254289514041695197e-01 -1.720252837985754013e-01 -1.827110800379202864e-03 -2.254574124402889956e-01 9.742513109264223647e-01 8.189861565828323364e+00
9.999219663500642508e-01 1.169290913624256023e-02 4.397395428286350952e-03 -1.270977157168090343e+00 -1.243180768974838472e-02 9.660229554020720588e-01 2.581571222992142256e-01 -1.813208833336830139e-01 -1.229377153786171328e-03 -2.581916449310045492e-01 9.660929371026556467e-01 8.527893453836441040e+00
9.998914199197335151e-01 1.397162739256669305e-02 4.684228741467266408e-03 -1.451053443364799023e+00 -1.473028185148693436e-02 9.564836313225992814e-01 2.914139355084269800e-01 -1.900747790932655334e-01 -4.088611926590982569e-04 -2.914512937695373229e-01 9.565855822625531912e-01 8.854882150888442993e+00
9.998553087795721828e-01 1.626456926782861995e-02 4.982498553788021652e-03 -1.626630711369216442e+00 -1.700110254209620184e-02 9.456663389578835455e-01 3.246939141319813982e-01 -1.983249839395284653e-01 5.692254910183423312e-04 -3.247316417421089452e-01 9.458060249511075490e-01 9.123120814561843872e+00
9.998127328838453121e-01 1.868235512942198820e-02 5.046659306364440108e-03 -1.805624636821448803e+00 -1.925025242225318969e-02 9.334386150266363869e-01 3.582202950124886986e-01 -2.061459338292479515e-01 1.981652092545516369e-03 -3.582503615964302557e-01 9.336234527211766387e-01 9.362382799386978149e+00
9.997751322606786006e-01 2.058915782764625044e-02 5.076563117961856511e-03 -1.986701431684195995e+00 -2.092941892612225699e-02 9.195306217611272093e-01 3.924606923846128415e-01 -2.137838150374591351e-01 3.412379896385045724e-03 -3.924786901521445381e-01 9.197547680984858864e-01 9.568996071815490723e+00
9.997413305198310507e-01 2.212253871772562261e-02 5.278762271670242937e-03 -2.170592787675559521e+00 -2.225549790271714318e-02 9.037429110551429279e-01 4.274967175671391950e-01 -2.212479179725050926e-01 4.686668703912326601e-03 -4.275036186960982643e-01 9.040014884601689227e-01 9.747091874480247498e+00
9.997089806238309562e-01 2.348176700569173242e-02 5.528171338808001746e-03 -2.370162400417029858e+00 -2.336936831202908807e-02 8.858178169266834878e-01 4.634443524738880438e-01 -2.284458172507584095e-01 5.985539637955950010e-03 -4.634386710596506975e-01 8.861087808399753518e-01 9.925453379750251770e+00
9.996897808512067440e-01 2.420790454292329891e-02 5.858277844818348366e-03 -2.599391180090606213e+00 -2.388861002253943322e-02 8.653673909676058429e-01 5.005682900075770769e-01 -2.358009996823966503e-01 7.048146767583991085e-03 -5.005529502535766007e-01 8.656772306232751735e-01 1.012777878344058990e+01
9.996743167153543386e-01 2.476981639511882660e-02 6.141391979142504440e-03 -2.858719366602599621e+00 -2.418205120877575318e-02 8.425392506680028371e-01 5.380918504150908888e-01 -2.432840764522552490e-01 8.154072542326334938e-03 -5.380651143491393951e-01 8.428638346859010921e-01 1.035161311924457550e+01
9.996636734818911130e-01 2.499038712918177571e-02 6.929680499461297535e-03 -3.137706237845122814e+00 -2.441895779161155564e-02 8.170836618066575907e-01 5.760017396753200902e-01 -2.510113986209034920e-01 8.732377743918405544e-03 -5.759772305914160340e-01 8.174190941121819431e-01 1.057755412161350250e+01
9.996799660830086864e-01 2.406616715530056350e-02 7.796474249787787962e-03 -3.440146732144057751e+00 -2.376420262331684768e-02 7.877116378755261161e-01 6.155856059307542871e-01 -2.593279024586081505e-01 8.673412589771813119e-03 -6.155738746518643056e-01 7.880314567072423948e-01 1.080175974965095520e+01
9.997196030878150452e-01 2.225625197424416918e-02 8.085446802771381961e-03 -3.763338196091353893e+00 -2.210178797084648081e-02 7.544829700050826871e-01 6.559473751306588163e-01 -2.668785932473838329e-01 8.498598145178953497e-03 -6.559421523430007950e-01 7.547633182721577016e-01 1.101919539272785187e+01
9.997584983312208795e-01 2.036391023417402288e-02 8.261729508804792343e-03 -4.115037131123244762e+00 -2.036670643539247386e-02 7.173620271711067531e-01 6.964028426434910601e-01 -2.736328621394932270e-01 8.254833946040108714e-03 -6.964029244144045450e-01 7.176035288260422806e-01 1.123221635818481445e+01
9.997939232046734181e-01 1.899256069609707095e-02 7.168944218840398938e-03 -4.490982639603316784e+00 -1.809897545173779973e-02 6.739940278105129856e-01 7.385150489755498704e-01 -2.801823290064930916e-01 9.194466303444098071e-03 -7.384926087063881095e-01 6.741988791709968565e-01 1.142405454814434052e+01
9.998297864992867767e-01 1.788421220097066028e-02 4.533539758426232032e-03 -4.892743366770446301e+00 -1.471737240970714955e-02 6.249207510317055236e-01 7.805494563955081011e-01 -2.874697847291827202e-01 1.112640904086174137e-02 -7.804833181330140812e-01 6.250775896942200038e-01 1.159161366522312164e+01
9.998451898979431318e-01 1.758452365067871004e-02 6.170623344285090101e-04 -5.325375813059508801e+00 -1.058230472594252902e-02 5.729451899558775096e-01 8.195253651554115226e-01 -2.945989393629133701e-01 1.405742026949268267e-02 -8.194050242916515181e-01 5.730425770402794994e-01 1.174571357667446136e+01
9.998221462074238230e-01 1.836498349559362309e-02 -4.289910766848023527e-03 -5.781063753180205822e+00 -5.801136198609091986e-03 5.159225391088816393e-01 8.566155966699705582e-01 -3.025418142788112164e-01 1.794499295029485658e-02 -8.564383579806844615e-01 5.159373180991687624e-01 1.187258690595626831e+01
9.997769859281253613e-01 1.922216953709702039e-02 -8.745662168196043432e-03 -6.259265082888305187e+00 -1.047500604011624824e-03 4.587577499520695268e-01 8.885607630327816420e-01 -3.109029489569365978e-01 2.109220592915097073e-02 -8.883534403925059664e-01 4.586755757524491606e-01 1.197812780737876892e+01
9.996949584911752895e-01 2.134975113727949694e-02 -1.241684717243461342e-02 -6.734970617108047009e+00 2.735616043966783081e-03 4.039362986415322432e-01 9.147830251183275418e-01 -3.190897437743842602e-01 2.454600521851480963e-02 -9.145379460504386993e-01 4.037546765817797145e-01 1.205760823935270309e+01
9.995820755927387058e-01 2.437143732668845333e-02 -1.554693527173767360e-02 -7.194862711243331432e+00 6.008503396222896614e-03 3.509040393642193778e-01 9.363921470435406791e-01 -3.272729753516614437e-01 2.827670491146169751e-02 -9.360942197239046081e-01 3.506109521376142846e-01 1.210857823491096497e+01
9.994765453241789555e-01 2.696814899075585317e-02 -1.787048647509960689e-02 -7.653128313831984997e+00 8.979494201683054996e-03 2.994280304758437650e-01 9.540766338451220907e-01 -3.358834036625921726e-01 3.108060537901834869e-02 -9.537376858997286266e-01 2.990291331357266547e-01 1.213933203741908073e+01
9.993977801648940007e-01 2.881869063890193233e-02 -1.932770217437732377e-02 -8.117161470465362072e+00 1.150148072153600425e-02 2.503968767067299428e-01 9.680749558152648149e-01 -3.449973450042307377e-01 3.273824892529072356e-02 -9.677142590689535862e-01 2.499146251261252782e-01 1.215448418911546469e+01
9.993510899021507132e-01 2.999769565753284545e-02 -1.993833911391298605e-02 -8.584936159662902355e+00 1.341208611979063589e-02 2.038333539929684524e-01 9.789137243628227569e-01 -3.546651094220578671e-01 3.342925451305602674e-02 -9.785459120834418822e-01 2.032987527937298311e-01 1.215166890877299011e+01
9.993424224553560942e-01 3.040250019619723798e-02 -1.975881228415824267e-02 -9.089785474352538586e+00 1.457452939761732201e-02 1.621645266010072750e-01 9.866560947995552944e-01 -3.651822158135473728e-01 3.320099055598137172e-02 -9.862952672978266833e-01 1.616147887169061270e-01 1.214520876365713775e+01
9.993698460758793090e-01 3.005713312188572003e-02 -1.888066478613730642e-02 -9.614633101038634777e+00 1.500110152571470026e-02 1.244340971450876160e-01 9.921144704219881927e-01 -3.757757111452519894e-01 3.216951518578489710e-02 -9.917725163646047282e-01 1.239047944049438965e-01 1.212980329594574869e+01
9.994403398288387308e-01 2.863950462154019050e-02 -1.728542443355651770e-02 -1.018143059592694044e+01 1.461234568077245631e-02 9.104928945431452203e-02 9.957391758103976143e-01 -3.870498402975499630e-01 3.009130234006207258e-02 -9.954344808498936104e-01 9.057984245173839044e-02 1.211154505773447454e+01
9.995555870833447987e-01 2.565529785531895160e-02 -1.518005343945476836e-02 -1.078604407887905836e+01 1.360144941510736498e-02 6.062377548106712838e-02 9.980680129230820041e-01 -3.989400290884077549e-01 2.652600430291210398e-02 -9.978309293354140630e-01 6.024788425617831622e-02 1.208899224898777902e+01
9.996497390383536352e-01 2.290640991366906659e-02 -1.325502264873224673e-02 -1.145530821662396193e+01 1.240994339319316173e-02 3.664912068070651230e-02 9.992511372314313300e-01 -4.113674596883356571e-01 2.337504108080202744e-02 -9.990656326479246951e-01 3.635201667408348436e-02 1.206826356775127351e+01
9.997249394196024985e-01 2.047016944835626517e-02 -1.144629482529184450e-02 -1.218296017032116652e+01 1.105207593125421411e-02 1.926874845489048166e-02 9.997532530332631229e-01 -4.246980515308678150e-01 2.068567427186536120e-02 -9.996047656427702321e-01 1.903721051468807227e-02 1.204911397933028638e+01
9.997567755990531824e-01 1.968725559929524263e-02 -9.939899936742149431e-03 -1.296117754559963942e+01 9.792609564520280210e-03 7.563837964565402715e-03 9.999234436461436060e-01 -4.383174688555300236e-01 1.976093220729463473e-02 -9.997775754247610891e-01 7.369208647126798684e-03 1.203120168275199831e+01
9.997462515854056431e-01 2.071309731582145902e-02 -8.854379736385671953e-03 -1.377413280587643385e+01 8.857317970377483196e-03 -5.011533409045951796e-05 9.999607719339919099e-01 -4.520910806022584438e-01 2.071184104087406622e-02 -9.997854595302128056e-01 -2.335651064814901875e-04 1.201373057975433767e+01
9.997132911999598859e-01 2.258731443993243146e-02 -7.946610883639062747e-03 -1.461033655982464552e+01 8.051766516902782861e-03 -4.568389272773011600e-03 9.999571485195801746e-01 -4.654933805577456951e-01 2.255004332815425255e-02 -9.997344362608723278e-01 -4.748947257480700714e-03 1.199717960297130048e+01
9.996754927720955530e-01 2.442861034564629968e-02 -7.221644372886997475e-03 -1.546336283069103956e+01 7.392256073695051624e-03 -6.901012544036164847e-03 9.999488639805578227e-01 -4.791140235029160976e-01 2.437752450534685228e-02 -9.996777575911388602e-01 -7.079355658785299599e-03 1.198183179716579616e+01
9.996425138208164807e-01 2.590452436598486910e-02 -6.618170394509420400e-03 -1.633165093045681715e+01 6.822642572735518156e-03 -7.812890444570548196e-03 9.999462036985918845e-01 -4.926157421432435513e-01 2.585142375814844518e-02 -9.996338901619298278e-01 -7.986834754982973655e-03 1.196827676496468484e+01
9.996050941457931271e-01 2.738010895781189599e-02 -6.323400290857187148e-03 -1.720790256839245558e+01 6.543644586591872668e-03 -7.961837772959360834e-03 9.999468935172515227e-01 -5.059127467684447765e-01 2.732830900923858414e-02 -9.995933867191876265e-01 -8.137859298374655603e-03 1.195653181220404804e+01
9.995460612653281895e-01 2.948768026376127199e-02 -6.176416568783617105e-03 -1.812010820489376783e+01 6.374180711401992126e-03 -6.617386153402846256e-03 9.999577891194983970e-01 -5.196834267117083073e-01 2.944556382933346747e-02 -9.995432391413384687e-01 -6.802342068266791809e-03 1.194889819039963186e+01
9.994499607503736227e-01 3.263106229233028732e-02 -5.915211724925152105e-03 -1.904338981490582228e+01 6.065135478055047949e-03 -4.497442136668204464e-03 9.999714931666103812e-01 -5.328102041967213154e-01 3.260352876161519420e-02 -9.994573461573542650e-01 -4.692880180565950181e-03 1.194461725628934801e+01
9.993947324677661115e-01 3.432877676022141888e-02 -5.630612917725275231e-03 -1.996693159919232130e+01 5.708033828598457586e-03 -2.157690009225209007e-03 9.999813811884877834e-01 -5.466331508941948414e-01 3.431598848195908935e-02 -9.994082646546260662e-01 -2.352333848559747930e-03 1.194420610149973072e+01
9.994004922429542415e-01 3.418546523393078268e-02 -5.478144875796503790e-03 -2.090941246133297682e+01 5.476952297646080735e-03 1.285295861321416851e-04 9.999849931242341672e-01 -5.616034180857241154e-01 3.418565632059467757e-02 -9.994154979020913876e-01 -5.877963071083182897e-05 1.194642887628288008e+01
9.993621313236094039e-01 3.533039368550573017e-02 -5.205166506473305789e-03 -2.188713719230145216e+01 5.083370720345122343e-03 3.536289761470845765e-03 9.999808268146157531e-01 -5.764521653763949871e-01 3.534812326634148572e-02 -9.993694301592129792e-01 3.354436584202196737e-03 1.195367786046699621e+01
9.992384571103488655e-01 3.870017326802183827e-02 -4.980202882880398543e-03 -2.287874807696789503e+01 4.686118886664376870e-03 7.686035036646263197e-03 9.999594817567337701e-01 -5.901264888234436512e-01 3.873688321883434621e-02 -9.992213075462514915e-01 7.498828178446034776e-03 1.196524629034684040e+01
9.990926155136653497e-01 4.232197870719003191e-02 -4.774488912056860934e-03 -2.385582258086651564e+01 4.304938052088096330e-03 1.117893170765947575e-02 9.999282469228695236e-01 -6.036592167802155018e-01 4.237231566047440501e-02 -9.990414814231606266e-01 1.098659462187790564e-02 1.197890001759515144e+01
9.989754614000594390e-01 4.505390494404695745e-02 -4.263000097480006134e-03 -2.481895549874752760e+01 3.604547802919708631e-03 1.468591586290220706e-02 9.998856590182720883e-01 -6.168830734677612782e-01 4.511135949708010989e-02 -9.988766037527160302e-01 1.450847062114616476e-02 1.199626861550495960e+01
9.989505501851513314e-01 4.566674804971231766e-02 -3.513745487023716904e-03 -2.575280078034847975e+01 2.723293789946361690e-03 1.735983317856719041e-02 9.998455980114858699e-01 -6.303879586048424244e-01 4.572069504849114729e-02 -9.988058791950397142e-01 1.721725093348131300e-02 1.201502981633529998e+01
9.990494429220282413e-01 4.348361470514528621e-02 -3.063633359186400743e-03 -2.667822362761944532e+01 2.222254470083939986e-03 1.938449829245937964e-02 9.998096332857668855e-01 -6.451185909099876881e-01 4.353472386791076842e-02 -9.988660653351498775e-01 1.926944056325063589e-02 1.203570509181008674e+01
9.991116251258055359e-01 4.203927271990259146e-02 -2.942802686791969654e-03 -2.760121359210461378e+01 2.043153409831163607e-03 2.142716865710133853e-02 9.997683241468916515e-01 -6.600744449533522129e-01 4.209258916502561093e-02 -9.988861676850480098e-01 2.132224061543674942e-02 1.205892603137181140e+01
9.990910857218502361e-01 4.249795188015908359e-02 -3.305528267369027811e-03 -2.851976676564663649e+01 2.315751503280238238e-03 2.331815731889411158e-02 9.997254127180255079e-01 -6.744388979859650135e-01 4.256336131122338134e-02 -9.988244027982311479e-01 2.319854841681401325e-02 1.208306504823849536e+01
9.990757995740016106e-01 4.279719454088639491e-02 -3.993350097222778984e-03 -2.944830955844372511e+01 2.932186325546457233e-03 2.482932370123490384e-02 9.996874046260119107e-01 -6.893530976958572865e-01 4.288296851806954607e-02 -9.987752023473395191e-01 2.468088708108842969e-02 1.210778320432291366e+01
9.990478859413406409e-01 4.336051398024248077e-02 -4.815332128428044534e-03 -3.039238591771572828e+01 3.677248592090497006e-03 2.628861650361264540e-02 9.996476311606594667e-01 -7.048781984485685825e-01 4.347182350591982658e-02 -9.987135597706157109e-01 2.610413935327068891e-02 1.213371039406047203e+01
9.992943516445451646e-01 3.708252364659398587e-02 -5.973710012027054830e-03 -3.139226044993847609e+01 4.972596857188478318e-03 2.703066870935323662e-02 9.996222367622785709e-01 -7.226807516999542713e-01 3.722998860869922849e-02 -9.989465598264629653e-01 2.682719812188997036e-02 1.216349049509153701e+01
9.996541522900321830e-01 2.524727625090145144e-02 -7.358726194657878687e-03 -3.240723552089184523e+01 6.687404450546899359e-03 2.657203875111349006e-02 9.996245322011281242e-01 -7.417785492725670338e-01 2.543333306926329890e-02 -9.993280251241432044e-01 2.639401012479777528e-02 1.219524415433988906e+01
9.998364465108491306e-01 1.577851170252880103e-02 -8.838483863826848003e-03 -3.342549695353955030e+01 8.435920527165553795e-03 2.540016772722432370e-02 9.996417691974902597e-01 -7.604943779297173023e-01 1.599735832621476325e-02 -9.995528350456928113e-01 2.526290717040803255e-02 1.222594128586933948e+01
9.998520275811302316e-01 1.416000622865156572e-02 -9.768171042074736896e-03 -3.446905388217419386e+01 9.410445340137749484e-03 2.511331874954235086e-02 9.996403176842578731e-01 -7.779878065921366215e-01 1.440022431779999432e-02 -9.995843213281151440e-01 2.497635070639039889e-02 1.225419747122214176e+01
9.996990921734285607e-01 2.200966766225960491e-02 -1.083049569593359275e-02 -3.553307320456951857e+01 1.027841986715907069e-02 2.504351926415544077e-02 9.996335209605070604e-01 -7.938380711711943150e-01 2.227283530799664679e-02 -9.994440437924790865e-01 2.480975886783462481e-02 1.227696022801683284e+01
9.993293845464745750e-01 3.468744864082187046e-02 -1.172868657415393479e-02 -3.662841119151562452e+01 1.078333062235944072e-02 2.731618035306971129e-02 9.995686800173398945e-01 -8.076927387155592442e-01 3.499287016883981249e-02 -9.990248281187554813e-01 2.692381547325356159e-02 1.230031822659657337e+01
9.989437713045258294e-01 4.427010324024989452e-02 -1.230852269725086177e-02 -3.776042153220623732e+01 1.099527854689247471e-02 2.978650847447351924e-02 9.994958067758845655e-01 -8.214985220693051815e-01 4.461441046979518210e-02 -9.985754462593187109e-01 2.926828499305855757e-02 1.232793325037346222e+01
9.987656978948479258e-01 4.799361065261452397e-02 -1.279429736806544926e-02 -3.889609994273632765e+01 1.128119268826976995e-02 3.166667311165507342e-02 9.994348185377422977e-01 -8.371371044777333736e-01 4.837163838601468008e-02 -9.983455489711789976e-01 3.108616170079225860e-02 1.235964304060325958e+01
9.988338604777882157e-01 4.644223091318867153e-02 -1.319235956319487688e-02 -4.002744116168469191e+01 1.164135894697727706e-02 3.350985898501262356e-02 9.993705859753290177e-01 -8.550672191195189953e-01 4.685507363035713857e-02 -9.983587574307197787e-01 3.293013113370761580e-02 1.239643385112867691e+01
9.989437427387058976e-01 4.396394339413386976e-02 -1.336302826545649781e-02 -4.112686564307659864e+01 1.181340696605027822e-02 3.532049386432732641e-02 9.993062123938960539e-01 -8.732884242199361324e-01 4.440543051295045562e-02 -9.984085508419974220e-01 3.476382238106334038e-02 1.243566628024564125e+01
9.989395920602959222e-01 4.402456586298614249e-02 -1.347327038936940898e-02 -4.217310740333050489e+01 1.182299610440750402e-02 3.753303748878997897e-02 9.992254439614616235e-01 -8.904358963482081890e-01 4.449615913227374792e-02 -9.983251517904577765e-01 3.697273488713934131e-02 1.247625993043766357e+01
9.988658663086886769e-01 4.564285177775477542e-02 -1.355401066057160958e-02 -4.323182072024792433e+01 1.171784799086435930e-02 4.025893170109105801e-02 9.991205685285183824e-01 -9.076672228984534740e-01 4.614838200691306208e-02 -9.981462560666551909e-01 3.967843669127136402e-02 1.252103292793617584e+01
9.988681924869478035e-01 4.558384180980671468e-02 -1.358114147325263123e-02 -4.430864276271313429e+01 1.163534907176082787e-02 4.268319729016604308e-02 9.990209023444239778e-01 -9.259368064813315868e-01 4.611889731808707649e-02 -9.980482243032885448e-01 4.210450421530291532e-02 1.256951265633688308e+01
9.990974521634905514e-01 4.020402667552086529e-02 -1.370829382147106812e-02 -4.535729314666241407e+01 1.191437643999480878e-02 4.452542888912040808e-02 9.989372021384957945e-01 -9.441895554773509502e-01 4.077166558368534172e-02 -9.981989393008359190e-01 4.400623665139112572e-02 1.262123942226753570e+01
9.993322223011703587e-01 3.391608644823931179e-02 -1.359443086854366517e-02 -4.635105051379650831e+01 1.202407607352362975e-02 4.608308255532573422e-02 9.988652417102004133e-01 -9.618055070750415325e-01 3.450407316799238705e-02 -9.983616822485898989e-01 4.564449969693213510e-02 1.267340861857519485e+01
9.993743911453105699e-01 3.264230148782478608e-02 -1.361273214743626177e-02 -4.732343663554638624e+01 1.203912156606369403e-02 4.792891910084018381e-02 9.987781927263642556e-01 -9.785089879296720028e-01 3.325486242427463934e-02 -9.983172335822931842e-01 4.750594970884697982e-02 1.272514724210486747e+01
9.993221072371589742e-01 3.408823090356751656e-02 -1.390390236406059861e-02 -4.829238958936184645e+01 1.219949519725630274e-02 4.970786414013398519e-02 9.986892913011324868e-01 -9.945142301730811596e-01 3.473468445252361758e-02 -9.981819076483459119e-01 4.925830832958606048e-02 1.277721534148440696e+01
9.991521460507749586e-01 3.860097504759799764e-02 -1.431620646350237336e-02 -4.926317157130688429e+01 1.230708642114702704e-02 5.179284863632872132e-02 9.985820128832467724e-01 -1.010025782044976950e+00 3.928771647669699468e-02 -9.979115519701677872e-01 5.127387032921946336e-02 1.282964784131036140e+01
9.989031426110820400e-01 4.438290480807167981e-02 -1.492211253482138289e-02 -5.024540199618786573e+01 1.248488139874735087e-02 5.469280405607092332e-02 9.984251724195176703e-01 -1.025070716161280870e+00 4.512914156244762082e-02 -9.975163431970835992e-01 5.407869854716071401e-02 1.288407149762497284e+01
9.986960598035069525e-01 4.867658336349480613e-02 -1.538734431300119686e-02 -5.126934720855206251e+01 1.256713567741117588e-02 5.772226495230050464e-02 9.982535786210045003e-01 -1.040510974358767271e+00 4.947976590299967004e-02 -9.971452904972440967e-01 5.703527334335472404e-02 1.294340070188627578e+01
9.985943850857401660e-01 5.062019134864696734e-02 -1.571147042955079939e-02 -5.235275365691632032e+01 1.264944011792183513e-02 6.025275296926080326e-02 9.981029994065383493e-01 -1.057188335340470076e+00 5.147082416219301432e-02 -9.968987922489681575e-01 5.952774372183954749e-02 1.300960323811159469e+01
9.986203877564333586e-01 5.000552036397218347e-02 -1.602401604838905522e-02 -5.342517997603863478e+01 1.290561825475730444e-02 6.207245654601029755e-02 9.979882039161616092e-01 -1.074219496455043554e+00 5.089956949378984796e-02 -9.968181670051323717e-01 6.134146846852323726e-02 1.307751197964535095e+01
9.987034756792155799e-01 4.826303449961025921e-02 -1.618787098861588017e-02 -5.448922898154705763e+01 1.309787611077071860e-02 6.366660577414363920e-02 9.978852684304878595e-01 -1.091214563231915236e+00 4.919159793746838427e-02 -9.968035126393212098e-01 6.295191722472991136e-02 1.314678543657646514e+01
9.987283092084119351e-01 4.774607726427538418e-02 -1.618877671662202755e-02 -5.555672587733715773e+01 1.305252511535968246e-02 6.528150659796039257e-02 9.977815174097049988e-01 -1.108313597273081541e+00 4.869698115714877346e-02 -9.967239522566789800e-01 6.457528183450690629e-02 1.321819200218305923e+01
9.987119081956680189e-01 4.810923471146773267e-02 -1.612532057493417520e-02 -5.662066509108990431e+01 1.287296529602649509e-02 6.716353728969025327e-02 9.976589327135920726e-01 -1.125248372089117765e+00 4.907964132565340032e-02 -9.965814371109935621e-01 6.645771597889833793e-02 1.329203331322059967e+01
9.987644259667025626e-01 4.696411353008335399e-02 -1.624787566842691988e-02 -5.764481045585125685e+01 1.297634022257646187e-02 6.914450962048335203e-02 9.975222560844299036e-01 -1.141892775427550077e+00 4.797119987900200222e-02 -9.965005814497432945e-01 6.844965414443313079e-02 1.336613761485205032e+01
9.988637751337379189e-01 4.470354077418521588e-02 -1.651521019630355219e-02 -5.864529539924114943e+01 1.331759885360504769e-02 7.090505833346712194e-02 9.973941619357424848e-01 -1.158153384458273649e+00 4.575806252838713478e-02 -9.964808408318638344e-01 7.022915041967850436e-02 1.344107343108044006e+01
9.989490820329380849e-01 4.265589004324965572e-02 -1.676921435751897727e-02 -5.962562491279095411e+01 1.364351106789394967e-02 7.254090837009581627e-02 9.972721149308154676e-01 -1.173836582805961370e+00 4.375598371983518281e-02 -9.964528547088715715e-01 7.188269771822675125e-02 1.351609781236038543e+01
9.988794069821125277e-01 4.406339962999380327e-02 -1.727272763955858131e-02 -6.061782636027783155e+01 1.395550354835778557e-02 7.450996228225847950e-02 9.971226150486247608e-01 -1.188907457981258631e+00 4.522360255192726941e-02 -9.962462960200874074e-01 7.381154000887284183e-02 1.359247246236191131e+01
9.985586925698857197e-01 5.047716180452524459e-02 -1.823714970274499525e-02 -6.162010337691754103e+01 1.432374819708512326e-02 7.683201134945040478e-02 9.969411578772261473e-01 -1.202100507449358702e+00 5.172395702870242334e-02 -9.957654835191656062e-01 7.599825064523026141e-02 1.366853911281214096e+01
9.982281382088536992e-01 5.628772415560730907e-02 -1.929446027925726947e-02 -6.262210096698254347e+01 1.477456452463334763e-02 7.963865151094948192e-02 9.967143008047114616e-01 -1.214539647568017244e+00 5.763936442391624088e-02 -9.952333280667904347e-01 7.866591621475703400e-02 1.374805832505808212e+01
9.980650588074631013e-01 5.892163933006188542e-02 -1.985897294205841990e-02 -6.361237676721066236e+01 1.499796960504851638e-02 8.182378401273689150e-02 9.965339579149137261e-01 -1.228302558418363333e+00 6.034235076114738416e-02 -9.949035675825548264e-01 8.078175484676949902e-02 1.382925954312668182e+01
9.981360089670854308e-01 5.773197182447713932e-02 -1.978704203553664082e-02 -6.463931151013821363e+01 1.490916252253946667e-02 8.373138717816144827e-02 9.963768221281028570e-01 -1.243941055145114660e+00 5.917959509944979019e-02 -9.948145928918004088e-01 8.271457727261005699e-02 1.391743108481750824e+01
9.982164341768019478e-01 5.648576106410221204e-02 -1.932121467091236361e-02 -6.566665418725460768e+01 1.445641865274995864e-02 8.529825168299096094e-02 9.962505810385063887e-01 -1.260203813668340445e+00 5.792203811233465061e-02 -9.947530181189873089e-01 8.432953482664877487e-02 1.400810352564440109e+01
9.982299534894351067e-01 5.641211325791271880e-02 -1.883171352418128858e-02 -6.665125055890530348e+01 1.385228060953470203e-02 8.739407981994652685e-02 9.960775015702038049e-01 -1.276194326113909483e+00 5.783661710711574672e-02 -9.945752602443925783e-01 8.645795181129174722e-02 1.409889514595852233e+01
9.981524714889742356e-01 5.787087494994607589e-02 -1.850960542475427184e-02 -6.762231542449444532e+01 1.327019021180741998e-02 8.964395123035724666e-02 9.958854673402718349e-01 -1.291845704894512892e+00 5.929203751090730834e-02 -9.942911665303765245e-01 8.871037395630865241e-02 1.419010963142500259e+01
9.980526992796289187e-01 5.963620128418971322e-02 -1.828477391268899105e-02 -6.856896491628140211e+01 1.273308931798414548e-02 9.217797913209091476e-02 9.956611314094490073e-01 -1.306666198652237654e+00 6.106290115173681338e-02 -9.939551014303993348e-01 9.123912780938778222e-02 1.428205102533684112e+01
9.980354920613807579e-01 6.002083936444656959e-02 -1.796261194216254922e-02 -6.949323530774563551e+01 1.224937875585864477e-02 9.423412075018620937e-02 9.954747024442835990e-01 -1.321080438327044249e+00 6.144191814952507102e-02 -9.937391153257612020e-01 9.331377907726400023e-02 1.437332524210796691e+01
9.980752503158943911e-01 5.945424684754203881e-02 -1.763483027012983581e-02 -7.041193880420178175e+01 1.185315037432537778e-02 9.623206638436035409e-02 9.952883462723752794e-01 -1.336138073820620775e+00 6.087115518099175948e-02 -9.935816936373111918e-01 9.534212361671005886e-02 1.446548292637453414e+01
9.980710878182599277e-01 5.954006905308058262e-02 -1.758078037032450094e-02 -7.134248252492398024e+01 1.167484314420398107e-02 9.812566205950840059e-02 9.951055484133034534e-01 -1.351836137939244509e+00 6.097377878099261017e-02 -9.933913300520281764e-01 9.724126530763073373e-02 1.455946869254694320e+01
9.979475942022970614e-01 6.149971539167298218e-02 -1.784332459466596299e-02 -7.224833281617611647e+01 1.160830946263386593e-02 1.002878462763747286e-01 9.948907452784280236e-01 -1.366785394493490458e+00 6.297496627444205963e-02 -9.930559565784746745e-01 9.936810719110751589e-02 1.465307225138531066e+01
9.976313596826659191e-01 6.620063999365601026e-02 -1.868543395657745743e-02 -7.317049087863415480e+01 1.172568492741664012e-02 1.040005758867801750e-01 9.945081138573989010e-01 -1.379722777288407087e+00 6.778036950842197816e-02 -9.923715813543071418e-01 1.029779880831498268e-01 1.475349308401928283e+01
9.974041320339975814e-01 6.931890494771222877e-02 -1.949068542555456099e-02 -7.407402916532009840e+01 1.194645621711044707e-02 1.076275761658440078e-01 9.941195033961047756e-01 -1.392942236270755529e+00 7.100901059274485061e-02 -9.917717450429385240e-01 1.065200739256407236e-01 1.485605782122001983e+01
9.972826459994297288e-01 7.090829856786663721e-02 -1.998342269448237507e-02 -7.495884396415203810e+01 1.205328616705697922e-02 1.105504024510153144e-01 9.937974274521410578e-01 -1.407146519515663385e+00 7.267766012297798006e-02 -9.913377939492313828e-01 1.093953198583927783e-01 1.495819850117550232e+01
9.973164238044702756e-01 7.036560633599306391e-02 -2.021465445735506211e-02 -7.581841279845684767e+01 1.216633949105889491e-02 1.129816947629391222e-01 9.935225799305631433e-01 -1.422072813380509615e+00 7.219370466495339533e-02 -9.911023247341629316e-01 1.118224079211647959e-01 1.505952799171791412e+01
9.976223869887419493e-01 6.601346406924039900e-02 -1.979382581675543512e-02 -7.666768236737698317e+01 1.206552494815802540e-02 1.154782159375090933e-01 9.932367314752387211e-01 -1.437938910443335772e+00 6.785275297738717348e-02 -9.911140217984352185e-01 1.144071663311374415e-01 1.516465952844009735e+01
9.978851833480960609e-01 6.203043116904459475e-02 -1.942643722660592279e-02 -7.748445262294262648e+01 1.200186157814456950e-02 1.178948757853525015e-01 9.929535505662968609e-01 -1.454266716260462999e+00 6.388361427624376920e-02 -9.910867892735422124e-01 1.169010690903439925e-01 1.526854338348493911e+01
9.980881750382418760e-01 5.880050973913818202e-02 -1.903929891695745752e-02 -7.827931095939129591e+01 1.183791362612989645e-02 1.204751087319034103e-01 9.926457635919352374e-01 -1.470355937723070383e+00 6.066183849680151924e-02 -9.909733842189977215e-01 1.195487060562949039e-01 1.537254618704901077e+01
9.981753433620379479e-01 5.730952429997522579e-02 -1.901584414608652879e-02 -7.907644744496792555e+01 1.181568127791022757e-02 1.234511370527335145e-01 9.922803063833959270e-01 -1.485962980892509222e+00 5.921463991291803924e-02 -9.906944206892949190e-01 1.225487300427291204e-01 1.547897554040537216e+01
9.981404828118659589e-01 5.769796115728695329e-02 -1.966015896139368391e-02 -7.989104576688259840e+01 1.219030219101923176e-02 1.270700335287759664e-01 9.918188358321732290e-01 -1.500878942664712667e+00 5.972414172331565185e-02 -9.902141949382911035e-01 1.261303890350194412e-01 1.559114800990209915e+01
9.979980981237351889e-01 5.959050599131059806e-02 -2.118413880965950430e-02 -8.071702923160046339e+01 1.316165045340459729e-02 1.319306458709533225e-01 9.911715672059079330e-01 -1.515053645242005587e+00 6.185925232937866669e-02 -9.894661572159871854e-01 1.308822242532483027e-01 1.571002013832912780e+01
9.978234458653588712e-01 6.170713978054517129e-02 -2.325080173855449683e-02 -8.154516662936657667e+01 1.452319114385185010e-02 1.382879357316598723e-01 9.902855768666306568e-01 -1.529436908196657896e+00 6.432299589089778002e-02 -9.884678425377227962e-01 1.370907599673988897e-01 1.583760163039551117e+01
9.976462542235152720e-01 6.364381739098853852e-02 -2.552285136287661335e-02 -8.236224003415554762e+01 1.599952990810354914e-02 1.458841823498846779e-01 9.891722905453959047e-01 -1.543766043614596128e+00 6.667808093000793246e-02 -9.872523840680295093e-01 1.445225369120096970e-01 1.597358000130043365e+01
9.974683823491824475e-01 6.528724541985714280e-02 -2.818513436534305153e-02 -8.309991486649960279e+01 1.773785307883410031e-02 1.553950728962149863e-01 9.876931405490947391e-01 -1.558121433947235346e+00 6.886359547583029150e-02 -9.856926229332688694e-01 1.538436164196416434e-01 1.611057372242794372e+01
9.973111086116797086e-01 6.630024941548377793e-02 -3.122226076354862531e-02 -8.380697883944958448e+01 1.977825217116943243e-02 1.667261543117751210e-01 9.858048540200337051e-01 -1.573612923268228769e+00 7.056467516254869010e-02 -9.837716535842303545e-01 1.649665427392875694e-01 1.625568246693001129e+01
9.971722362182595667e-01 6.668563653817298487e-02 -3.464905763472100192e-02 -8.451027395110577345e+01 2.205114828773126548e-02 1.811273192008354405e-01 9.832124089423969204e-01 -1.590308981481939554e+00 7.184203626476644289e-02 -9.811961680105651951e-01 1.791446390677505773e-01 1.641658896059379913e+01
9.970299402263173016e-01 6.674618280005244209e-02 -3.842193870600696393e-02 -8.518416489940136671e+01 2.452374065301295494e-02 1.977694803834911808e-01 9.799417425404571835e-01 -1.607776111457496881e+00 7.300605753422063915e-02 -9.779735066505972352e-01 1.955452271287749788e-01 1.658892665655002929e+01
9.968630907624126403e-01 6.676064719614904774e-02 -4.250875511657831174e-02 -8.584551622252911329e+01 2.711530004499399654e-02 2.165082295334719575e-01 9.759041689877911985e-01 -1.625477523077279329e+00 7.435548923300723534e-02 -9.739954838346186472e-01 2.140188278883131678e-01 1.677612392455921508e+01
9.966980440337048774e-01 6.625350758615111690e-02 -4.694125852508315710e-02 -8.643296845536679029e+01 2.971256979267829570e-02 2.404192564454971925e-01 9.702142775317776913e-01 -1.642085146624594927e+00 7.556568146786010742e-02 -9.684054181295796981e-01 2.376568406791014776e-01 1.697483414263115264e+01
9.965325540770785251e-01 6.519846775135382244e-02 -5.169166729261115423e-02 -8.691331781726330519e+01 3.227891995401477310e-02 2.696649409980972356e-01 9.624130562929281707e-01 -1.657448769081383944e+00 7.668728702475162418e-02 -9.607444922555468114e-01 2.666253562762082030e-01 1.717885051519260742e+01
9.963686275623551136e-01 6.347747981766541092e-02 -5.674652029425990285e-02 -8.728719477634876966e+01 3.491864337266019358e-02 3.032093012405669974e-01 9.522839954479020985e-01 -1.670860719401389360e+00 7.765466086798618328e-02 -9.508074090988170024e-01 2.998916878612561399e-01 1.738095269948826171e+01
9.962567704168802107e-01 6.070090294362012057e-02 -6.154549358285253680e-02 -8.756909568887203932e+01 3.727689487028790910e-02 3.406963556385213532e-01 9.394340989997433944e-01 -1.682433854322880507e+00 7.799282343496249936e-02 -9.382118063830039434e-01 3.371583097836732823e-01 1.758265946657047607e+01
9.961686550870331169e-01 5.685288250030992585e-02 -6.645118790132766018e-02 -8.780332313757389784e+01 3.992027470683073148e-02 3.804484648262922430e-01 9.239401156344758670e-01 -1.693460532929748297e+00 7.780991125443320611e-02 -9.230529320481698496e-01 3.767212528486463818e-01 1.778799886853084899e+01
9.961008163134805748e-01 5.185708325247286726e-02 -7.137231015011112623e-02 -8.801342593412846327e+01 4.298871142518360250e-02 4.211569280327189801e-01 9.059684391081431754e-01 -1.703535721171647310e+00 7.703982366036314644e-02 -9.055041053946631946e-01 4.172854906221769578e-01 1.800164729208336212e+01
9.960337009597292068e-01 4.540934354107344084e-02 -7.651704432107599152e-02 -8.826350693684071302e+01 4.676976174063222219e-02 4.643828440564274351e-01 8.843987582153134408e-01 -1.713671937119215727e+00 7.569316969971087716e-02 -8.844696522013814066e-01 4.604171786495137031e-01 1.825316876024589874e+01
9.959987097139626488e-01 3.822517981967978734e-02 -8.077998437654312913e-02 -8.848145355563610792e+01 5.023086366978325723e-02 5.081597319591971695e-01 8.597968057338573056e-01 -1.723792407196015120e+00 7.391502271601528562e-02 -8.604141575095739514e-01 5.042063535636782667e-01 1.851143979877815582e+01
