0.000000000000000000e+00 0.000000000000000000e+00 0.000000000000000000e+00 0.000000000000000000e+00 0.000000000000000000e+00 0.000000000000000000e+00 0.000000000000000000e+00 0.000000000000000000e+00 0.000000000000000000e+00 0.000000000000000000e+00 0.000000000000000000e+00 0.000000000000000000e+00
9.999998211860727793e-01 -3.086941341522635531e-04 -4.949822383374859625e-04 -1.361114252358675003e-02 3.116742219828952387e-04 9.999817619068446239e-01 6.031870929053788702e-03 -1.315807458013296127e-02 4.931112052872776985e-04 -6.032024256792667405e-03 9.999817013762211104e-01 4.965956807136535645e-01
9.999998211860656738e-01 -6.364147893542080507e-04 1.757383510111872017e-04 -1.825366914272308350e-02 6.352636846713721752e-04 9.999788396151342296e-01 6.474400810092373337e-03 -1.195159647613763809e-02 -1.798550365492701530e-04 -6.474287714809179306e-03 9.999790191650390625e-01 5.086352229118347168e-01
9.999999403953552246e-01 -2.841124915659814891e-04 4.921586753267307481e-05 -2.221399918198585510e-02 2.837927895598113537e-04 9.999796151203321770e-01 6.378399338981858083e-03 -1.176042854785919189e-02 -5.102704744786024094e-05 -6.378385238349437714e-03 9.999796748161315918e-01 5.129311084747314453e-01
1.000000000000000000e+00 3.913354075948439776e-05 1.805248179135139847e-04 -2.864809148013591766e-02 -4.046491812914609909e-05 9.999727607311671429e-01 7.380935521215754511e-03 -1.180107891559600830e-02 -1.802310580387711525e-04 -7.380942814052104950e-03 9.999727606773376465e-01 5.337479114532470703e-01
1.000000000000000000e+00 1.478904088309120719e-04 2.149427896341965473e-04 -3.617773205041885376e-02 -1.496962504461407661e-04 9.999644759012454864e-01 8.425873381908333473e-03 -1.167217828333377838e-02 -2.136890543624758720e-04 -8.425905369222164154e-03 9.999644756317138672e-01 5.566790699958801270e-01
1.000000000000000000e+00 1.921363435209858320e-04 2.399332659151520481e-04 -4.419337213039398193e-02 -1.944000250659883022e-04 9.999551777454946944e-01 9.470516165460369368e-03 -1.165176741778850555e-02 -2.381028607487678528e-04 -9.470562450587749481e-03 9.999551773071289062e-01 5.798950791358947754e-01
9.999999403953552246e-01 3.484160482497694611e-04 -4.841052403136207155e-05 -5.615477636456489563e-02 -3.478532307781279087e-04 9.999374745280175114e-01 1.117647887986003737e-02 -1.179344486445188522e-02 5.230156239122152328e-05 -1.117646135389804840e-02 9.999375343322753906e-01 6.370791792869567871e-01
9.999999403953552246e-01 2.784988112779321649e-04 -5.091117563865986710e-05 -6.907722353935241699e-02 -2.778034540824592113e-04 9.999130366285731153e-01 1.318292639680200030e-02 -1.198427192866802216e-02 5.457818042486906052e-05 -1.318291202187538147e-02 9.999130964279174805e-01 6.634367108345031738e-01
9.999998807907104492e-01 4.861900543104588591e-04 -1.918300175122849823e-04 -8.139427751302719116e-02 -4.833683196920901537e-04 9.998955712864796563e-01 1.444514779110398460e-02 -1.209269557148218155e-02 1.988330623134970665e-04 -1.444505341351032257e-02 9.998956918716430664e-01 6.684651970863342285e-01
9.999997615814208984e-01 6.628340026542324688e-04 -7.018961295266719434e-05 -9.296259284019470215e-02 -6.616389146074652672e-04 9.998742929884401054e-01 1.584147220067393461e-02 -1.202803011983633041e-02 8.068105671554803848e-05 -1.584142260253429413e-02 9.998745322227478027e-01 6.586927175521850586e-01
9.999994635581970215e-01 1.037738528697016577e-03 2.288086172181459188e-04 -1.037550494074821472e-01 -1.041703391820192337e-03 9.998362104767908320e-01 1.806845582854963925e-02 -1.144464686512947083e-02 -2.100208075717091560e-04 -1.806868426501750946e-02 9.998367428779602051e-01 6.189270019531250000e-01
9.999985098840440401e-01 1.639078285314791517e-03 4.668257717748945657e-04 -1.148439347743988037e-01 -1.648772777018192581e-03 9.997656502071333717e-01 2.158454506006845380e-02 -1.070629153400659561e-02 -4.313376266509294510e-04 -2.158528309043816762e-02 9.997668862620585628e-01 5.407326221466064453e-01
9.999981522563956560e-01 1.764773038178669724e-03 7.683687709991067483e-04 -1.275474131107330322e-01 -1.784003612860074472e-03 9.996657709369560774e-01 2.579118098549750340e-02 -1.035745535045862198e-02 -7.225963636301457882e-04 -2.579250503062935351e-02 9.996671081382402235e-01 4.645705223083496094e-01
9.999976158144789906e-01 2.101282792875414952e-03 5.962238129716921362e-04 -1.392384171485900879e-01 -2.118205864792332971e-03 9.995486488744156350e-01 2.996575034497185597e-02 -1.007023081183433533e-02 -5.329882260411977768e-04 -2.996694311893621787e-02 9.995507598458672760e-01 3.908772170543670654e-01
9.999970793724060059e-01 2.424699374208494265e-03 2.721892777090638129e-05 -1.554007381200790405e-01 -2.424267819151282310e-03 9.994466874091357811e-01 3.317323555754217446e-02 -9.553092531859874725e-03 5.323125515133142471e-05 -3.317320346832275391e-02 9.994496107101440430e-01 3.585963249206542969e-01
9.999967217450915768e-01 2.509424891746298448e-03 -5.133796299216019732e-04 -1.675047278404235840e-01 -2.490679753748142877e-03 9.994278065612668405e-01 3.373219946717379014e-02 -9.295599535107612610e-03 5.977342952974140644e-04 -3.373081006452749442e-02 9.994307757441482920e-01 3.380318880081176758e-01
9.999970197686991469e-01 2.325679923369552028e-03 -7.405195275118438064e-04 -1.800762861967086792e-01 -2.298675586756560030e-03 9.993990023065700834e-01 3.458845482944375438e-02 -8.753895759582519531e-03 8.205161429941654205e-04 -3.458664819479206898e-02 9.994013311618488160e-01 3.269886970520019531e-01
9.999969601643385886e-01 2.303927672853934346e-03 -8.980486045110202663e-04 -1.755772680044174194e-01 -2.271105616533541927e-03 9.993854595890403480e-01 3.497935405732306713e-02 -8.250204846262931824e-03 9.780866093933582306e-04 -3.497720704568685335e-02 9.993876221713549057e-01 2.682386636734008789e-01
9.999964833284948895e-01 2.298487129089852189e-03 -1.331310242588125848e-03 -1.789939254522323608e-01 -2.249550821712451021e-03 9.993614033389234264e-01 3.566143439450211033e-02 -7.820949889719486237e-03 1.412427402101457119e-03 -3.565831221986281996e-02 9.993630058057121346e-01 2.392619848251342773e-01
9.999975562110137162e-01 1.731273448221568988e-03 -1.367735929351490860e-03 -1.810767948627471924e-01 -1.679587222269969538e-03 9.993165449905309083e-01 3.692746699875446709e-02 -7.637881208211183548e-03 1.430732663720846176e-03 -3.692508100110214464e-02 9.993170506711557266e-01 2.066132724285125732e-01
9.999982714660475835e-01 1.374462533642835773e-03 -1.222422966483971765e-03 -1.838913559913635254e-01 -1.326509459360067367e-03 9.992615534133322264e-01 3.839946987262491535e-02 -7.464102935045957565e-03 1.274298992939293385e-03 -3.839778303686314231e-02 9.992616778805754052e-01 1.780958026647567749e-01
9.999985694890227705e-01 1.165568376949025452e-03 -1.253117244599865742e-03 -1.995696127414703369e-01 -1.114333515573606714e-03 9.991936107534499234e-01 4.013711883832485339e-02 -7.197899278253316879e-03 1.298889168538153172e-03 -4.013566303850701900e-02 9.991934306192575832e-01 1.783615052700042725e-01
9.999993443489714195e-01 5.641059195009181897e-04 -1.039668127450777248e-03 -2.292287796735763550e-01 -5.195612443914289502e-04 9.991023307708367662e-01 4.235841600270785073e-02 -7.355182431638240814e-03 1.062629511579871178e-03 -4.235784672374576232e-02 9.991019372986400526e-01 2.023254036903381348e-01
9.999993443489429978e-01 3.419998377754417422e-04 -1.091997831949055369e-03 -2.593281865119934082e-01 -2.937364620236235235e-04 9.990360594823086693e-01 4.389561123263811815e-02 -7.483076769858598709e-03 1.105957548134028912e-03 -4.389526313824099191e-02 9.990355378173987333e-01 2.238343358039855957e-01
9.999998211860656738e-01 2.632565050846738617e-04 -5.668993367319845756e-04 -2.789868712425231934e-01 -2.371036838517380507e-04 9.989575085033505220e-01 4.564907316250563230e-02 -7.727322168648242950e-03 5.783257656730711460e-04 -4.564892801959463675e-02 9.989573361353549785e-01 2.259410023689270020e-01
9.999997615814208984e-01 -6.570929640495758086e-04 2.660674932994717452e-05 -3.024404942989349365e-01 6.549824029207229614e-04 9.987838848185413010e-01 4.929742291583259078e-02 -8.316503837704658508e-03 -5.896738730370998383e-05 -4.929739609360694885e-02 9.987841248512268066e-01 2.242056280374526978e-01
9.999986290931701660e-01 -1.669813864619353137e-03 8.761874744165129699e-05 -3.231914639472961426e-01 1.662947121076285839e-03 9.986303315406004355e-01 5.229454371295576970e-02 -7.550690788775682449e-03 -1.748208887875080109e-04 -5.229432508349418640e-02 9.986317157745361328e-01 2.174356430768966675e-01
9.999985098838806152e-01 -1.746344645200260341e-03 1.480921530638242879e-04 -3.516989350318908691e-01 1.735576544888317585e-03 9.984894185015894541e-01 5.491717321141083297e-02 -6.754268892109394073e-03 -2.437727525830268860e-04 -5.491683259606361389e-02 9.984909296035766602e-01 2.130209654569625854e-01
9.999970197688305973e-01 -2.207143118752141753e-03 -1.075020324256337591e-03 -3.759455084800720215e-01 2.268077092153056307e-03 9.981696748463065871e-01 6.043316187580635018e-02 -6.549466866999864578e-03 9.396680397912859917e-04 -6.043541890096015834e-02 9.981716878888171607e-01 1.918381899595260620e-01
9.999924302206864013e-01 -3.250050478094623340e-03 -2.146441931878056292e-03 -4.017607271671295166e-01 3.381901225350397722e-03 9.979064632201032348e-01 6.458563542022323356e-02 -7.287455722689628601e-03 1.932041603140532970e-03 -6.459240601251803326e-02 9.979099073848551882e-01 1.675591170787811279e-01
9.999871850379520311e-01 -3.936134906278334483e-03 -3.193618941637372307e-03 -4.326324462890625000e-01 4.135237489588439175e-03 9.978806680943966834e-01 6.493933662674745977e-02 -7.129154633730649948e-03 2.931240480393171310e-03 -6.495170733076349734e-02 9.978841037771815081e-01 1.540999114513397217e-01
9.999809862049460207e-01 -4.505840613929368819e-03 -4.204299304184092728e-03 -4.556879401206970215e-01 4.781390667485507784e-03 9.976730146222657636e-01 6.801236503539699607e-02 -7.942874915897846222e-03 3.888063132762908936e-03 -6.803117602916008977e-02 9.976756152056296401e-01 1.268733292818069458e-01
9.999837279880026131e-01 -4.537850261152889635e-03 -3.452571140248386454e-03 -4.782013297080993652e-01 4.754327931334345614e-03 9.978400982970897504e-01 6.551678504202042286e-02 -8.361134678125381470e-03 3.147808834910392761e-03 -6.553213660751300296e-02 9.978454815396844424e-01 1.055409014225006104e-01
9.999868870207819782e-01 -3.567009061369670522e-03 -3.678466722997171274e-03 -4.757055342197418213e-01 3.784146189056369902e-03 9.981417396306490053e-01 6.081773492596843911e-02 -8.186794817447662354e-03 3.454693593084812164e-03 -6.083085637558127701e-02 9.981421342606324743e-01 7.948043197393417358e-02
9.999876618759415692e-01 -3.055092450647268771e-03 -3.913611456730810290e-03 -4.598920941352844238e-01 3.274470549629565630e-03 9.983497205579603406e-01 5.733309102715453826e-02 -8.183231577277183533e-03 3.731995122507214546e-03 -5.734519902258661261e-02 9.983474130951215386e-01 5.096999555826187134e-02
9.999916553670828989e-01 -2.815651966198536287e-03 -2.963035965118502625e-03 -4.582656025886535645e-01 2.972996041192971228e-03 9.985087357912588724e-01 5.451099616210222654e-02 -8.610428310930728912e-03 2.805133350193500519e-03 -5.451934943847547288e-02 9.985087572433215541e-01 3.075380250811576843e-02
9.999954700513278283e-01 -2.435946184129147724e-03 -1.785225216858655909e-03 -4.640331566333770752e-01 2.523941718742900298e-03 9.986919555661217807e-01 5.106945523424141764e-02 -9.113941341638565063e-03 1.658487482927739620e-03 -5.107372702972101663e-02 9.986935275803432432e-01 1.515215169638395309e-02
9.999979138378733978e-01 -1.876796137958974993e-03 -7.821220651560616480e-04 -4.677746891975402832e-01 1.912084417889148291e-03 9.988517819204490999e-01 4.786882473368577612e-02 -9.667764417827129364e-03 6.913840188644826412e-04 -4.787022224182280183e-02 9.988533261171426147e-01 -2.815280342474579811e-03
9.999993443489074707e-01 -1.171736165688106292e-03 1.788556396722854990e-04 -5.048493146896362305e-01 1.163096167147159576e-03 9.990995419549393297e-01 4.241241804731728238e-02 -1.051710639148950577e-02 -2.283907379023730755e-04 -4.241218045353889465e-02 9.991002082824707031e-01 -6.460145115852355957e-03
9.999993443489714195e-01 -4.653776120428469590e-04 1.015024385780382036e-03 -5.248476266860961914e-01 4.263473133778346302e-04 9.992730450664709663e-01 3.811956124931793755e-02 -1.059349533170461655e-02 -1.032026601023972034e-03 -3.811910566257625810e-02 9.992726449097020236e-01 -1.540546771138906479e-02
9.999977946282712082e-01 3.199964429139633354e-04 2.091127430852077456e-03 -5.667974948883056641e-01 -3.899458461095045569e-04 9.994374189828210131e-01 3.353623279356584413e-02 -1.127412915229797363e-02 -2.079219557344913483e-03 -3.353697315850112659e-02 9.994353068024963704e-01 -1.825823821127414703e-02
9.999930858646273180e-01 9.038070494914812953e-04 3.595893232016247540e-03 -6.046134829521179199e-01 -1.012823022104529513e-03 9.995363264534903314e-01 3.043140600830149256e-02 -1.189018879085779190e-02 -3.566721919924020767e-03 -3.043483903714738759e-02 9.995303779582656034e-01 -2.255280874669551849e-02
9.999943375622848407e-01 1.117224502350460270e-03 3.179588081564758539e-03 -6.692641377449035645e-01 -1.192996895657050249e-03 9.997129150224411953e-01 2.392960638952196933e-02 -1.242743059992790222e-02 -3.151940647512674332e-03 -2.393326430196973664e-02 9.997085943088634963e-01 -2.072868123650550842e-02
9.999954700502478033e-01 1.312174032736880417e-03 2.713157643472443193e-03 -7.276519536972045898e-01 -1.358982123913707318e-03 9.998490253054473920e-01 1.732299540123237447e-02 -1.333059184253215790e-02 -2.690017223358154297e-03 -1.732660304447242172e-02 9.998462205623859234e-01 -1.914958842098712921e-02
9.999988079074277891e-01 1.249106234024416643e-03 9.395732966507342214e-04 -7.782173752784729004e-01 -1.259986833227484671e-03 9.999311106853617792e-01 1.167028121111889083e-02 -1.361941732466220856e-02 -9.249311406165361404e-04 -1.167145070730513101e-02 9.999314546869335629e-01 -1.791229657828807831e-02
9.999991059305273211e-01 9.425497096700402805e-04 -9.439630269723729315e-04 -8.129552602767944336e-01 -9.353438705240468831e-04 9.999706677620147088e-01 7.605143148785987843e-03 -1.377361174672842026e-02 9.511035168543457985e-04 -7.604253111985093128e-03 9.999706149239102615e-01 -1.747110299766063690e-02
9.999980330472197920e-01 8.137287216964058691e-04 -1.834974636280178786e-03 -8.362037539482116699e-01 -8.054313311955385579e-04 9.999895028970363642e-01 4.518021956433422581e-03 -1.340229995548725128e-02 1.838631695136427879e-03 -4.516534885723122450e-03 9.999881386927000904e-01 -1.655097678303718567e-02
9.999980926517650914e-01 6.636404239074851323e-04 -1.826440960433859534e-03 -8.530262708663940430e-01 -6.593794733192881452e-04 9.999970169583597412e-01 2.332548955714732874e-03 -1.362064294517040253e-02 1.827983651310205460e-03 -2.331340287096084207e-03 9.999955892608625163e-01 -1.534780580550432205e-02
9.999987483026515633e-01 5.708829717331456504e-04 -1.473845780544136156e-03 -8.682880997657775879e-01 -5.695437722698509786e-04 9.999994031911059178e-01 9.089100296470233042e-04 -1.350171864032745361e-02 1.474363845773041248e-03 -9.080695024717699848e-04 9.999985098843282572e-01 -1.355503220111131668e-02
9.999988675118132164e-01 2.790639281829146640e-04 -1.477364870677839179e-03 -8.762516379356384277e-01 -2.788399497755181256e-04 9.999999403329844494e-01 1.518118238261136782e-04 -1.329700462520122528e-02 1.477407175116240978e-03 -1.513997098313152323e-04 9.999989271163940430e-01 -1.174495276063680649e-02
9.999977350234985352e-01 1.663179670404649310e-04 -2.118331190914494056e-03 -9.122056365013122559e-01 -1.691467721332967633e-04 9.999991064088519233e-01 -1.335285658879647530e-03 -1.377067994326353073e-02 2.118107164278626442e-03 1.335640905158558267e-03 9.999968409558519511e-01 -7.633621804416179657e-03
9.999949336054925197e-01 3.019231550959581060e-04 -3.160125752992164454e-03 -9.232816100120544434e-01 -3.085886393852238507e-04 9.999977370807998645e-01 -2.108975066825098318e-03 -1.312677748501300812e-02 3.159481799229979515e-03 2.109939611431077555e-03 9.999927878490240118e-01 -4.280934110283851624e-03
9.999984502793246577e-01 3.529569422675646198e-04 -1.714249624298435151e-03 -9.235417842864990234e-01 -3.569696483646626894e-04 9.999972000141159612e-01 -2.341057508455203408e-03 -1.382294669747352600e-02 1.713418518193066120e-03 2.341665796310773984e-03 9.999957680743065680e-01 -4.111547896172851324e-04
1.000000000000000000e+00 2.315444928814207131e-04 1.298776468604595415e-04 -9.424808621406555176e-01 -2.312458236701786518e-04 9.999973773264236865e-01 -2.294936338597303432e-03 -1.497026719152927399e-02 -1.304086763411760330e-04 2.294906182214617729e-03 9.999973773956298828e-01 2.222774783149361610e-03
9.999992847443017752e-01 3.896365082426209029e-04 -1.164507430704968391e-03 -9.777247309684753418e-01 -3.936111791036540908e-04 9.999941007041880381e-01 -3.414889737542813226e-03 -1.484874729067087173e-02 1.163169974461197853e-03 3.415345536167888052e-03 9.999935030975493078e-01 7.248984184116125107e-03
9.999942183497978476e-01 3.828459940450365897e-04 -3.392699487690143800e-03 -9.916108846664428711e-01 -3.969132656705953721e-04 9.999913629100873891e-01 -4.146632290554837924e-03 -1.367432344704866409e-02 3.391082398593425751e-03 4.147954764608385858e-03 9.999856949343666201e-01 1.156842987984418869e-02
9.999933242801795075e-01 3.681265017198880529e-04 -3.639727384686784317e-03 -9.770745038986206055e-01 -3.808322195429474089e-04 9.999938655608073823e-01 -3.490768344628028801e-03 -1.353272795677185059e-02 3.638419788330793381e-03 3.492131076507920540e-03 9.999873042508866661e-01 1.365372724831104279e-02
9.999960064896953327e-01 6.909178020957832235e-04 -2.744118733115137425e-03 -9.631329178810119629e-01 -7.005895489941640908e-04 9.999935694745946124e-01 -3.525145284875920958e-03 -1.322385668754577637e-02 2.741665346547961235e-03 3.527053658725923246e-03 9.999900460475998898e-01 1.736859790980815887e-02
9.999994039536268531e-01 8.804231120048140301e-04 -6.123548995726819282e-04 -9.338452816009521484e-01 -8.820806566071544286e-04 9.999958887404051255e-01 -2.711819086917567189e-03 -1.350488513708114624e-02 6.099648890085518360e-04 2.712357769931866835e-03 9.999961256987504044e-01 1.876120083034038544e-02
9.999974966052036507e-01 5.062735814329879201e-04 2.187115190176703271e-03 -9.254228472709655762e-01 -5.017816116437423535e-04 9.999977923744735042e-01 -2.053891474036507493e-03 -1.473063230514526367e-02 -2.188150072470307350e-03 2.052788850709807988e-03 9.999955296566156449e-01 2.067527547478675842e-02
9.999989867210388184e-01 1.823622047044798074e-04 1.443086438261558663e-03 -9.229899644851684570e-01 -1.793977500079667331e-04 9.999979133055812985e-01 -2.054109748896440230e-03 -1.495585404336452484e-02 -1.443457906134426594e-03 2.053848714949874088e-03 9.999969005605855443e-01 2.322093956172466278e-02
9.999998211860727793e-01 -2.737716674243293098e-04 -4.706808221578341221e-04 -9.185531735420227051e-01 2.728867950574365153e-04 9.999981520145242442e-01 -1.879029855300214059e-03 -1.436445303261280060e-02 4.711944202426820993e-04 1.878901160788370994e-03 9.999980926515803503e-01 2.413901686668395996e-02
9.999997615814315566e-01 -6.175103999156749453e-04 -3.189829347723869266e-04 -9.285427927970886230e-01 6.170361517087406822e-04 9.999987480096373949e-01 -1.484644049831110833e-03 -1.491419970989227295e-02 3.198992926627397537e-04 1.484446837562505839e-03 9.999988675118132164e-01 2.471815608441829681e-02
9.999995231628950876e-01 -7.466856263740989349e-04 -5.883404873352771893e-04 -9.440763592720031738e-01 7.458459416381582607e-04 9.999986880713769288e-01 -1.426127684018460486e-03 -1.552510075271129608e-02 5.894046043977141380e-04 1.425688249308436351e-03 9.999988079072856806e-01 2.592718973755836487e-02
9.999796748323959150e-01 -1.290849643994027756e-03 6.247814605798315997e-03 -9.998745322227478027e-01 1.295305105230203091e-03 9.999989329201950383e-01 -7.091287332451692849e-04 -1.780255325138568878e-02 -6.246892269700765610e-03 7.172071398202535530e-04 9.999802708672262952e-01 2.978010103106498718e-02
9.999288321579662409e-01 -1.718783393280033309e-03 1.180146612207659887e-02 -1.014975070953369141e+00 1.713430903871292210e-03 9.999983817072373160e-01 4.636391427311124217e-04 -1.909779757261276245e-02 -1.180224493145942688e-02 -4.433851692673199119e-04 9.999302029692742622e-01 3.175365924835205078e-02
9.999539256785894281e-01 -1.758208798991537248e-03 9.435888047466279085e-03 -1.018261432647705078e+00 1.747403253266138767e-03 9.999977758806062322e-01 1.153280451354654623e-03 -1.871582865715026855e-02 -9.437895379960536957e-03 -1.136739065273624505e-03 9.999548197084529022e-01 3.069713152945041656e-02
9.999982714658983696e-01 -9.749185257245582530e-04 1.597037173698625731e-03 -1.043556928634643555e+00 9.744584703130429459e-04 9.999994631110517007e-01 2.888466981846450187e-04 -1.749342866241931915e-02 -1.597317983396351337e-03 -2.872899536805403886e-04 9.999986886978895484e-01 2.825618535280227661e-02
9.999686479679326112e-01 -8.683070962918463696e-04 -7.874013151480934586e-03 -1.064019322395324707e+00 8.695641858567637605e-04 9.999996434887232777e-01 1.562292195325591486e-04 -1.585026457905769348e-02 7.873874157667160034e-03 -1.630712745895324112e-04 9.999690055847167969e-01 2.276275679469108582e-02
9.999189376927546391e-01 -5.360376349110033880e-04 -1.272388266876777266e-02 -1.095337986946105957e+00 5.089555746618096288e-04 9.999976020501797347e-01 -2.131586957623176487e-03 -1.385466754436492920e-02 1.272499468177556992e-02 2.124938231351264362e-03 9.999167920992277914e-01 2.335799857974052429e-02
9.999536275863647461e-01 -2.390171376865845784e-04 -9.628522529076231212e-03 -1.132010340690612793e+00 2.163016860438418676e-04 9.999971936701159692e-01 -2.360156008413806517e-03 -1.380578335374593735e-02 9.629059582948684692e-03 2.357963786295075304e-03 9.999508262979688311e-01 2.761502377688884735e-02
9.999928474430497261e-01 -2.950616195857988446e-04 -3.760755974863833062e-03 -1.135678410530090332e+00 2.881920594849686490e-04 9.999982694860846122e-01 -1.827053071164240006e-03 -1.563858240842819214e-02 3.761288709938526154e-03 1.825956249068089177e-03 9.999912381290556596e-01 3.170979022979736328e-02
9.999988079071719937e-01 -3.569671808501057508e-04 1.518947245940139874e-03 -1.131341218948364258e+00 3.597681643640777971e-04 9.999982128683885252e-01 -1.844144771936184713e-03 -1.793011464178562164e-02 -1.518286298960447311e-03 1.844689023546508544e-03 9.999971389790083265e-01 3.679081052541732788e-02
9.999970197677612305e-01 -1.664295330269389408e-04 2.452504577229487615e-03 -1.099424481391906738e+00 1.709238421563757937e-04 9.999983318381714392e-01 -1.832441848426208169e-03 -1.822120510041713715e-02 -2.452195389196276665e-03 1.832855525282062192e-03 9.999953508426813187e-01 3.923242911696434021e-02
1.000000000000000000e+00 -9.848032278881408905e-06 -9.079681874060350176e-05 -1.046241760253906250e+00 9.647104889154434204e-06 9.999975562076256486e-01 -2.212669179532637462e-03 -1.714747212827205658e-02 9.081838652491569519e-05 2.212668303400278091e-03 9.999975562095642090e-01 4.059365019202232361e-02
9.999986290931701660e-01 9.989136164149491764e-05 -1.654199013754199896e-03 -1.058713316917419434e+00 -1.043792896470753517e-04 9.999963049804460047e-01 -2.713187257575854459e-03 -1.723132655024528503e-02 1.653921906836330891e-03 2.713356172604708405e-03 9.999949336102602615e-01 4.477299749851226807e-02
1.000000000000000000e+00 8.267992544053656668e-05 2.931523656647666695e-05 -1.076822042465209961e+00 -8.260842878371477127e-05 9.999970197618346379e-01 -2.430635614390779138e-03 -1.826958358287811279e-02 -2.951611531898379326e-05 2.430633176118135452e-03 9.999970197677612305e-01 4.847972840070724487e-02
9.999856352814617821e-01 -2.664235939553788652e-04 5.352780413181739382e-03 -1.048650383949279785e+00 2.765640983494743743e-04 9.999981550616157122e-01 -1.893785393992513571e-03 -1.825274899601936340e-02 -5.352266132831573486e-03 1.895238658150444344e-03 9.999839067714901830e-01 5.172676593065261841e-02
9.999803304672241211e-01 -9.672955429059751278e-05 6.272172013428996967e-03 -9.937573671340942383e-01 1.069539492839569061e-04 9.999986897915859041e-01 -1.629805731401645424e-03 -1.761595159769058228e-02 -6.272005848586559296e-03 1.630444488800189551e-03 9.999790191908317638e-01 5.216919630765914917e-02
9.999992251396179199e-01 -1.221700403236658516e-05 1.249952958092281213e-03 -9.723861217498779297e-01 1.454509366161441108e-05 9.999982714991636490e-01 -1.862549669154373424e-03 -1.670348085463047028e-02 -1.249928027391433716e-03 1.862566406227228466e-03 9.999974966062588067e-01 5.173862352967262268e-02
9.999989271163940430e-01 -1.636915933165904267e-04 -1.480391929596563093e-03 -9.689529538154602051e-01 1.610888302563395769e-04 9.999984498599470140e-01 -1.758109530817032794e-03 -1.600524224340915680e-02 1.480677397921681404e-03 1.757869124349761836e-03 9.999973773972925528e-01 5.206809937953948975e-02
9.999896287918090820e-01 -1.189822702219039963e-04 -4.555909730459006129e-03 -9.707819819450378418e-01 1.097414902468119013e-04 9.999979128234252057e-01 -2.028503336931851420e-03 -1.551155187189579010e-02 4.556141793727874756e-03 2.027982302154285321e-03 9.999875426508779697e-01 5.243249982595443726e-02
9.999828934669494629e-01 -1.975446114976927778e-04 -5.846075655098285570e-03 -9.822304248809814453e-01 1.810297135164395943e-04 9.999960034994913594e-01 -2.825348613957593194e-03 -1.504493411630392075e-02 5.846610292792320251e-03 2.824241876078575908e-03 9.999789000240646430e-01 5.442365631461143494e-02
9.999905228614807129e-01 -9.790137404990623907e-05 -4.355217752256219758e-03 -1.023945212364196777e+00 8.493913165405833632e-05 9.999955881553110881e-01 -2.976341158550974402e-03 -1.544025819748640060e-02 4.355489742010831833e-03 2.975943001468681071e-03 9.999861121595685631e-01 5.932920426130294800e-02
9.999980330467224121e-01 -8.868347726409412171e-05 -1.993382412657547596e-03 -1.083406448364257812e+00 8.368801628291788752e-05 9.999968405357575474e-01 -2.505967759705129538e-03 -1.667736098170280457e-02 1.993598416447639465e-03 2.505795990813949881e-03 9.999948740067630126e-01 6.620253622531890869e-02
9.999997615814315566e-01 -2.551201361889194729e-04 5.724690376844478309e-04 -1.072426319122314453e+00 2.561602283429609273e-04 9.999982717317335013e-01 -1.817515053896454156e-03 -1.703116111457347870e-02 -5.720044136978685856e-04 1.817661361777182794e-03 9.999981522563103908e-01 6.790874153375625610e-02
9.999985098838806152e-01 -1.886458527070495900e-04 1.710419797015411483e-03 -1.064049005508422852e+00 1.913995423915570981e-04 9.999986892248772241e-01 -1.609930347768474043e-03 -1.699506677687168121e-02 -1.710113836452364922e-03 1.610255263361837219e-03 9.999971985836495492e-01 6.927345693111419678e-02
9.999998807907104492e-01 4.653269482301873594e-05 4.951352389997403089e-04 -1.067496895790100098e+00 -4.572700163996135103e-05 9.999986886609705250e-01 -1.627104533182590403e-03 -1.709903404116630554e-02 -4.952102899551391602e-04 1.627081694764567765e-03 9.999985694886817100e-01 7.140656560659408569e-02
9.999999403953552246e-01 1.788221261693558636e-04 -3.834569395536214912e-04 -1.063939213752746582e+00 -1.795465252446212800e-04 9.999982119906644096e-01 -1.889918595600069027e-03 -1.693477481603622437e-02 3.831182839348912239e-04 1.889987270385778961e-03 9.999981522561185443e-01 7.384131103754043579e-02
9.999994039535522461e-01 -1.005934524058529640e-04 1.109951552517699858e-03 -1.024145364761352539e+00 1.028077646186495442e-04 9.999980332743565459e-01 -1.995086666319472769e-03 -1.664440333843231201e-02 -1.109748613089323044e-03 1.995199567704941668e-03 9.999974370014470537e-01 7.410430163145065308e-02
9.999974966050650949e-01 -3.363546035601485003e-04 2.216171832405358904e-03 -1.000484943389892578e+00 3.402947746816362140e-04 9.999983324109618099e-01 -1.777774622733006415e-03 -1.626060903072357178e-02 -2.215570304542779922e-03 1.778524330016927057e-03 9.999959468880881275e-01 7.493581622838973999e-02
9.999979138375536536e-01 -3.217440933507235284e-04 2.004620494981323650e-03 -9.803295135498046875e-01 3.250566475794663956e-04 9.999985705654463874e-01 -1.652355109132523864e-03 -1.568319834768772125e-02 -2.004086039960384369e-03 1.653003299662406111e-03 9.999966025380260248e-01 7.502438127994537354e-02
9.999988675118132164e-01 -3.160858074379506140e-04 -1.468462219593251591e-03 -9.922014474868774414e-01 3.132350525379481998e-04 9.999980321537969008e-01 -1.941150844991843850e-03 -1.507087517529726028e-02 1.469073002226650715e-03 1.940688713755647776e-03 9.999970197698075935e-01 7.637465000152587891e-02
9.999787807477211743e-01 -3.876303507184597269e-04 -6.507125909413268537e-03 -1.002277016639709473e+00 3.731806843126593554e-04 9.999974912152208573e-01 -2.221658498623164946e-03 -1.319304946810007095e-02 6.507970392704010010e-03 2.219182978473455137e-03 9.999763966123786929e-01 7.606665045022964478e-02
9.999823570272354800e-01 -4.722925991312170477e-04 -5.922988921873580635e-03 -1.001997590065002441e+00 4.562616311765306520e-04 9.999962375962591077e-01 -2.707626693418579370e-03 -1.243914011865854263e-02 5.924245342612266541e-03 2.704876572033887427e-03 9.999788404148191034e-01 7.951921224594116211e-02
9.999963045120239258e-01 -2.319979036127018703e-04 -2.707209293563895332e-03 -9.902758002281188965e-01 2.262054266534280211e-04 9.999977337132771593e-01 -2.139754513103595858e-03 -1.376291085034608841e-02 2.707699313759803772e-03 2.139134110775292585e-03 9.999940395438926544e-01 8.120121806859970093e-02
9.999993443489074707e-01 9.227709813897212547e-05 1.164660861304125765e-03 -1.026934742927551270e+00 -9.002082434044975101e-05 9.999981520528905543e-01 -1.937183055121221697e-03 -1.563849672675132751e-02 -1.164837391115725040e-03 1.937076925576618203e-03 9.999974966061309090e-01 8.817154169082641602e-02
9.999991059304207397e-01 4.566945026946542426e-04 1.258980773064516086e-03 -1.027342677116394043e+00 -4.546575043114491760e-04 9.999985685624334097e-01 -1.617793825220628775e-03 -1.626275852322578430e-02 -1.259717857465147972e-03 1.617220025017761242e-03 9.999979138384489374e-01 9.067244082689285278e-02
9.999998211860656738e-01 6.054653404432112918e-04 8.426928974266321406e-05 -9.845963716506958008e-01 -6.052836542949080467e-04 9.999975560991677392e-01 -2.139457919648019620e-03 -1.599051244556903839e-02 -8.556444663554430008e-05 2.139406511560082436e-03 9.999977350234985352e-01 9.079162031412124634e-02
9.999987483026515633e-01 5.786684187480369609e-04 -1.459240988375788218e-03 -9.710648655891418457e-01 -5.819825032310904644e-04 9.999972601150355356e-01 -2.271712302087187246e-03 -1.565137878060340881e-02 1.457922393456101418e-03 2.272558754318865226e-03 9.999963641194185016e-01 9.121448546648025513e-02
9.999983310701310302e-01 5.321970562695978006e-04 -1.775442562898382325e-03 -9.466494917869567871e-01 -5.367278767595337619e-04 9.999966049669624102e-01 -2.552426197562370110e-03 -1.482049375772476196e-02 1.774078118614852428e-03 2.553374740460745418e-03 9.999951720288535739e-01 9.194139391183853149e-02
9.999998211860727793e-01 4.835722404374194158e-04 -3.807412936169038810e-04 -9.242703914642333984e-01 -4.843667850368878897e-04 9.999976758034643254e-01 -2.089472479289139397e-03 -1.441423967480659485e-02 3.797300159931182861e-04 2.089656532054742777e-03 9.999977350236299856e-01 9.127421677112579346e-02
9.999997615814315566e-01 3.985879995491794798e-04 5.710221241143438251e-04 -9.187034964561462402e-01 -3.974233858237939676e-04 9.999978537697663539e-01 -2.038184448690915328e-03 -1.505763549357652664e-02 -5.718332831747829914e-04 2.037956946261409996e-03 9.999977350238715701e-01 9.215768426656723022e-02
1.000000000000000000e+00 1.783805628769642325e-04 -1.031558637728939202e-04 -9.305437207221984863e-01 -1.785774948075413704e-04 9.999981522911206566e-01 -1.912180949691221800e-03 -1.569806411862373352e-02 1.028145779855549335e-04 1.912199310027062893e-03 9.999981522560119629e-01 9.398576617240905762e-02
9.999979734420776367e-01 6.089576454073458711e-05 -2.005176434570903575e-03 -9.058502912521362305e-01 -6.521398489743590599e-05 9.999976757004613859e-01 -2.153541754106630141e-03 -1.494925655424594879e-02 2.005040645599365234e-03 2.153668146215953483e-03 9.999956488656422948e-01 9.360355883836746216e-02
9.999883770942687988e-01 -1.389904361002529919e-04 -4.815214564338235817e-03 -9.221580624580383301e-01 1.213233786324374730e-04 9.999932625317603518e-01 -3.669104625662488687e-03 -1.293738279491662979e-02 4.815692082047462463e-03 3.668477727906613306e-03 9.999816418476932256e-01 1.004208326339721680e-01
9.999947547912597656e-01 -2.356228289461239842e-04 -3.235613183573187498e-03 -9.035382866859436035e-01 2.239908391861028525e-04 9.999935600928315793e-01 -3.594877794047200183e-03 -1.321945898234844208e-02 3.236439079046249390e-03 3.594134010124094836e-03 9.999883175233890142e-01 1.025647372007369995e-01
9.999986290931701660e-01 -1.134370438354414395e-04 -1.672648682143174949e-03 -8.848147988319396973e-01 1.085642401065858853e-04 9.999957675411742519e-01 -2.913030346603244850e-03 -1.420428324490785599e-02 1.672971993684768677e-03 2.912844728945457318e-03 9.999943971691926947e-01 1.021406799554824829e-01
9.999998807907104492e-01 -1.117449805591328387e-04 4.855047237632025741e-04 -8.595688343048095703e-01 1.129315216511148079e-04 9.999970199017226280e-01 -2.444595714572841364e-03 -1.492629386484622955e-02 -4.852300917264074087e-04 2.444650220763622261e-03 9.999969005588269511e-01 1.013294905424118042e-01
9.999905228614807129e-01 1.159774452350915974e-04 4.351339221980064613e-03 -8.492695689201354980e-01 -1.047797233345269807e-04 9.999966609666546269e-01 -2.573536791241359291e-03 -1.586609706282615662e-02 -4.351623356342315674e-03 2.573056441107307579e-03 9.999871850330066536e-01 1.051315367221832275e-01
9.999920725822448730e-01 7.686075928494046951e-05 3.977590252518104982e-03 -8.167702555656433105e-01 -6.697308730386347664e-05 9.999968998962801559e-01 -2.485918160465835219e-03 -1.632780581712722778e-02 -3.977769054472446442e-03 2.485632050905614565e-03 9.999889731652871205e-01 1.038838550448417664e-01
9.999948143959045410e-01 1.752301951445174762e-04 3.227584026529578803e-03 -7.948583364486694336e-01 -1.666834665477699706e-04 9.999964819013988926e-01 -2.648107231464771633e-03 -1.608922146260738373e-02 -3.228036686778068542e-03 2.647555440976154251e-03 9.999912977400988723e-01 1.040028035640716553e-01
9.999989271163940430e-01 2.767962503037990065e-05 1.449727986181942579e-03 -7.971364855766296387e-01 -2.330544931077732640e-05 9.999954699450529505e-01 -3.017168287041895221e-03 -1.560704316943883896e-02 -1.449804869480431080e-03 3.017131261770666928e-03 9.999943971682512256e-01 1.064293533563613892e-01
9.999998211860727793e-01 -3.775231137303441497e-04 -5.090418423044024490e-04 -8.145983219146728516e-01 3.756778739981599113e-04 9.999933831906963055e-01 -3.620174857569564281e-03 -1.491596177220344543e-02 5.104051670059561729e-04 3.619982895108064813e-03 9.999933242805667533e-01 1.121724694967269897e-01
9.999972581874203570e-01 -9.851752378361336264e-04 -2.134343278740076077e-03 -8.259834647178649902e-01 9.748794292918014359e-04 9.999878902165596495e-01 -4.819577205652328736e-03 -1.417470257729291916e-02 2.139065647497773170e-03 4.817483279718204336e-03 9.999861121440929423e-01 1.188721284270286560e-01
9.999960064916990632e-01 -1.382077994740492670e-03 -2.460000654029385718e-03 -8.281373977661132812e-01 1.366551187414084823e-03 9.999791767482510974e-01 -6.302247578962277830e-03 -1.438326295465230942e-02 2.468659775331616402e-03 6.298860945231632424e-03 9.999771118767419864e-01 1.275814920663833618e-01
9.999961257010951954e-01 -1.499824658703282102e-03 -2.348899813312910721e-03 -8.170734047889709473e-01 1.482055212338857786e-03 9.999704097349290111e-01 -7.548571589064088753e-03 -1.432913541793823242e-02 2.360151847824454308e-03 7.545060761639521552e-03 9.999687076413081854e-01 1.359783709049224854e-01
9.999960660971396464e-01 -1.765763299034058638e-03 -2.173919558487973167e-03 -7.376748323440551758e-01 1.745090384555947338e-03 9.999535318456067579e-01 -9.474998028526098251e-03 -1.435539033263921738e-02 2.190549392253160477e-03 9.471167580926032059e-03 9.999527336237008512e-01 1.369937211275100708e-01
9.999964833289425314e-01 -2.067140446705025263e-03 -1.681943704131315734e-03 -7.070639729499816895e-01 2.047975179092609288e-03 9.999338590698653162e-01 -1.131778043842891074e-02 -1.549148932099342346e-02 1.705227885395288467e-03 1.131429581084919533e-02 9.999345541916113689e-01 1.451087445020675659e-01
9.999965429327914990e-01 -2.299358977785137190e-03 -1.247521237413185382e-03 -7.032951116561889648e-01 2.281095326074289442e-03 9.998929677363419533e-01 -1.444900744193081121e-02 -1.669605821371078491e-02 1.280611264519393444e-03 1.444611237968551620e-02 9.998947978890626587e-01 1.609064936637878418e-01
9.999962449094113026e-01 -2.500965277683687635e-03 -1.125330609733646292e-03 -6.738909482955932617e-01 2.481754871870786583e-03 9.998564239140536047e-01 -1.676026341062896233e-02 -1.746712997555732727e-02 1.167085953056812286e-03 1.675740834584160677e-02 9.998589158978887781e-01 1.723376959562301636e-01
9.999957084686137421e-01 -2.627252241863768656e-03 -1.303558935682521498e-03 -6.613513231277465820e-01 2.602079186590153248e-03 9.998170072430523359e-01 -1.895090261400386375e-02 -1.770141161978244781e-02 1.353109255433082581e-03 1.894742977847452270e-02 9.998195769007764966e-01 1.871972680091857910e-01
9.999958872819405542e-01 -2.637039994937521569e-03 -1.149714175895036631e-03 -5.874522328376770020e-01 2.608252686318479618e-03 9.996998741279183864e-01 -2.435964993711454973e-02 -1.660762354731559753e-02 1.213606446981430054e-03 2.435655081100351893e-02 9.997026326393978479e-01 1.987102180719375610e-01
9.999960064909885205e-01 -2.610368831304811510e-03 -1.046901932026180447e-03 -4.803493618965148926e-01 2.577731092717611139e-03 9.995450117305160198e-01 -3.005088152147039615e-02 -1.536362245678901672e-02 1.124869566410779953e-03 3.004806381291635908e-02 9.995477798561580585e-01 2.040163725614547729e-01
9.999960064904769297e-01 -2.683828204232556296e-03 -8.773521016560788168e-04 -3.738769590854644775e-01 2.651652686626815303e-03 9.993900974331090259e-01 -3.481973092229460193e-02 -1.341195032000541687e-02 9.702671668492257595e-04 3.481726550827879407e-02 9.993932250052921518e-01 2.021021842956542969e-01
9.999971389772177588e-01 -2.379472787519068717e-03 -2.455121493750269182e-04 -2.819009125232696533e-01 2.367935002271226441e-03 9.992187324163885886e-01 -3.945031676008493859e-02 -1.157313492149114609e-02 3.391912905499339104e-04 3.944962236585469739e-02 9.992215037809870637e-01 2.017067670822143555e-01
9.999964833259582520e-01 -2.642678438004190077e-03 2.960163933057306145e-04 -2.342274487018585205e-01 2.652869094163179398e-03 9.990934968126246041e-01 -4.248656465426650652e-02 -1.102667860686779022e-02 -1.834697322919964790e-04 4.248720034956932068e-02 9.990969896316528320e-01 2.053394019603729248e-01
9.999949932112421891e-01 -3.040582666801266987e-03 9.080523273967311577e-04 -2.101027965545654297e-01 3.077838583934455752e-03 9.990128186536464394e-01 -4.431705714790729056e-02 -1.007518824189901352e-02 -7.724061724729835987e-04 4.431962763677810280e-02 9.990171197004862336e-01 2.136484235525131226e-01
9.999918937747587222e-01 -3.721931698461882453e-03 1.531438193784832565e-03 -2.500810027122497559e-01 3.791301148336048699e-03 9.988349243110908882e-01 -4.810844701676936924e-02 -1.013621594756841660e-02 -1.350597594864666462e-03 4.811386560150210379e-02 9.988409887177809310e-01 2.515214681625366211e-01
9.999923706151570002e-01 -3.374758287515199854e-03 1.954613058236726649e-03 -2.179466187953948975e-01 3.468415938846405866e-03 9.987392022483119192e-01 -5.007958395351257141e-02 -1.012047007679939270e-02 -1.783142215572297573e-03 5.008598179676027051e-02 9.987432976894119463e-01 2.582710385322570801e-01
