0.000000000000000000e+00 0.000000000000000000e+00 0.000000000000000000e+00 0.000000000000000000e+00 0.000000000000000000e+00 0.000000000000000000e+00 0.000000000000000000e+00 0.000000000000000000e+00 0.000000000000000000e+00 0.000000000000000000e+00 0.000000000000000000e+00 0.000000000000000000e+00
9.999997986679058926e-01 -1.891936800200594981e-05 -6.342761269672090143e-04 -3.095977939665317535e-03 1.919758119846091593e-05 9.999999036185396317e-01 4.386278199880034689e-04 -1.731381192803382874e-02 6.342677672736072702e-04 -4.386399082455955936e-04 9.999997026496709740e-01 8.525996208190917969e-01
9.999997758813031767e-01 7.194471371600395500e-05 -6.656285011937013727e-04 -5.929637467488646507e-03 -7.124191195271675661e-05 9.999994400944114403e-01 1.055810330272925453e-03 -3.451562859117984772e-02 6.657040884765335351e-04 -1.055762672999015044e-03 9.999992211013191135e-01 1.672917604446411133e+00
9.999998329700250377e-01 3.357997228482634115e-04 -4.704237112865802860e-04 -8.310383651405572891e-03 -3.351709603933490265e-04 9.999990513425676131e-01 1.336029338082644208e-03 -5.222974903881549835e-02 4.708719032970754698e-04 -1.335871442558593698e-03 9.999989968630667025e-01 2.500339210033416748e+00
9.999997388784627184e-01 7.156597491524591429e-04 -1.003699648989825869e-04 -1.042736228555440903e-02 -7.155036954140657794e-04 9.999985485086284598e-01 1.546297221721320420e-03 -6.942246854305267334e-02 1.014764418946568277e-04 -1.546225002869019071e-03 9.999987994446654094e-01 3.289144456386566162e+00
9.999995817474536253e-01 8.675383672997494808e-04 2.896240648125328809e-04 -1.150496210902929306e-02 -8.678990129518499800e-04 9.999988453401449373e-01 1.247425220303477423e-03 -8.605910837650299072e-02 -2.885415411563015879e-04 -1.247676063004680546e-03 9.999991800237741923e-01 4.037452340126037598e+00
9.999994525907007770e-01 9.759219280936240167e-04 3.773522081082588309e-04 -1.065551995998248458e-02 -9.760005134980208850e-04 9.999995020530020318e-01 2.081267535913130693e-04 -1.024919115006923676e-01 -3.771489047442069635e-04 -2.084949356096760101e-04 9.999999071442784437e-01 4.765804827213287354e+00
9.999993399076452238e-01 1.117384670428856874e-03 -2.676485980354726475e-04 -8.657092403154820204e-03 -1.117671858559584740e-03 9.999987973023753973e-01 -1.075268998530899125e-03 -1.183597762137651443e-01 2.664467870395938057e-04 1.075567432060061052e-03 9.999993860802158796e-01 5.453142821788787842e+00
9.999975713796147581e-01 1.007914279248976969e-03 -1.959934610693876093e-03 -5.977609835099428892e-03 -1.012247155023435034e-03 9.999970434333379510e-01 -2.210990791475648393e-03 -1.339120212942361832e-01 1.957700326826529533e-03 2.212969360052047165e-03 9.999956350784946491e-01 6.072922348976135254e+00
9.999933666888384254e-01 9.467451101146864964e-04 -3.517136906426879435e-03 -2.169475133996456861e-03 -9.593712006805737080e-04 9.999930959933688301e-01 -3.589926530764277809e-03 -1.494047222658991814e-01 3.513713878701682503e-03 3.593276957521429182e-03 9.999873710079968392e-01 6.677387058734893799e+00
9.999895222884166435e-01 1.018237741597356185e-03 -4.463015268394552974e-03 2.546591975260525942e-03 -1.041012470991460907e-03 9.999864344705525765e-01 -5.103642611543360470e-03 -1.649597389623522758e-01 4.457758003702808058e-03 5.108235191600676330e-03 9.999770168992924146e-01 7.256235957145690918e+00
9.999896651308805007e-01 9.117696213007098725e-04 -4.454021507279126539e-03 7.740024768281728029e-03 -9.407105239167755069e-04 9.999784327296716846e-01 -6.499933785795018737e-03 -1.807337617501616478e-01 4.447999004026876278e-03 6.504056554735705535e-03 9.999689557947252228e-01 7.811514616012573242e+00
9.999945169238284581e-01 4.816024634327145410e-04 -3.276306051944621878e-03 1.290241890819743276e-02 -5.049583368674583116e-04 9.999744420849037141e-01 -7.131633337710176733e-03 -1.968475980684161186e-01 3.272787704208976814e-03 7.133248632476417612e-03 9.999692023380472028e-01 8.350840985774993896e+00
9.999986283131140352e-01 8.154409803927597448e-05 -1.654304219449830157e-03 1.979785348521545529e-02 -9.488068573333491523e-05 9.999674867735078854e-01 -8.063274367777062759e-03 -2.132876357063651085e-01 1.653592920246492242e-03 8.063420269008107419e-03 9.999661228681797631e-01 8.850239872932434082e+00
9.999999149007473553e-01 -1.692178279177127562e-04 -3.762496842167849503e-04 2.844778943108394742e-02 1.655951365773190777e-04 9.999538313049851634e-01 -9.607696744391261076e-03 -2.300553163513541222e-01 3.778581068342428545e-04 9.607633621665601781e-03 9.999537742313107103e-01 9.318349242210388184e+00
9.999987927266140719e-01 -8.415270661932155224e-04 1.306283855503583436e-03 3.962498746113851666e-02 8.566680965182705805e-04 9.999319562085667856e-01 -1.163396203712578625e-02 -2.471846630796790123e-01 -1.296404677056061305e-03 1.163506704345705460e-02 9.999314699267183304e-01 9.760176599025726318e+00
9.999951299272298311e-01 -1.573544975744554236e-03 2.695195360650646556e-03 5.246857024030759931e-02 1.610805872055360742e-03 9.999023843729829553e-01 -1.387901400194136749e-02 -2.641503987833857536e-01 -2.673093014714539566e-03 1.388328784664647278e-02 9.999000494510948966e-01 1.018533599376678467e+01
9.999905284704254660e-01 -1.866129241159417097e-03 3.931988185992833090e-03 6.504489696817472577e-02 1.927947469579396585e-03 9.998736737311045841e-01 -1.577718599811899283e-02 -2.805681778118014336e-01 -3.902049204461654520e-03 1.578461723070881048e-02 9.998678011971813273e-01 1.059552556276321411e+01
9.999877742240944611e-01 -1.594459717555961374e-03 4.680715816038972729e-03 7.694816711591556668e-02 1.675757694377657744e-03 9.998469173873788529e-01 -1.741647573723513476e-02 -2.965187830850481987e-01 -4.652229410848103715e-03 1.742410655284962889e-02 9.998373654111670783e-01 1.098607236146926880e+01
9.999883613139327609e-01 -1.229695151151895304e-03 4.665306689888581299e-03 8.438247378217056394e-02 1.310987559093843274e-03 9.998466677431772087e-01 -1.746202492509349447e-02 -3.121850108727812767e-01 -4.643118380505369298e-03 1.746793784909709407e-02 9.998366429567405733e-01 1.132962590456008911e+01
9.999881200853066865e-01 -1.282954718544709188e-03 4.702522242845143946e-03 9.007628896506503224e-02 1.364257250642510449e-03 9.998489473125961036e-01 -1.732689701150676165e-02 -3.275743927806615829e-01 -4.679582289944136247e-03 1.733310661951447534e-02 9.998388194726729461e-01 1.163596707582473755e+01
9.999858838484031454e-01 -1.644849627591989756e-03 5.052382965550800999e-03 9.272879530908539891e-02 1.726154984948901228e-03 9.998684050810278112e-01 -1.613049626297366132e-02 -3.428264996036887169e-01 -5.025185856852806311e-03 1.613898975848493747e-02 9.998571300524288219e-01 1.188967069983482361e+01
9.999850069655196183e-01 -2.118531624335817740e-03 5.049521554191315625e-03 9.070735663408413529e-02 2.186876115995093229e-03 9.999055593621191118e-01 -1.356797440964870212e-02 -3.581384653225541115e-01 -5.020300491289725157e-03 1.357881366262461351e-02 9.998952007098008687e-01 1.208014014363288879e+01
9.999864799975443086e-01 -2.561961996283533289e-03 4.525060535558717185e-03 8.435445517534390092e-02 2.606876656835517992e-03 9.999471202498559919e-01 -9.947909233410259441e-03 -3.733043586835265160e-01 -4.499335086089734440e-03 9.959571012333910331e-03 9.999402796812585370e-01 1.223948179185390472e+01
9.999852151863353189e-01 -3.076207376266410463e-03 4.484011252968812984e-03 7.994525559479370713e-02 3.106950874079294003e-03 9.999716055871126219e-01 -6.865484381898344368e-03 -3.887980831786990166e-01 -4.462764278404667516e-03 6.879314479672832792e-03 9.999663788184506297e-01 1.236897714436054230e+01
9.999823581994640165e-01 -3.720833738557462796e-03 4.630192882474322771e-03 7.518238533521071076e-02 3.738702747609060593e-03 9.999855743273029507e-01 -3.856583858681699763e-03 -4.041061354801058769e-01 -4.615776381490317021e-03 3.873826736450181139e-03 9.999818438725834868e-01 1.247998393326997757e+01
9.999790541179985892e-01 -4.376719333891592595e-03 4.768191810871270919e-03 7.011457072803750634e-02 4.380596803754672683e-03 9.999900826880768756e-01 -8.030548774142462791e-04 -4.193896427750587463e-01 -4.764629777417617520e-03 8.239255825279351601e-04 9.999883096565272966e-01 1.257249844819307327e+01
9.999759886099024442e-01 -4.900612493288349775e-03 4.899612315171763925e-03 6.557806726777926087e-02 4.890986975356853388e-03 9.999860894986841720e-01 1.974602627483263047e-03 -4.350012391805648804e-01 -4.909220921413731502e-03 -1.950591274511483857e-03 9.999860472744730444e-01 1.265321123600006104e+01
9.999693196454394473e-01 -5.608759580241565353e-03 5.468234066674224937e-03 6.258478929521515965e-02 5.583402632564033602e-03 9.999736410394064468e-01 4.641426659454289498e-03 -4.504337524995207787e-01 -5.494122575950148406e-03 -4.610752906355365839e-03 9.999742774565538728e-01 1.269314217939972878e+01
9.999600807869807317e-01 -6.486821755448067203e-03 6.144751907778956551e-03 5.677250755252316594e-02 6.433377200976889317e-03 9.999416520919187645e-01 8.677791739495229612e-03 -4.653727794066071510e-01 -6.200684662604464929e-03 -8.637913822049078649e-03 9.999434673792902961e-01 1.270789601374417543e+01
9.999482327033243356e-01 -7.548165318604860285e-03 6.823277351937351645e-03 5.141558899777010083e-02 7.459604227857008323e-03 9.998888002298259581e-01 1.291284165948757001e-02 -4.807812226936221123e-01 -6.919986868642762252e-03 -1.286127424800010376e-02 9.998933450155849112e-01 1.269272284116595984e+01
9.999355763300038502e-01 -8.692457856385707796e-03 7.299614099267481664e-03 4.888763773487880826e-02 8.570915166267749699e-03 9.998268001799572868e-01 1.651995929536088578e-02 -4.964180989190936089e-01 -7.441948857383239371e-03 -1.645633064576357621e-02 9.998368899870024862e-01 1.264182080980390310e+01
9.999195467344761390e-01 -1.007427311735321386e-02 7.707728554958776478e-03 4.593565507093444467e-02 9.915804706609071886e-03 9.997441754950516790e-01 2.032880667279304832e-02 -5.116517646238207817e-01 -7.910554679688517471e-03 -2.025074282282949070e-02 9.997636373362372986e-01 1.257825416978448629e+01
9.998994123029234515e-01 -1.156081573464981180e-02 8.216618271381108743e-03 4.268197302008047700e-02 1.135905445944922383e-02 9.996428018235288260e-01 2.419174743982401704e-02 -5.265108793973922729e-01 -8.493359644768803257e-03 -2.409598103324366719e-02 9.996735699917198570e-01 1.251543362345546484e+01
9.998713050758035736e-01 -1.323457109270441238e-02 9.067492156126065114e-03 4.072360746795311570e-02 1.297558867311288111e-02 9.995223402776068911e-01 2.804862535957754546e-02 -5.412924923002719879e-01 -9.434372506713929393e-03 -2.792735959534851584e-02 9.995654331765563283e-01 1.244014644529670477e+01
9.998420925198338027e-01 -1.487601324633930355e-02 9.720815575607538034e-03 3.441690193722024560e-02 1.454450403614225562e-02 9.993386581927512502e-01 3.332722076402790112e-02 -5.564529187977313995e-01 -1.021016297141618540e-02 -3.318057370520208910e-02 9.993972193781063273e-01 1.237697307672351599e+01
9.998091563109615665e-01 -1.668584655773937622e-02 1.016038785750263650e-02 2.459369326243177056e-02 1.626725579020361911e-02 9.990683026126405686e-01 3.997378020344546923e-02 -5.725267305970191956e-01 -1.081791781348873278e-02 -3.980086983156095465e-02 9.991490696661994297e-01 1.231485852506011724e+01
9.997662770747126615e-01 -1.890838300012019982e-02 1.048161612012041798e-02 1.280258508631959558e-02 1.839604853569194384e-02 9.987258985182358995e-01 4.699111647125196745e-02 -5.886326283216476440e-01 -1.135678750533217901e-02 -4.678731325116956830e-02 9.988403129110757783e-01 1.226564040314406157e+01
9.997191815100053836e-01 -2.131599434313008468e-02 1.035309162175985197e-02 -2.639652171637862921e-03 2.072076410031054375e-02 9.982961838057855530e-01 5.454703781053962808e-02 -6.046990919858217239e-01 -1.149817620599847580e-02 -5.431719602454460061e-02 9.984575274692294444e-01 1.223253048490732908e+01
9.996667328554150744e-01 -2.384290742491353143e-02 9.896412870699694900e-03 -2.113220182945951819e-02 2.317192763790717688e-02 9.977364489210267529e-01 6.312717532095819817e-02 -6.201656702905893326e-01 -1.137914723184215056e-02 -6.287681814457854457e-02 9.979564222691738040e-01 1.218620984535664320e+01
9.996118174684242019e-01 -2.634447306520061940e-02 9.065490410936329069e-03 -4.162951273610815406e-02 2.562197945769988452e-02 9.970578150622493308e-01 7.224422185865543578e-02 -6.354087824001908302e-01 -1.094205401846767498e-02 -7.198390210463963268e-02 9.973457721831715528e-01 1.214245740603655577e+01
9.995507113313076841e-01 -2.884062705240874810e-02 8.160496817026800104e-03 -6.466850539436563849e-02 2.807649136799143449e-02 9.962441501971834867e-01 8.191034019191339999e-02 -6.504329675808548927e-01 -1.049219278987658516e-02 -8.164442068577466849e-02 9.966062926057333016e-01 1.211101049091666937e+01
9.994903529811064447e-01 -3.113459694622875210e-02 7.047777713510294112e-03 -9.359420737018808722e-02 3.033925699091219452e-02 9.951470400337546485e-01 9.360501160352434347e-02 -6.654484886676073074e-01 -9.927929438838429405e-03 -9.334348174914208762e-02 9.955844668495008598e-01 1.208700312953442335e+01
9.994429499672415895e-01 -3.291108694321296518e-02 5.536254780448941586e-03 -1.265859668492339551e-01 3.213815541574166490e-02 9.938292128346352117e-01 1.061632454428689532e-01 -6.807151585817337036e-01 -8.996039531449477253e-03 -1.059261821869620507e-01 9.943333018661514311e-01 1.208003069041296840e+01
9.994005772186442815e-01 -3.434660189335975167e-02 4.335573020922360750e-03 -1.619490002631209791e-01 3.358435439587025700e-02 9.922853167659512197e-01 1.193396047861245146e-01 -6.957945097237825394e-01 -8.401035344127765619e-03 -1.191224624874538951e-01 9.928440267917574280e-01 1.208288384531624615e+01
9.993484292094008126e-01 -3.592717070373303845e-02 3.457664230103917307e-03 -2.013238174258731306e-01 3.514654086909261427e-02 9.904587769570847300e-01 1.332521362440885482e-01 -7.103108726441860199e-01 -8.212046129955446333e-03 -1.330437881071519779e-01 9.910761387221763696e-01 1.210139125329442322e+01
9.993052072292887278e-01 -3.716749851654769371e-02 2.771255753414221881e-03 -2.518246387480758131e-01 3.633346933159852660e-02 9.880497274809536545e-01 1.497919057597668635e-01 -7.242663912475109100e-01 -8.305528927057935148e-03 -1.495871420906072224e-01 9.887136618406798805e-01 1.214673876506276429e+01
9.992913607880196114e-01 -3.758386272742544887e-02 2.056578934521289658e-03 -3.143864115118049085e-01 3.669345947812093639e-02 9.848811351010510196e-01 1.693007376049872892e-01 -7.378688175231218338e-01 -8.388461477253956675e-03 -1.691053014679058109e-01 9.855622916535987654e-01 1.221201192331500351e+01
9.993015249457386506e-01 -3.735268366612443797e-02 1.113222376601040583e-03 -3.870602463721297681e-01 3.645340239168138458e-02 9.809323307504768108e-01 1.909002670048087491e-01 -7.514178585261106491e-01 -8.222633105732157430e-03 -1.907263471872083782e-01 9.816088063956196486e-01 1.229151178640313447e+01
9.993433789357651920e-01 -3.622884540805258735e-02 -5.307896448976301331e-04 -4.740502302884124219e-01 3.549043210759413730e-02 9.758146285177892176e-01 2.156994204894979728e-01 -7.645724480971693993e-01 -7.296588659363682262e-03 -2.155766256603169617e-01 9.764596654562068823e-01 1.238345419359393418e+01
9.993986244310507638e-01 -3.454585638374534778e-02 -2.995545365587074134e-03 -5.742159177898429334e-01 3.423922349423361849e-02 9.694753087514546008e-01 2.427865344202262132e-01 -7.774247592315077782e-01 -5.483161481806864655e-03 -2.427430936772154713e-01 9.700751132835946366e-01 1.248531319689936936e+01
9.994482509752303789e-01 -3.272643405482920931e-02 -5.672225013840364108e-03 -6.884300326346419752e-01 3.303376716440628580e-02 9.616275448563330608e-01 2.723623233865299365e-01 -7.898715557530522346e-01 -3.458879801397351465e-03 -2.723994227006287794e-01 9.621780451989555560e-01 1.259819748741574585e+01
9.994910214818408800e-01 -3.056923740467700282e-02 -9.122483306798977523e-03 -8.171394680975936353e-01 3.189452378440733871e-02 9.516204808943036220e-01 3.056160985534961960e-01 -8.023214405402541161e-01 -6.613091200066887297e-04 -3.057515037853304474e-01 9.521111177815628768e-01 1.271296753478236496e+01
9.995307898529223189e-01 -2.763062865005105548e-02 -1.321924719476932214e-02 -9.625234519480727613e-01 3.048704546394817236e-02 9.390982710413698920e-01 3.422937004766359870e-01 -8.147030072286725044e-01 2.956382057954616387e-03 -3.425361085893176560e-01 9.395000128353456770e-01 1.283359151822514832e+01
9.995276618179432804e-01 -2.333634669024702360e-02 -1.999670432615502369e-02 -1.127714416885282844e+00 2.921188871499493314e-02 9.235583193129984769e-01 3.823436888264957756e-01 -8.270319318398833275e-01 9.545617761979667895e-03 -3.827472348050369177e-01 9.238037862179608872e-01 1.296365549904294312e+01
9.994582355155983144e-01 -1.815016924347600050e-02 -2.745554254572200870e-02 -1.305956742668058723e+00 2.808919683040732654e-02 9.051569022903301898e-01 4.241485344282073244e-01 -8.386946590617299080e-01 1.715320615714183150e-02 -4.246899499547955315e-01 9.051763441042435243e-01 1.308742941659875214e+01
9.993376062108523250e-01 -1.261164534777763427e-02 -3.413642064401831155e-02 -1.485286197566892952e+00 2.710247858502851104e-02 8.839165276496105950e-01 4.668586807615375811e-01 -8.498969534412026405e-01 2.428589029275130332e-02 -4.674746180804654760e-01 8.836728336795305339e-01 1.318470626068301499e+01
9.991154400844529659e-01 -5.238401783648581091e-03 -4.172405219538169452e-02 -1.673226407670881599e+00 2.587157528472968857e-02 8.587763266834274045e-01 5.116970610824393972e-01 -8.603052031248807907e-01 3.315115348123549854e-02 -5.123239013308594769e-01 8.581522132745398324e-01 1.326221243035979569e+01
9.987411310414711085e-01 3.528666742625709372e-03 -5.003700307794893554e-02 -1.882996848726179451e+00 2.497157777999582315e-02 8.301522516663919493e-01 5.569772520995783793e-01 -8.709148727357387543e-01 4.350371787768032156e-02 -5.575255936405423274e-01 8.290190823898929695e-01 1.334579619509167969e+01
9.982471253956215484e-01 1.349345895246669390e-02 -5.762467531254510805e-02 -2.092562249803449959e+00 2.402572236024185307e-02 7.974313272569046873e-01 6.029312091560363740e-01 -8.810047479346394539e-01 5.408734883913911967e-02 -6.032588208014778575e-01 7.957093400361489044e-01 1.339874769118614495e+01
9.977839772789455219e-01 2.231366068695372212e-02 -6.268361214987744345e-02 -2.339337042474653572e+00 2.363204275606490407e-02 7.618204558033492280e-01 6.473570264349904901e-01 -8.923784168437123299e-01 6.219856301060568832e-02 -6.474038103582067105e-01 7.596049269805263959e-01 1.348213316616602242e+01
9.973348725012062266e-01 3.097175695436963153e-02 -6.605983926836571374e-02 -2.613068512582685798e+00 2.329861702156801190e-02 7.228226865462942241e-01 6.906406723172913154e-01 -9.034593394026160240e-01 6.913990553859006294e-02 -6.903391297653329595e-01 7.201746728238627160e-01 1.357563613471575081e+01
9.970001035189887117e-01 3.816035106027775708e-02 -6.733929900201071628e-02 -2.915363273525144905e+00 2.327492657313006558e-02 6.819339792338011685e-01 7.310433131896967307e-01 -9.144277274608612061e-01 7.381782559884331185e-02 -7.304175761667500710e-01 6.790000685202828290e-01 1.368422141787596047e+01
9.966623352829403482e-01 4.465762553602166396e-02 -6.833656349159118737e-02 -3.233439884090330452e+00 2.412679131614261022e-02 6.385720324751911203e-01 7.691837604118347826e-01 -9.252418586984276772e-01 7.798773858205604315e-02 -7.682652249203968386e-01 6.353632479211155371e-01 1.378468293813057244e+01
9.962749797319772060e-01 5.118090168557901110e-02 -6.940230588892193353e-02 -3.588207027816679329e+00 2.572013361706909987e-02 5.918242534564360779e-01 8.056565817688404740e-01 -9.349213372915983200e-01 8.230819817471710098e-02 -8.044405312534813612e-01 5.883033164872082388e-01 1.388807847467251122e+01
9.959222629086400547e-01 5.742275895627733939e-02 -6.958069413840881068e-02 -3.968995383882429451e+00 2.748689684119877408e-02 5.414611890538766348e-01 8.402762945902992886e-01 -9.444113885983824730e-01 8.592622850430958747e-02 -8.387624261387792712e-01 5.376748792279715250e-01 1.398180908826179802e+01
9.956533627778578754e-01 6.253272542390693467e-02 -6.902202141492030929e-02 -4.395803443097975105e+00 2.965225871437304761e-02 4.896922985501379055e-01 8.713909549070489868e-01 -9.550061551854014397e-01 8.829000363732771028e-02 -8.696499933833962137e-01 4.857095472254789326e-01 1.407744562742300332e+01
9.953675284318699301e-01 6.780531001080419840e-02 -6.816100995268001284e-02 -4.841476044559385628e+00 3.177867572159673304e-02 4.370747522795351836e-01 8.988636029393807236e-01 -9.663388878107070923e-01 9.073918179492367064e-02 -8.968657094872798385e-01 4.328952529574170982e-01 1.415390041586942971e+01
9.950242713526957772e-01 7.344894029519245804e-02 -6.731977858363787093e-02 -5.297925255203153938e+00 3.397921443241756073e-02 3.850042417356974722e-01 9.222890798616647512e-01 -9.773541977629065514e-01 9.365955586907595554e-02 -9.199874928579376832e-01 3.805928278086354033e-01 1.421337342751212418e+01
9.947405718756764381e-01 7.825343378521500137e-02 -6.608778075616671133e-02 -5.779552779102232307e+00 3.641129929703628559e-02 3.329141122804959441e-01 9.422538995026716879e-01 -9.880497511476278305e-01 9.573615799662023307e-02 -9.397045248083635283e-01 3.283138652368093879e-01 1.425743690249510109e+01
9.945033408550773002e-01 8.217325125067444225e-02 -6.488961247367330820e-02 -6.265584818029310554e+00 3.949123454717157200e-02 2.795907311662780281e-01 9.593067629490820147e-01 -9.980772854760289192e-01 9.697188985489686719e-02 -9.565963515636046743e-01 2.748087930783332244e-01 1.427274266653694212e+01
9.943418142091142720e-01 8.520067963085176110e-02 -6.344446946557429079e-02 -6.758751681947614998e+00 4.288256908583487625e-02 2.244761187073604780e-01 9.735355963695819792e-01 -1.007664452306926250e+00 9.718766271459472472e-02 -9.707478129362537844e-01 2.195523670916672276e-01 1.425857924693264067e+01
9.942044812705441714e-01 8.804068020286663632e-02 -6.169512177623778793e-02 -7.251980594301130623e+00 4.617356020666653349e-02 1.685548770296871057e-01 9.846102049884251084e-01 -1.017197000794112682e+00 9.708476584619021854e-02 -9.817525615239940384e-01 1.635128624349374837e-01 1.421572135784663260e+01
9.941026052434955851e-01 9.061101749194593047e-02 -5.957897076292031913e-02 -7.746999493741896003e+00 4.905331296687357595e-02 1.142532601185242414e-01 9.922398727320237422e-01 -1.027182658202946186e+00 9.671495610849750735e-02 -9.893107884084572090e-01 1.091346929421084661e-01 1.414896206208504736e+01
9.939945848621981606e-01 9.357467448441215974e-02 -5.673222681829878655e-02 -8.245171478891279548e+00 5.128509408475417225e-02 5.962506119820562556e-02 9.969025484980105212e-01 -1.036840308457612991e+00 9.666749396433378660e-02 -9.938252524323613057e-01 5.446800196821022927e-02 1.405812712409533560e+01
9.937322864578850279e-01 9.804546977858752399e-02 -5.369570473585401349e-02 -8.757979622983839363e+00 5.326220158587712666e-02 7.035376996005742595e-03 9.985557777874751739e-01 -1.046076910570263863e+00 9.828163985917880152e-02 -9.951570676664162063e-01 1.769163692404840957e-03 1.394534880318678916e+01
9.935497753773335772e-01 1.015005081984827473e-01 -5.056175118703686716e-02 -9.279282442235853523e+00 5.534415025826617401e-02 -4.486582216485641983e-02 9.974588127003851667e-01 -1.056267378851771355e+00 9.897408185904299494e-02 -9.938232764616259374e-01 -5.019388691103969513e-02 1.380896929302252829e+01
9.934548980808493024e-01 1.040970721752271927e-01 -4.702302673919162707e-02 -9.818584135675337166e+00 5.664153189830054003e-02 -9.145957429268319894e-02 9.941966018521763981e-01 -1.066948186606168747e+00 9.919224941185170175e-02 -9.903529400343832334e-01 -9.675717969158829923e-02 1.365575698413886130e+01
9.935003580699501846e-01 1.052812610965925127e-01 -4.327695202751243031e-02 -1.037779157509794459e+01 5.730902634145787489e-02 -1.341405427025182673e-01 9.893037907049926361e-01 -1.078327227383852005e+00 9.834995686157969874e-02 -9.853538302890920697e-01 -1.393022437720958795e-01 1.348382476367987692e+01
9.936152645979386966e-01 1.055494382594057701e-01 -3.984999424205909468e-02 -1.095695971598615870e+01 5.768673594478004180e-02 -1.717482042766596551e-01 9.834504536700260369e-01 -1.090511824935674667e+00 9.695847798932012707e-02 -9.794701988375483781e-01 -1.767404400105641871e-01 1.329651074507273734e+01
9.936441429344452514e-01 1.066328471404420636e-01 -3.606595517652259886e-02 -1.158005731453886256e+01 5.715813977962902470e-02 -2.019268767760803440e-01 9.777312941153054604e-01 -1.103159146383404732e+00 9.697558594308265667e-02 -9.735784366686541791e-01 -2.067383935915508841e-01 1.309661969938315451e+01
9.935070826594002424e-01 1.090451075789503343e-01 -3.244751483091958683e-02 -1.226134311308851466e+01 5.624797150044445054e-02 -2.228815324237262419e-01 9.732214486983610247e-01 -1.116736790165305138e+00 9.889308574259773887e-02 -9.687275091673336336e-01 -2.275679471603164750e-01 1.288656126358546317e+01
9.931223931168986496e-01 1.134438252440691519e-01 -2.895532427304561840e-02 -1.303012215247144923e+01 5.531279471245063167e-02 -2.366375255396717947e-01 9.700222555423970716e-01 -1.131741367280483246e+00 1.031911189534371748e-01 -9.649524237082646172e-01 -2.412849206823404202e-01 1.265805772342719138e+01
9.927820771957427404e-01 1.170732364896990840e-01 -2.603083741898017112e-02 -1.383889990200987086e+01 5.430045791625875973e-02 -2.452506738017835586e-01 9.679377910123437845e-01 -1.147355139255523682e+00 1.069355294978754783e-01 -9.623647771492876979e-01 -2.498376037217193146e-01 1.242373630800284445e+01
9.926414527862107429e-01 1.185325007237430922e-01 -2.475868499449870863e-02 -1.463542549958219752e+01 5.401784220794257629e-02 -2.504643651731060516e-01 9.666176464878090124e-01 -1.163688926026225090e+00 1.083744385622310291e-01 -9.608421556377556572e-01 -2.550241812372159855e-01 1.219637792208231986e+01
9.926725585752178560e-01 1.182510792534395561e-01 -2.485706553733705443e-02 -1.548963551869383082e+01 5.426577948067926732e-02 -2.524640990200017199e-01 9.660833835044329021e-01 -1.180902669206261635e+00 1.079648860930487869e-01 -9.603533521373346371e-01 -2.570311701126917203e-01 1.196142438449896872e+01
9.926335362240169546e-01 1.184276723907964624e-01 -2.556460786910926333e-02 -1.638762395730009302e+01 5.494533155554628262e-02 -2.519744703902119243e-01 9.661727986296360093e-01 -1.198302421718835831e+00 1.079799671404572531e-01 -9.604601775626464555e-01 -2.566253573064739002e-01 1.172148834564723074e+01
9.925370165148228452e-01 1.191133455982514300e-01 -2.612052350634814363e-02 -1.726841979374876246e+01 5.544766881119098795e-02 -2.500528954142812177e-01 9.666432152135238098e-01 -1.215109031647443771e+00 1.086085948314342575e-01 -9.608774949988816427e-01 -2.547913121231085154e-01 1.149059574701823294e+01
9.924891260982988683e-01 1.193558090601739424e-01 -2.682397100032750392e-02 -1.815791772952070460e+01 5.595717774182434878e-02 -2.479470558416797255e-01 9.671561672029046486e-01 -1.232272494584321976e+00 1.087847821885257471e-01 -9.613929729007978375e-01 -2.527635709930541874e-01 1.126012854673899710e+01
9.930992109655832900e-01 1.134731082613807812e-01 -2.962787338026251494e-02 -1.907812892546644434e+01 5.708124394272221652e-02 -2.469949681305663447e-01 9.673340774045604551e-01 -1.250530954450368881e+00 1.024484688489161605e-01 -9.623499048785122412e-01 -2.517676941365415977e-01 1.102523875632323325e+01
9.942231655732974849e-01 1.016912028362495918e-01 -3.433942782179595643e-02 -2.003469668974867091e+01 5.872388758148700677e-02 -2.475666080293968396e-01 9.670895923419586815e-01 -1.270297093316912651e+00 8.984320822815973495e-02 -9.635194205902316567e-01 -2.521081594886127597e-01 1.078300635912455618e+01
9.948985135167559557e-01 9.368016841755401336e-02 -3.742958518883017505e-02 -2.098157804360380396e+01 5.978550615250038947e-02 -2.486739776396340307e-01 9.667403716091368393e-01 -1.290127115324139595e+00 8.125663699808477469e-02 -9.640463053661588733e-01 -2.530060869892658548e-01 1.054000927903689444e+01
9.951000066663957533e-01 9.099235152561475914e-02 -3.868292512696278745e-02 -2.193006621947279200e+01 6.042127194772053261e-02 -2.499448836540682506e-01 9.663730258194161982e-01 -1.308983320370316505e+00 7.826395484997454577e-02 -9.639750759739554864e-01 -2.542180290070865656e-01 1.029228973784483969e+01
9.945180924421708202e-01 9.794518079877133354e-02 -3.661291252388600148e-02 -2.288693504681577906e+01 6.034321571952072638e-02 -2.516365504427846012e-01 9.659387883286825183e-01 -1.324920058250427246e+00 8.539590225422481751e-02 -9.628529420630920210e-01 -2.561674293087140009e-01 1.003419173159636557e+01
9.933963816772938271e-01 1.100075105500574746e-01 -3.258798080641648470e-02 -2.386664109578123316e+01 5.976571731087274714e-02 -2.537056277092387124e-01 9.654333293930648097e-01 -1.338114267215132713e+00 9.793716304231617209e-02 -9.610056202183419050e-01 -2.586049303551318790e-01 9.760585103416815400e+00
9.917274791880165141e-01 1.254059434739536183e-01 -2.738533119736931074e-02 -2.488364951958646998e+01 5.898953950055763062e-02 -2.557816017646540874e-01 9.649331616377477827e-01 -1.350517870858311653e+00 1.140036896459681037e-01 -9.585661800523296305e-01 -2.610632819968950469e-01 9.467700485372915864e+00
9.897900685298606227e-01 1.408014307631356155e-01 -2.214898044398123933e-02 -2.593931906571378931e+01 5.820737636927650338e-02 -2.574518247122172809e-01 9.645363960414117255e-01 -1.363494967110455036e+00 1.301058091549310292e-01 -9.559777795782722354e-01 -2.630189410988056364e-01 9.160230998182669282e+00
9.880281954460857774e-01 1.532833057685885070e-01 -1.745030590576358148e-02 -2.704265373101225123e+01 5.723566880525576828e-02 -2.591671826947026247e-01 9.641350785188275152e-01 -1.377992967143654823e+00 1.432632654240660608e-01 -9.535914217245999858e-01 -2.648377563590387784e-01 8.838836733484640718e+00
9.872414162836525842e-01 1.585029633295915452e-01 -1.520515011389255051e-02 -2.816185407986631617e+01 5.665869166842533305e-02 -2.604411290897057363e-01 9.638258198123256237e-01 -1.394409028813242912e+00 1.488092021101859175e-01 -9.523902713143480581e-01 -2.660988396688577229e-01 8.516729299211874604e+00
9.870642031802526750e-01 1.596675472103503690e-01 -1.450976112703159827e-02 -2.929125516762724146e+01 5.647713979418426261e-02 -2.615810572782703014e-01 9.635277282745164928e-01 -1.412404941394925117e+00 1.500486303862889059e-01 -9.518831991589161712e-01 -2.672148642538173524e-01 8.192998562240973115e+00
9.872665731322368687e-01 1.583767597179475684e-01 -1.488339870369502667e-02 -3.041882531990995631e+01 5.666673483876950856e-02 -2.627241599208048894e-01 9.632055320421596400e-01 -1.431301780045032501e+00 1.486391426860443066e-01 -9.517840184491178634e-01 -2.683534748916192592e-01 7.870452109957113862e+00
9.876092642676602695e-01 1.561474617343800997e-01 -1.568156008186556705e-02 -3.153653781762113795e+01 5.711684067213843030e-02 -2.645763474656492864e-01 9.626718147288667593e-01 -1.450111020356416702e+00 1.461697904641188483e-01 -9.516392838442758739e-01 -2.702167015564161390e-01 7.549765531206503510e+00
9.878420705715746930e-01 1.545989299479304246e-01 -1.634669592972911104e-02 -3.266563682904234156e+01 5.769265697184580710e-02 -2.669221656236751561e-01 9.619896646171913757e-01 -1.469295755028724670e+00 1.443592772924312539e-01 -9.512369464847979517e-01 -2.725961678048404169e-01 7.223292533541098237e+00
9.878796725675528245e-01 1.543613060076231835e-01 -1.631991836515826050e-02 -3.378352146496763453e+01 5.800254592713456614e-02 -2.695775079889136672e-01 9.612302907485062997e-01 -1.488142810761928558e+00 1.439772801305648775e-01 -9.505264617011501826e-01 -2.752634890647445709e-01 6.895728174829855561e+00
9.876275670962101350e-01 1.560625799374525391e-01 -1.537074672510275845e-02 -3.489998965611448511e+01 5.798054141955716334e-02 -2.723282963721989636e-01 9.604559103944911858e-01 -1.506106261163949966e+00 1.457053380227232298e-01 -9.494639383032311697e-01 -2.780075256776369241e-01 6.564368847990408540e+00
9.867262255306716856e-01 1.618933358364155195e-01 -1.272413697472476665e-02 -3.601549129834165797e+01 5.757385586486336165e-02 -2.754889426756410020e-01 9.595786020875566313e-01 -1.523346865549683571e+00 1.518440218475719805e-01 -9.475739497660405908e-01 -2.811529881646985252e-01 6.226037863874807954e+00
9.859031331250949215e-01 1.670102247495354741e-01 -1.012901393181698563e-02 -3.715402751317014918e+01 5.692334586577315475e-02 -2.778745829605500650e-01 9.589293242152655550e-01 -1.540609465911984444e+00 1.573364064340064261e-01 -9.459880025526803404e-01 -2.834642027431737432e-01 5.878395531559363008e+00
9.852164809284605917e-01 1.711304760018863280e-01 -7.927539990949679025e-03 -3.830460970749845728e+01 5.631843803834536005e-02 -2.798340724977290694e-01 9.583950779330290271e-01 -1.558041317388415337e+00 1.617922100839881416e-01 -9.446730926901133474e-01 -2.853349412592771084e-01 5.524659250164404511e+00
9.846786824598428023e-01 1.742699452711060637e-01 -6.154549890432959615e-03 -3.944861035695066676e+01 5.575687012560561623e-02 -2.812096334348312965e-01 9.580252154809100196e-01 -1.575683638453483582e+00 1.652242831515527699e-01 -9.436901653819720348e-01 -2.866178780509025525e-01 5.171783481026068330e+00
9.842466535725092891e-01 1.767378485993688908e-01 -4.717817692889128903e-03 -4.061166470398893580e+01 5.516657640706964377e-02 -2.816497944410149556e-01 9.579300820722026488e-01 -1.593811590224504471e+00 1.679737294306455631e-01 -9.430997434862341544e-01 -2.869628896867323364e-01 4.814439211273565888e+00
9.840075344438583560e-01 1.780875708278388259e-01 -3.740223837997204599e-03 -4.179401796212187037e+01 5.467499579919953695e-02 -2.819848568511517106e-01 9.578596897985596215e-01 -1.612744219601154327e+00 1.695282188665838408e-01 -9.427456484244702839e-01 -2.872121609275078979e-01 4.452135328436270356e+00
9.838902051490514555e-01 1.787490465856058086e-01 -2.973643639486614910e-03 -4.297726838936796412e+01 5.424311364529547236e-02 -2.826389066572621012e-01 9.576914602655968167e-01 -1.631953652948141098e+00 1.703459680585991398e-01 -9.424245470000898184e-01 -2.877815567020484133e-01 4.088843170786276460e+00
9.838149573349942445e-01 1.791723331850460510e-01 -2.324810738576277899e-03 -4.415992420067777857e+01 5.377336593923970343e-02 -2.828375574744811938e-01 9.576593033002051003e-01 -1.651753190904855728e+00 1.709285079777740635e-01 -9.422845595163364951e-01 -2.878945189780375280e-01 3.726249817991629243e+00
9.837615702347263236e-01 1.794709316261488274e-01 -1.832383842970081471e-03 -4.536673765530576929e+01 5.339406606448324905e-02 -2.828994365902640640e-01 9.576622486482448959e-01 -1.672407656908035278e+00 1.713541555912997394e-01 -9.422091559086832602e-01 -2.878882767384585151e-01 3.355987850809469819e+00
9.837359190741832293e-01 1.796142438604357017e-01 -1.537831497950765611e-03 -4.657737772812834010e+01 5.317008929594814470e-02 -2.830100413552282257e-01 9.576420302474056845e-01 -1.693207070231437683e+00 1.715709273960278336e-01 -9.421486294075663848e-01 -2.879572485246915670e-01 2.984595272922888398e+00
9.839882676392670557e-01 1.782221776821354686e-01 -1.986084215599290530e-03 -4.777446692337980494e+01 5.321890856270122122e-02 -2.831573288920706255e-01 9.575957784295535680e-01 -1.714232617989182472e+00 1.701024306694909338e-01 -9.423687083498395456e-01 -2.881082793037818002e-01 2.618038479471579194e+00
9.839747458434795480e-01 1.782958788914449921e-01 -2.068601601833640422e-03 -4.898617809166898951e+01 5.326632162718195757e-02 -2.828537108214007056e-01 9.576828688323045791e-01 -1.735085472464561462e+00 1.701657971584464024e-01 -9.424459442561630151e-01 -2.878180738462056132e-01 2.248133931541815400e+00
9.831663299657111832e-01 1.827116740042649401e-01 -6.417198091829648962e-04 -5.019606178154936060e+01 5.308832534195176422e-02 -2.823025924185514901e-01 9.578553523503182676e-01 -1.754762271419167519e+00 1.748301957161329800e-01 -9.417651992382838344e-01 -2.872502605212642890e-01 1.878898296738043427e+00
9.824093734599342875e-01 1.867393107355122817e-01 5.027564868922353332e-04 -5.141360180726042017e+01 5.297630581437370867e-02 -2.812805800958120273e-01 9.581621711814891640e-01 -1.774305293336510658e+00 1.790679590555531997e-01 -9.412808640820173878e-01 -2.862254372914634359e-01 1.509805385256186128e+00
9.819913481179411985e-01 1.889242832218023249e-01 7.793783654835066904e-04 -5.261245172371855006e+01 5.321706239082900358e-02 -2.805654085847257839e-01 9.583584902196966571e-01 -1.793911904096603394e+00 1.812758574438388393e-01 -9.410582695640127282e-01 -2.855667991787331772e-01 1.146657143021002412e+00
9.818275788482984101e-01 1.897746130873463333e-01 4.490439133857363927e-04 -5.379238241066923365e+01 5.370372099235000418e-02 -2.801122124575786687e-01 9.584639058325024052e-01 -1.813770310953259468e+00 1.820178995716190129e-01 -9.410221807479716150e-01 -2.852134982357387161e-01 7.887291947845369577e-01
9.816995315175696124e-01 1.904362322764233117e-01 2.669354684020996504e-04 -5.499453192105283961e+01 5.394789615660746523e-02 -2.794453558282396499e-01 9.586448339225035475e-01 -1.834494018927216530e+00 1.826353041404099320e-01 -9.410867837465303198e-01 -2.846050089846475228e-01 4.250018636230379343e-01
9.814787722136987247e-01 1.915705896060862223e-01 3.590151350732926835e-04 -5.620116787304868922e+01 5.393196820842952738e-02 -2.781083982133953914e-01 9.590344423681270714e-01 -1.855308771133422852e+00 1.838226387011558105e-01 -9.412525846132673291e-01 -2.832892681691072112e-01 6.286690034903585911e-02
9.813053792713887225e-01 1.924570246417798003e-01 2.151257060227750582e-04 -5.739865618100157008e+01 5.398843958258774806e-02 -2.763503585067625390e-01 9.595393310045300383e-01 -1.876039706170558929e+00 1.847295347378791752e-01 -9.415894928360325489e-01 -2.815745478133801494e-01 -2.937663753982633352e-01
9.811752042561222575e-01 1.931196308217400237e-01 -1.635366361832014568e-04 -5.856210630288114771e+01 5.411341301076830895e-02 -2.741187703608776727e-01 9.601721919885860546e-01 -1.895884012803435326e+00 1.853832707805171676e-01 -9.421059961209858891e-01 -2.794089028424152077e-01 -6.368411739822477102e-01
9.810472379610202243e-01 1.937677386695288162e-01 -6.167170749549151293e-04 -5.971666972985258326e+01 5.425535667439600890e-02 -2.716369799264035101e-01 9.608692457398126940e-01 -1.915395604446530342e+00 1.860179377403895495e-01 -9.426915797796009411e-01 -2.770016466583777315e-01 -9.739118774887174368e-01
9.808346073196613224e-01 1.948400787103389542e-01 -9.037766508344615346e-04 -6.087206261506071314e+01 5.433746305761080059e-02 -2.690771163580459313e-01 9.615846013538805748e-01 -1.934571189805865288e+00 1.871120337994017224e-01 -9.432045638039435742e-01 -2.745072633408158214e-01 -1.307678159093484282e+00
9.805979200295806830e-01 1.960252546583080291e-01 -1.348617738874566003e-03 -6.203210823884001002e+01 5.459415312362368017e-02 -2.664817259155665696e-01 9.622925585276939087e-01 -1.953750403597950935e+00 1.882742618585303285e-01 -9.436957079955415884e-01 -2.720132589276104129e-01 -1.639851715182885528e+00
9.802493242157183095e-01 1.977584444839192435e-01 -1.691156387902602266e-03 -6.320236866822233424e+01 5.481124886546798886e-02 -2.634522806961291375e-01 9.631140237759057143e-01 -1.972709091380238533e+00 1.900183921951647259e-01 -9.441845653426604867e-01 -2.690883074313261680e-01 -1.970742400502786040e+00
9.799111772881657911e-01 1.994250329325426563e-01 -1.934131736750154332e-03 -6.439867227425565943e+01 5.489735012405545789e-02 -2.603993146286837645e-01 9.639390426216112306e-01 -1.992089040577411652e+00 1.917299287411271536e-01 -9.446808207965090576e-01 -2.661161048192240974e-01 -2.305145140504464507e+00
9.796800836615672248e-01 2.005530398023992744e-01 -2.326349690406479941e-03 -6.562007539620390162e+01 5.507876166981091892e-02 -2.578646830725508377e-01 9.646098357557905123e-01 -2.012124801054596901e+00 1.928555513584842562e-01 -9.451371770541620032e-01 -2.636711073673125294e-01 -2.644601132487878203e+00
