0.000000000000000000e+00 0.000000000000000000e+00 0.000000000000000000e+00 0.000000000000000000e+00 0.000000000000000000e+00 0.000000000000000000e+00 0.000000000000000000e+00 0.000000000000000000e+00 0.000000000000000000e+00 0.000000000000000000e+00 0.000000000000000000e+00 0.000000000000000000e+00
9.999998211860656738e-01 -1.891936755941602894e-05 -6.342760968114483132e-04 -3.095977939665317535e-03 1.919758162839679816e-05 9.999998807960515101e-01 4.386278341355063538e-04 -1.731381192803382874e-02 6.342677515931427479e-04 -4.386399321082215530e-04 9.999997019767974393e-01 8.525996208190917969e-01
1.000000000000000000e+00 9.045889677021222712e-05 -3.138050991700636625e-05 -2.833659527823328972e-03 -9.043951286002993584e-05 9.999998211843111884e-01 6.171258774027144458e-04 -1.720181666314601898e-02 3.143632784485816956e-05 -6.171230343170464039e-04 9.999998211860656738e-01 8.203179836273193359e-01
9.999999403953552246e-01 2.638744860639455911e-04 1.949061226016421703e-04 -2.380746183916926384e-03 -2.639290760271251202e-04 9.999998808051177024e-01 2.800574463285338163e-04 -1.771412044763565063e-02 -1.948322169482707977e-04 -2.801088849082589149e-04 9.999999403953552246e-01 8.274216055870056152e-01
9.999998807907140019e-01 3.802550526433576337e-04 3.694754609902038776e-04 -2.116978634148836136e-03 -3.803327336522784041e-04 9.999999404249084733e-01 2.102131332381987957e-04 -1.719271950423717499e-02 -3.693954786285758018e-04 -2.103536264387584342e-04 9.999999403953552246e-01 7.888052463531494141e-01
9.999999403953552246e-01 1.525118283603955807e-04 3.899724664597054285e-04 -1.077599823474884033e-03 -1.523953888068856066e-04 9.999999403776104190e-01 -2.986086252437726747e-04 -1.663663983345031738e-02 -3.900179872289299965e-04 2.985491705060488998e-04 9.999998807907140019e-01 7.483078837394714355e-01
1.000000000000000000e+00 1.081936009524450866e-04 8.849498385715156125e-05 8.494421490468084812e-04 -1.081015798263251781e-04 9.999994635482430949e-01 -1.039190832464195182e-03 -1.643280312418937683e-02 -8.860736852511763573e-05 1.039181253872811794e-03 9.999994635581970215e-01 7.283524870872497559e-01
9.999998211860656738e-01 1.408448579544392318e-04 -6.437770235038272476e-04 1.998427556827664375e-03 -1.416713677338254929e-04 9.999991656520528238e-01 -1.283971101304023183e-03 -1.586786471307277679e-02 6.435956456698477268e-04 1.284062050711402836e-03 9.999989867211880323e-01 6.873379945755004883e-01
9.999985694885253906e-01 -1.073464390971038632e-04 -1.691132954612283024e-03 2.679482568055391312e-03 1.054227124624718126e-04 9.999993441461113575e-01 -1.137585793290912329e-03 -1.555224508047103882e-02 1.691253972239792347e-03 1.137405869497065680e-03 9.999979138383707777e-01 6.197795271873474121e-01
9.999988079071044922e-01 -5.501976823710898808e-05 -1.555944484693902712e-03 3.808134701102972031e-03 5.287193443984095076e-05 9.999990462121239876e-01 -1.380413269133339352e-03 -1.549270097166299820e-02 1.556018949486315250e-03 1.380329353899062417e-03 9.999978542339249543e-01 6.044647097587585449e-01
9.999995827674865723e-01 8.021540106077411304e-05 -9.441741665343956385e-04 4.716067109256982803e-03 -8.164569821461284405e-05 9.999988676285221922e-01 -1.514923631640332754e-03 -1.555501669645309448e-02 9.440515423193573952e-04 1.515000077224971931e-03 9.999984502797083508e-01 5.788488984107971191e-01
1.000000000000000000e+00 -1.002893158619832582e-04 9.899095926565865925e-06 5.193432793021202087e-03 1.003030338324606419e-04 9.999990463270499452e-01 -1.395857146895105585e-03 -1.577402278780937195e-02 -9.759096428751945496e-06 1.395858125761151314e-03 9.999990463256835938e-01 5.552786588668823242e-01
9.999991655350584097e-01 -4.350194026586368785e-04 1.175493712364427540e-03 5.162394139915704727e-03 4.357585942718761318e-04 9.999997022990086970e-01 -6.286683309978254811e-04 -1.611383631825447083e-02 -1.175219891592860222e-03 6.291800684196519056e-04 9.999991059304562668e-01 5.393263697624206543e-01
9.999986290932483257e-01 -4.085739436009572104e-04 1.619579847208646667e-03 6.895434577018022537e-03 4.100797093538680049e-04 9.999995237805018311e-01 -9.295071703195737552e-04 -1.644003763794898987e-02 -1.619199174456298351e-03 9.301700073470475782e-04 9.999982714658486316e-01 4.993988871574401855e-01
9.999991059303781071e-01 -2.585055838489805206e-04 1.276135855289633027e-03 8.649935945868492126e-03 2.604757473930116585e-04 9.999987488156867332e-01 -1.543930474618565151e-03 -1.676768064498901367e-02 -1.275735208764672279e-03 1.544261575993591262e-03 9.999979734430723965e-01 4.681093692779541016e-01
9.999983310702873496e-01 -6.876776537543849736e-04 1.675659739488382770e-03 1.117719803005456924e-02 6.910727252352755201e-04 9.999977373699422412e-01 -2.026398314745818385e-03 -1.712934672832489014e-02 -1.674262341111898422e-03 2.027552934060095069e-03 9.999965429335020417e-01 4.418273568153381348e-01
9.999987483027439339e-01 -7.510460477022736685e-04 1.378382483352745460e-03 1.284358277916908264e-02 7.541426250312621704e-04 9.999972009168240916e-01 -2.247403376524825889e-03 -1.696573570370674133e-02 -1.376690692268311977e-03 2.248440121854766716e-03 9.999965429329904509e-01 4.251593947410583496e-01
9.999991655350193298e-01 -3.148134455667977007e-04 1.229563385456099254e-03 1.257632672786712646e-02 3.171507722049514422e-04 9.999981529973022143e-01 -1.901218430334112187e-03 -1.641777902841567993e-02 -1.228962559252977371e-03 1.901606836227594244e-03 9.999974370016602165e-01 4.101895689964294434e-01
9.999996423721491112e-01 2.534165265123476240e-04 7.497724230059129615e-04 1.190327014774084091e-02 -2.521866530182277633e-04 9.999985691783810360e-01 -1.639972355214436598e-03 -1.595060527324676514e-02 -7.501870277337729931e-04 1.639782777306954265e-03 9.999983310703548511e-01 3.905467987060546875e-01
9.999999403953552246e-01 3.647741476407076575e-04 -9.127119082592368056e-06 7.434306666254997253e-03 -3.647745470516383648e-04 9.999999403955008859e-01 -4.383437671232336434e-05 -1.566622778773307800e-02 9.111128747463226318e-06 4.383770283311605453e-05 1.000000000000000000e+00 3.435535430908203125e-01
1.000000000000000000e+00 -5.327546253966198827e-05 3.645712205333909498e-05 5.693815182894468307e-03 5.327054532244801521e-05 9.999999999997380984e-01 1.348520961729610633e-04 -1.538938190788030624e-02 -3.646430559456348419e-05 -1.348501536995172501e-04 1.000000000000000000e+00 3.063411712646484375e-01
9.999998807907140019e-01 -3.623175157303784545e-04 3.451751573227552204e-04 2.652506344020366669e-03 3.619050042127057443e-04 9.999992249902847075e-01 1.194394984308732493e-03 -1.525210682302713394e-02 -3.456076374277472496e-04 -1.194269907257260177e-03 9.999992251396605525e-01 2.537036240100860596e-01
9.999998807907104492e-01 -4.607137320218264746e-04 -6.065099088851492405e-06 -2.021438675001263618e-03 4.607277514878660440e-04 9.999966025414018800e-01 2.560486789263300388e-03 -1.531196571886539459e-02 4.885427188128232956e-06 -2.560489345341920853e-03 9.999967217445373535e-01 1.904694437980651855e-01
9.999998211860727793e-01 -4.181121393839235629e-04 -5.224880821809909509e-04 -6.352901458740234375e-03 4.200005286745037147e-04 9.999933846768098711e-01 3.619338689666450407e-03 -1.516589336097240448e-02 5.209713126532733440e-04 -3.619557280742202732e-03 9.999933242805667533e-01 1.593416482210159302e-01
9.999998807907104492e-01 -4.999657777838718148e-04 -3.811144223646888206e-05 -4.409199580550193787e-03 5.000808159820735455e-04 9.999951124760327881e-01 3.080375696187539255e-03 -1.549372449517250061e-02 3.657117486000061035e-05 -3.080394351854920387e-03 9.999952316284179688e-01 1.294953525066375732e-01
9.999998211860656738e-01 -6.322214438251386182e-04 1.511141563798176139e-04 -4.762870259582996368e-03 6.317644147202372551e-04 9.999952909433299508e-01 3.005651263128704832e-03 -1.530805230140686035e-02 -1.530136796645820141e-04 -3.005555132403969765e-03 9.999954700469970703e-01 1.110067889094352722e-01
9.999998211860656738e-01 -6.423602093128607951e-04 1.468965314102081937e-04 -5.067814607173204422e-03 6.419091951102018356e-04 9.999951717331786449e-01 3.050033013788186042e-03 -1.528350729495286942e-02 -1.488550333306193352e-04 -3.049938008189201355e-03 9.999953508377075195e-01 9.251451492309570312e-02
9.999998807907104492e-01 -5.108040781553026613e-04 1.431761155353530532e-04 -4.536503460258245468e-03 5.104048759676516056e-04 9.999960062844978070e-01 2.774621022540444456e-03 -1.561159640550613403e-02 -1.445928355678915977e-04 -2.774547552689909935e-03 9.999961256980895996e-01 8.071278780698776245e-02
9.999995827675292048e-01 -6.940039938014189820e-04 5.830652510266013224e-04 -2.993277972564101219e-03 6.924503176002905214e-04 9.999962438307731238e-01 2.660624175597607090e-03 -1.543251331895589828e-02 -5.849095177836716175e-04 -2.660219314729608819e-03 9.999963045126527561e-01 3.993094339966773987e-02
9.999994039536375112e-01 -8.528679526136358604e-04 7.031447877177199931e-04 -5.812281742691993713e-03 8.500290288520201409e-04 9.999915337244870139e-01 4.027936930685571335e-03 -1.493902690708637238e-02 -7.065741228871047497e-04 -4.027336806991632656e-03 9.999916553516641216e-01 1.475383434444665909e-02
9.999992251397458176e-01 -1.029335565154916501e-03 7.149759766223041501e-04 -5.356918554753065109e-03 1.026306289495459989e-03 9.999905197481436803e-01 4.224472902371061503e-03 -1.540844328701496124e-02 -7.193176425062119961e-04 -4.223735927346483621e-03 9.999908208868362181e-01 -1.517317257821559906e-02
9.999992847443337496e-01 -1.113274854539233680e-03 5.179756301562704265e-04 -2.527951262891292572e-03 1.111405070629095659e-03 9.999929645698604208e-01 3.596162750028972493e-03 -1.563687622547149658e-02 -5.219754530116915703e-04 -3.595584342037466685e-03 9.999934434898420932e-01 -5.090203136205673218e-02
9.999989867211453998e-01 -1.346788484763696003e-03 4.635111565565027889e-04 -2.951982663944363594e-03 1.345019510795811279e-03 9.999918913826201239e-01 3.795849516944727053e-03 -1.523366570472717285e-02 -4.686196043621748686e-04 -3.795222159672068107e-03 9.999926686295523837e-01 -6.356664001941680908e-02
9.999988079072856806e-01 -1.445661661297009768e-03 5.772675921641172350e-04 -3.253682050853967667e-03 1.443430290428301954e-03 9.999915925167172093e-01 3.847249654759571282e-03 -1.485911477357149124e-02 -5.828245193697512150e-04 -3.846411603958196923e-03 9.999924302114351349e-01 -6.282054632902145386e-02
9.999982714658486316e-01 -1.620416387290341681e-03 9.348451108216587193e-04 -1.958365552127361298e-03 1.616820484086983756e-03 9.999913515041068957e-01 3.834558930770379237e-03 -1.478161290287971497e-02 -9.410505881533026695e-04 -3.833040858429836995e-03 9.999922513992380857e-01 -7.528717815876007080e-02
9.999984502796088748e-01 -1.573300231627710851e-03 7.675679904830155168e-04 -6.306705530732870102e-03 1.569243611620640966e-03 9.999849136430271068e-01 5.257347746658582073e-03 -1.516042649745941162e-02 -7.758278516121208668e-04 -5.256135312874055110e-03 9.999858737033093803e-01 -6.317336857318878174e-02
9.999983310702127426e-01 -1.727138403268884239e-03 5.963578166306944322e-04 -9.823208674788475037e-03 1.723149133990804771e-03 9.999765684685727463e-01 6.626309748446610609e-03 -1.607381179928779602e-02 -6.077883881516754627e-04 -6.625271148930966802e-03 9.999778866807105260e-01 -6.211455166339874268e-02
9.999976158144789906e-01 -2.133062750628695724e-03 5.239965376766984005e-04 -1.179110817611217499e-02 2.129345645609986848e-03 9.999732891492076892e-01 6.994779306811116891e-03 -1.610589772462844849e-02 -5.389028228819370270e-04 -6.993646831077615644e-03 9.999754428892657643e-01 -4.921812191605567932e-02
9.999973177909851074e-01 -2.326342300741078648e-03 1.238603491020101816e-04 -1.544223725795745850e-02 2.325342269614338875e-03 9.999688839725301426e-01 7.540353405692346543e-03 -1.606646366417407990e-02 -1.413979334756731987e-04 -7.540044840425252914e-03 9.999715685844421387e-01 -3.310991823673248291e-02
9.999970197677612305e-01 -2.450771818467702493e-03 -1.400563342652744246e-04 -1.849254965782165527e-02 2.451882697641849518e-03 9.999602463142012176e-01 8.574442179426945351e-03 -1.546657830476760864e-02 1.190367620438337326e-04 -8.574759587645530701e-03 9.999632239341735840e-01 -4.632063955068588257e-02
9.999969005588269511e-01 -2.446720937658212244e-03 -4.594719635201494957e-04 -2.049731090664863586e-02 2.450812781505218307e-03 9.999553660240680930e-01 9.126907715723994036e-03 -1.524311210960149765e-02 4.371204413473606110e-04 -9.128005087017276864e-03 9.999582171489791449e-01 -4.375243932008743286e-02
9.999968409541892811e-01 -2.450932453807787206e-03 -4.736555220188516115e-04 -2.303899265825748444e-02 2.455406529556891648e-03 9.999500025490634103e-01 9.688087101147812089e-03 -1.502418518066406250e-02 4.498870403040200472e-04 -9.689220003578524754e-03 9.999529123362265182e-01 -3.144691511988639832e-02
9.999972581867986321e-01 -2.256896716512005966e-03 -5.908370297610542792e-04 -2.892570197582244873e-02 2.263679462832832168e-03 9.999284896045603777e-01 1.174270194101224331e-02 -1.501552108675241470e-02 5.642927135340869427e-04 -1.174400723087620779e-02 9.999308586243920161e-01 -2.400736138224601746e-02
9.999979734427490996e-01 -1.787653184385466906e-03 -9.546113754456873012e-04 -3.299175947904586792e-02 1.799580588738955433e-03 9.999184821814478541e-01 1.264336661922092937e-02 -1.526666991412639618e-02 9.319315431639552116e-04 -1.264505864587739392e-02 9.999196529721920967e-01 -6.972439121454954147e-03
9.999987483026515633e-01 -1.438835065172418097e-03 -6.141882622763979692e-04 -3.536303341388702393e-02 1.446864541808104421e-03 9.999107237700538553e-01 1.327938528129020933e-02 -1.507935114204883575e-02 5.950266495347023010e-04 -1.328025800193660677e-02 9.999116063275721444e-01 2.853154903277754784e-03
9.999988079071044922e-01 -1.560303201913928366e-03 -2.109124323095080186e-04 -3.937481716275215149e-02 1.563109341077506542e-03 9.999003452970393058e-01 1.403295608495289636e-02 -1.451636292040348053e-02 1.889957347884774208e-04 -1.403326820582151413e-02 9.999015331268310547e-01 1.850740797817707062e-02
9.999992847442626953e-01 -1.189151645806469553e-03 7.362407635570963600e-05 -5.050082132220268250e-02 1.187755260616540909e-03 9.998596293058586992e-01 1.671127451194187249e-02 -1.395551860332489014e-02 -9.348598541691899300e-05 -1.671117544174194336e-02 9.998603463172912598e-01 4.534751176834106445e-02
9.999999403953552246e-01 -3.618375018472111924e-04 7.579648752691754926e-05 -6.256177276372909546e-02 3.602682263590395451e-04 9.998044961860587110e-01 1.977068075048166521e-02 -1.360242627561092377e-02 -8.293543942272663116e-05 -1.977065205574035645e-02 9.998045563697814941e-01 6.527315825223922729e-02
1.000000000000000000e+00 2.438633247750267297e-04 -1.605130021422795580e-04 -7.267383486032485962e-02 -2.402765094302594662e-04 9.997584214989508888e-01 2.197899927759576141e-02 -1.354904100298881531e-02 1.658340916037559509e-04 -2.197895944118499756e-02 9.997584223747253418e-01 7.949986308813095093e-02
9.999991059305273211e-01 9.870719958778632029e-04 -9.013132756789291695e-04 -8.698998391628265381e-02 -9.638812096612880964e-04 9.996774567686866897e-01 2.537774215090432897e-02 -1.315458957105875015e-02 9.260722436010837555e-04 -2.537685132694045276e-02 9.996775390061323208e-01 9.194240719079971313e-02
9.999975562108573968e-01 1.302515911619313640e-03 -1.777808268508012995e-03 -1.001656875014305115e-01 -1.252397783751996174e-03 9.996097649208888214e-01 2.790673123323492502e-02 -1.285231113433837891e-02 1.813463401049375534e-03 -2.790443598774006162e-02 9.996089345755052591e-01 1.018590033054351807e-01
9.999972581877898392e-01 1.268006307544240199e-03 -1.986324226621026014e-03 -1.142141148447990417e-01 -1.206453423716155604e-03 9.995282738393257427e-01 3.068888887946311789e-02 -1.244679652154445648e-02 2.024300862103700638e-03 -3.068640756070784015e-02 9.995270380980869618e-01 1.128842905163764954e-01
9.999954104449315651e-01 1.236790995931975326e-03 -2.756163383219629916e-03 -1.287094354629516602e-01 -1.140030272764325225e-03 9.993923987640828122e-01 3.483624562423758009e-02 -1.244988478720188141e-02 2.797573804855346680e-03 -3.483294403652248405e-02 9.993892335922183179e-01 1.147700473666191101e-01
9.999924302167571000e-01 1.547624405446249973e-03 -3.560205507400228050e-03 -1.453839838504791260e-01 -1.408027566430103406e-03 9.992427045245102502e-01 3.888412474685146863e-02 -1.238156668841838837e-02 3.617687616497278214e-03 -3.887881924520986132e-02 9.992373635273779087e-01 1.206239834427833557e-01
9.999774694623795313e-01 1.557714900310308266e-03 -6.528179437778821280e-03 -1.651909649372100830e-01 -1.274499049061877942e-03 9.990671236652816090e-01 4.316538806031128966e-02 -1.232892461121082306e-02 6.589328870177268982e-03 -4.315609728334912631e-02 9.990466439206358018e-01 1.300639808177947998e-01
9.999703765105394382e-01 1.468274053673079100e-03 -7.548785072544372116e-03 -1.782423257827758789e-01 -1.120316938173493426e-03 9.989456802421712300e-01 4.589376829198807406e-02 -1.166272722184658051e-02 7.608211133629083633e-03 -4.588395430160874255e-02 9.989177889758948936e-01 1.237739175558090210e-01
9.999740719916587750e-01 1.323694402184620068e-03 -7.078905987984374787e-03 -1.793294548988342285e-01 -9.832049303611714586e-04 9.988522156665192719e-01 4.788814358434740487e-02 -1.120229437947273254e-02 7.134170271456241608e-03 -4.787994129924233455e-02 9.988276058290672665e-01 9.727684408426284790e-02
9.999598861045484455e-01 1.681152707238753883e-03 -8.793787292185059959e-03 -1.879402101039886475e-01 -1.225052985107694115e-03 9.986662036285810506e-01 5.161672454221085532e-02 -1.040824968367815018e-02 8.868834003806114197e-03 -5.160388365965484780e-02 9.986282515182978159e-01 7.750616967678070068e-02
9.999459386095708169e-01 1.446888462465876265e-03 -1.029710771939707122e-02 -2.097704410552978516e-01 -8.908022423630562736e-04 9.985510516352389399e-01 5.380519793435270537e-02 -1.060966961085796356e-02 1.036003790795803070e-02 -5.379311866140046305e-02 9.984983982581923101e-01 8.358376473188400269e-02
9.999434352155347483e-01 1.533044361954686609e-03 -1.052618457334816328e-02 -2.095654010772705078e-01 -9.345276919481629307e-04 9.983947637084803484e-01 5.663102375664760130e-02 -1.008987519890069962e-02 1.059610489755868912e-02 -5.661798121732131150e-02 9.983396834857458657e-01 5.295149609446525574e-02
9.999669194241178616e-01 8.464769661439030309e-04 -8.089756901739752343e-03 -2.467747926712036133e-01 -3.831510916783367748e-04 9.983682047867911136e-01 5.710397067140788457e-02 -1.137366890907287598e-02 8.124892599880695343e-03 -5.709898046375760927e-02 9.983354749609887335e-01 8.338547497987747192e-02
9.999757409110188178e-01 7.291256008536054324e-04 -6.925557367041877514e-03 -2.737314701080322266e-01 -3.234646584754016785e-04 9.982934473302588207e-01 5.839594849311477431e-02 -1.108092255890369415e-02 6.956316530704498291e-03 -5.839229253861377700e-02 9.982694800366687105e-01 9.350296854972839355e-02
9.999889731407165527e-01 2.859387222919878430e-04 -4.681205548201876170e-03 -3.022947609424591064e-01 -1.590885141596401486e-05 9.983407216024130504e-01 5.758251620538491766e-02 -1.096838805824518204e-02 4.689903464168310165e-03 -5.758180676390423081e-02 9.983297173360412557e-01 1.085852831602096558e-01
9.999908804924828587e-01 -6.185359963114434208e-04 -4.224872256472290630e-03 -3.180766105651855469e-01 8.621339932757647595e-04 9.983219213924896529e-01 5.790189741118118710e-02 -1.081413123756647110e-02 4.181968048214912415e-03 -5.790501015716342792e-02 9.983133224639750836e-01 1.004615202546119690e-01
9.999892711762896624e-01 -1.346864751349905170e-03 -4.422396040317003521e-03 -3.547671437263488770e-01 1.607689767040287876e-03 9.982261060311087286e-01 5.951456648269133620e-02 -9.679478593170642853e-03 4.334393423050642014e-03 -5.952104005736735814e-02 9.982175993999220509e-01 1.033955365419387817e-01
9.999917745696684790e-01 -1.555743014269128253e-03 -3.733370642348713894e-03 -3.807883560657501221e-01 1.781856028000849967e-03 9.981148666426111760e-01 6.134701911785278572e-02 -9.490051306784152985e-03 3.630892839282751083e-03 -6.135316951591529566e-02 9.981094723412731184e-01 9.373061358928680420e-02
9.999948144025836427e-01 -2.032537021859417113e-03 -2.500673386209935258e-03 -4.268080592155456543e-01 2.180465442260332010e-03 9.981567465407645834e-01 6.064904818342919945e-02 -1.059476658701896667e-02 2.372792689129710197e-03 -6.065418715746506706e-02 9.981560162625200405e-01 9.563653916120529175e-02
9.999946355890365624e-01 -1.992385951350393158e-03 -2.582436671711544045e-03 -4.456726014614105225e-01 2.142816787422396896e-03 9.982187354952775094e-01 5.962135583605485123e-02 -1.133273262530565262e-02 2.459048060700297356e-03 -5.962657311770480639e-02 9.982177073205811269e-01 7.645478844642639160e-02
9.999932646856279916e-01 -2.048106757379843795e-03 -3.055467718426168027e-03 -4.564492106437683105e-01 2.220120997762808912e-03 9.983488523204158138e-01 5.739903580364950214e-02 -1.101530995219945908e-02 2.932863309979438782e-03 -5.740543033428657793e-02 9.983466338356663528e-01 5.947301164269447327e-02
9.999948144024770613e-01 -2.330719984079788771e-03 -2.220227196585425854e-03 -4.816275238990783691e-01 2.451605810396967344e-03 9.984222586360593787e-01 5.609805695879183096e-02 -1.069555338472127914e-02 2.085975371301174164e-03 -5.610320637683785527e-02 9.984227453635305949e-01 4.406347498297691345e-02
9.999943971671321208e-01 -3.026283977665216417e-03 -1.414274041178970043e-03 -4.860320389270782471e-01 3.101164866079419991e-03 9.984065752300177454e-01 5.634382406325585957e-02 -1.002753432840108871e-02 1.241508172824978828e-03 -5.634789645533433422e-02 9.984104049595998731e-01 1.530576404184103012e-02
9.999941587448120117e-01 -3.393199992758448320e-03 -4.118580298470592583e-04 -4.931668639183044434e-01 3.411221550777554512e-03 9.983519835307373969e-01 5.728586755971745714e-02 -9.587166830897331238e-03 2.167968777939677238e-04 -5.728694051504135132e-02 9.983577728271484375e-01 -1.416341960430145264e-02
9.999945163726806641e-01 -3.309967314990792595e-03 -8.660895364211127780e-05 -4.932289123535156250e-01 3.309485735371708870e-03 9.983482254864761707e-01 5.735756555457179051e-02 -9.532548487186431885e-03 -1.033857697620987892e-04 -5.735753849148750305e-02 9.983537197113037109e-01 -4.285788908600807190e-02
9.999957680704696372e-01 -2.911032859656891274e-03 2.113653152785868001e-04 -4.950188994407653809e-01 2.894949461075685404e-03 9.984744257587844229e-01 5.514035576965359980e-02 -9.985657408833503723e-03 -3.715582424774765968e-04 -5.513950853708315947e-02 9.984785915327876182e-01 -6.675929576158523560e-02
9.999974966049194336e-01 -2.244124132267463160e-03 -7.605902436408839510e-05 -4.981719851493835449e-01 2.244906267151236534e-03 9.984788873696315292e-01 5.509004992153383740e-02 -9.657650254666805267e-03 -4.768557846546173096e-05 -5.509008094668388367e-02 9.984813928604125977e-01 -9.083493798971176147e-02
9.999967217471166236e-01 -1.908989197456705976e-03 -1.725365066473472531e-03 -5.128081440925598145e-01 1.997665210891230725e-03 9.985954120438536030e-01 5.294575744919111787e-02 -9.236602112650871277e-03 1.621868694201111794e-03 -5.294902757524644343e-02 9.985958952225146845e-01 -1.127783209085464478e-01
9.999975562100900106e-01 -2.059841158244463729e-03 -8.044892454418293244e-04 -5.213028192520141602e-01 2.099038532605401741e-03 9.986336427944442207e-01 5.221540685709522706e-02 -1.019046828150749207e-02 6.958345766179263592e-04 -5.221696815681919901e-02 9.986355307970598005e-01 -1.363795101642608643e-01
9.999991655349731445e-01 -1.295372652657913537e-03 -2.803213241859216394e-04 -5.393016934394836426e-01 1.307096565142273903e-03 9.988982821080438779e-01 4.691009092900021160e-02 -1.068080775439739227e-02 2.192464307881891727e-04 -4.691041633486747742e-02 9.988991022109985352e-01 -1.532123088836669922e-01
9.999994039536375112e-01 -7.028692665041470474e-04 8.169378935488184890e-04 -5.592074394226074219e-01 6.670582167334418444e-04 9.990731832990989991e-01 4.303875814726075555e-02 -1.137904077768325806e-02 -8.464313577860593796e-04 -4.303818892066324509e-02 9.990730885004595052e-01 -1.719322204589843750e-01
9.999989867210956618e-01 -4.251809552668616983e-04 1.382976035687771919e-03 -5.791681408882141113e-01 3.722188936988723995e-04 9.992748897257037743e-01 3.807308148370474460e-02 -1.218459755182266235e-02 -1.398161170072853565e-03 -3.807252739900235383e-02 9.992740161180790892e-01 -1.873140186071395874e-01
9.999998807907104492e-01 5.321652886153666571e-04 -8.453914915615872220e-07 -6.230975985527038574e-01 -5.318882758729159832e-04 9.995281694074009682e-01 3.071219462994957336e-02 -1.264732144773006439e-02 1.718895509839057922e-05 -3.071218915283679962e-02 9.995282888412475586e-01 -1.998910456895828247e-01
9.999977350242694740e-01 9.464259020070577835e-04 -1.906863604134105767e-03 -6.812857985496520996e-01 -9.052306567496233580e-04 9.997686369909829507e-01 2.148992822069763220e-02 -1.357764378190040588e-02 1.926761120557785034e-03 -2.148815371787571316e-02 9.997672442888116962e-01 -2.100584357976913452e-01
9.999902248421612683e-01 9.784858468118047808e-04 -4.306585499129821602e-03 -7.687790393829345703e-01 -9.168229067486009798e-04 9.998973638364088146e-01 1.429704490611330252e-02 -1.500457711517810822e-02 4.320133011788129807e-03 -1.429295668660407470e-02 9.998884806656533897e-01 -2.285035401582717896e-01
9.999924302134957088e-01 1.031323718238619193e-03 -3.756134575877109402e-03 -8.087777495384216309e-01 -9.975584946019730448e-04 9.999591967261076686e-01 8.980160856548100728e-03 -1.561377197504043579e-02 3.765242639929056168e-03 -8.976345542508590292e-03 9.999526145931980636e-01 -2.343214154243469238e-01
9.999988675118132164e-01 2.840021252789675342e-04 -1.445797859012573280e-03 -7.965255975723266602e-01 -2.761400485283907469e-04 9.999851562722499310e-01 5.435176921278090170e-03 -1.633378677070140839e-02 1.447320100851356983e-03 -5.434771756768430606e-03 9.999841451803490600e-01 -2.273583859205245972e-01
9.999998807907140019e-01 -2.481817265928914725e-04 4.114550306266877332e-04 -8.542100191116333008e-01 2.473264319553108992e-04 9.999977944166066335e-01 2.077464732761773354e-03 -1.721374318003654480e-02 -4.119697259739041328e-04 -2.077362841971935881e-03 9.999977946282712082e-01 -2.349535375833511353e-01
9.999997615814208984e-01 -6.846785722633979979e-04 -1.488072527704534230e-05 -8.979884386062622070e-01 6.846722098998725414e-04 9.999997019724062852e-01 -4.221123355803242032e-04 -1.739975251257419586e-02 1.516973134130239487e-05 4.221020499244332314e-04 9.999999403953552246e-01 -2.399360388517379761e-01
9.999997019767974393e-01 -5.111150819967930645e-04 -6.313811878834778507e-04 -8.807958364486694336e-01 5.099202642173429612e-04 9.999980920418999331e-01 -1.891118573509386691e-03 -1.680660992860794067e-02 6.323465495370328426e-04 1.890796015008446018e-03 9.999980330470421563e-01 -2.308925986289978027e-01
9.999998807907104492e-01 -5.148118879440898932e-04 -1.761543855627369104e-04 -8.894979357719421387e-01 5.144400056451559067e-04 9.999976752272218272e-01 -2.104706952430453106e-03 -1.716346293687820435e-02 1.772374962456524372e-04 2.104616025462746620e-03 9.999977946281433105e-01 -2.304672002792358398e-01
9.999790787817985915e-01 -1.085967155522797947e-03 6.373238128787934130e-03 -9.202111959457397461e-01 1.093673874788189671e-03 9.999986971505119282e-01 -1.205878455567745491e-03 -1.825845986604690552e-02 -6.371919997036457062e-03 1.212823466214055235e-03 9.999789595749319915e-01 -2.348897904157638550e-01
9.999185801555832143e-01 -1.582262269204223228e-03 1.266360940499360391e-02 -9.565677642822265625e-01 1.581711075636121899e-03 9.999987476311579249e-01 5.354350793359196822e-05 -1.976613886654376984e-02 -1.266367826610803604e-02 -3.350897721571960419e-05 9.999198317527770996e-01 -2.422323971986770630e-01
9.999623298844220187e-01 -1.029693083633735282e-03 8.617324417356540811e-03 -9.468813538551330566e-01 1.023297382119703336e-03 9.999991590287568011e-01 7.465706868346886271e-04 -1.983002200722694397e-02 -8.618086576461791992e-03 -7.377244968493935906e-04 9.999625682941477578e-01 -2.429970800876617432e-01
9.999952912338727629e-01 -6.280342366162209450e-04 3.001495544762535286e-03 -9.484881758689880371e-01 6.244472113205168373e-04 9.999991036920252707e-01 1.195862789790322995e-03 -1.885620504617691040e-02 -3.002243814989924431e-03 -1.193982844651803044e-03 9.999947547944998405e-01 -2.477195411920547485e-01
9.999743700027465820e-01 5.839393911612504248e-05 -7.155790494370424352e-03 -9.568688273429870605e-01 -4.279981098977148068e-05 9.999976151468087382e-01 2.179365711141795139e-03 -1.593673788011074066e-02 7.155900821089744568e-03 -2.179003583532207466e-03 9.999719858780622417e-01 -2.580980062484741211e-01
9.999205470179717281e-01 5.467766803702580822e-04 -1.259253280916080957e-02 -9.797060489654541016e-01 -5.109183601824211773e-04 9.999958093728732456e-01 2.850626292928859322e-03 -1.319420896470546722e-02 1.259403862059116364e-02 -2.843965981510349073e-03 9.999166134235082382e-01 -2.736066281795501709e-01
9.998692274404845648e-01 7.278914041395387162e-04 -1.615485085318269648e-02 -1.017008423805236816e+00 -6.788899976346296494e-04 9.999951388120137397e-01 3.038508709594685622e-03 -1.240360364317893982e-02 1.615698449313640594e-02 -3.027144037281048750e-03 9.998648768693882971e-01 -2.928846180438995361e-01
9.998681545571344031e-01 7.134540033942628201e-04 -1.622109398285725979e-02 -1.055669546127319336e+00 -6.713650567211626452e-04 9.999963955191653042e-01 2.600001149771873511e-03 -1.297709625214338303e-02 1.622289046645164490e-02 -2.588768143062303295e-03 9.998650555235144566e-01 -3.074694871902465820e-01
9.999114275294118670e-01 9.076583882208520476e-04 -1.327967167719350597e-02 -1.103334665298461914e+00 -8.755536961717325095e-04 9.999966936991078192e-01 2.423196222497488173e-03 -1.449800003319978714e-02 1.328182686120271683e-02 -2.411354404278531760e-03 9.999088647557812237e-01 -3.213942646980285645e-01
9.999841451663655789e-01 5.451936280536507761e-04 -5.605175195010062353e-03 -1.119200348854064941e+00 -5.364750959669650765e-04 9.999986840247934161e-01 1.556825697217358679e-03 -1.641606166958808899e-02 5.606016144156455994e-03 -1.553793900353039881e-03 9.999830722996421173e-01 -3.221074342727661133e-01
9.999992251396179199e-01 1.745948065923593937e-04 -1.253288745052695725e-03 -1.129401087760925293e+00 -1.730590416256019837e-04 9.999992248738397427e-01 1.225396689596188436e-03 -1.799591258168220520e-02 1.253501744940876961e-03 -1.225178810442276167e-03 9.999984502798362485e-01 -3.237307369709014893e-01
9.999989867210388184e-01 -1.813404718551456089e-04 1.425268564739910369e-03 -1.127570152282714844e+00 1.797215588975192846e-04 9.999993440579652004e-01 1.135912914976044789e-03 -1.889683865010738373e-02 -1.425473601557314396e-03 -1.135655575809517426e-03 9.999983310706106465e-01 -3.225464522838592529e-01
9.999967813495516111e-01 -4.390187187755710757e-04 2.495813413943606760e-03 -1.117712497711181641e+00 4.343931719987120799e-04 9.999981502471643191e-01 1.853567552311662309e-03 -1.880924031138420105e-02 -2.496622735634446144e-03 -1.852477514125150382e-03 9.999951720291306856e-01 -3.206865787506103516e-01
9.999981522563103908e-01 -5.717916253257052670e-04 1.828541566267681768e-03 -1.129099011421203613e+00 5.673561089636347532e-04 9.999968980420690379e-01 2.425308163298368902e-03 -1.918473467230796814e-02 -1.829922664910554886e-03 -2.424266334350666519e-03 9.999954104472266181e-01 -3.264729976654052734e-01
9.999998807907140019e-01 -3.114789805149039315e-04 3.851627457047134559e-04 -1.117884635925292969e+00 3.104035673981257737e-04 9.999960657594960667e-01 2.789015399489684979e-03 -1.884705573320388794e-02 -3.860299475491046906e-04 -2.788895574873939687e-03 9.999960660936757506e-01 -3.275643587112426758e-01
9.999984502792358398e-01 1.244213848897962973e-05 -1.746444714051700788e-03 -1.116468191146850586e+00 -7.267506240728194289e-06 9.999955892186797035e-01 2.962927220799219802e-03 -1.796345040202140808e-02 1.746473950333893299e-03 -2.962909936635033104e-03 9.999940395423578821e-01 -3.313593268394470215e-01
9.999806880962403000e-01 3.795982544906135125e-04 -6.206416353154394806e-03 -1.115501642227172852e+00 -3.572988102927728005e-04 9.999934951280204931e-01 3.593680569399051485e-03 -1.724060438573360443e-02 6.207739934325218201e-03 -3.591393593030331455e-03 9.999743105220346706e-01 -3.383309841156005859e-01
9.999843835858293062e-01 6.240569235438019838e-04 -5.557527034295953704e-03 -1.138536214828491211e+00 -6.090371445235248649e-04 9.999961761600160148e-01 2.703884105358243545e-03 -1.726260036230087280e-02 5.559192970395088196e-03 -2.700457104045900225e-03 9.999809265698011984e-01 -3.476423323154449463e-01
9.999896287936316241e-01 5.817782554651389779e-04 -4.512354179234480227e-03 -1.150582194328308105e+00 -5.718510286869052384e-04 9.999973717216470437e-01 2.200991433065274845e-03 -1.743185147643089294e-02 4.513623192906379700e-03 -2.198388279037039039e-03 9.999873638402156928e-01 -3.537362813949584961e-01
9.999938011176681130e-01 5.426795472716679919e-04 -3.478058486884350563e-03 -1.144000649452209473e+00 -5.373423264436114066e-04 9.999986858314358074e-01 1.535289237553651674e-03 -1.764232106506824493e-02 3.478887025266885757e-03 -1.533410735273604830e-03 9.999927282405849382e-01 -3.528757691383361816e-01
9.999959468848480526e-01 5.744868649967121987e-04 -2.788119898701930076e-03 -1.163054347038269043e+00 -5.730655892173877608e-04 9.999997011635430866e-01 5.105340966569134721e-04 -1.812795177102088928e-02 2.788412384688854218e-03 -5.089342667025029132e-04 9.999960064892619016e-01 -3.573442697525024414e-01
9.999986290933193800e-01 4.849874017474285477e-04 -1.576938479411261725e-03 -1.182353258132934570e+00 -4.844402476786562745e-04 9.999998209212886957e-01 3.473332015204832601e-04 -1.893262937664985657e-02 1.577106653712689877e-03 -3.465687941861875232e-04 9.999986886978895484e-01 -3.623038828372955322e-01
9.999995231628844294e-01 4.315446899002785752e-04 -8.295394203367912125e-04 -1.183250427246093750e+00 -4.310071440350241034e-04 9.999996421404957481e-01 6.480827106639082749e-04 -1.920943334698677063e-02 8.298188913613557816e-04 -6.477248983211350564e-04 9.999994039536375112e-01 -3.632921576499938965e-01
9.999997019767974393e-01 4.719263914286486164e-04 -5.911392271333632984e-04 -1.182655811309814453e+00 -4.718369484481305803e-04 9.999998807485477315e-01 1.514240925853338688e-04 -1.979953795671463013e-02 5.912106134928762913e-04 -1.511451285147388801e-04 9.999998211860656738e-01 -3.625933527946472168e-01
9.999998211860727793e-01 3.814699598784185601e-04 -4.320152051869148254e-04 -1.206813454627990723e+00 -3.814628707922498863e-04 9.999999403926683739e-01 1.646864859705765940e-05 -2.065446600317955017e-02 4.320214502513408661e-04 -1.630384746297008913e-05 9.999998807907104492e-01 -3.702619671821594238e-01
1.000000000000000000e+00 2.256213894589915731e-04 -2.200111581237754578e-04 -1.210640072822570801e+00 -2.256027073599398136e-04 9.999999999957852603e-01 8.495657233226052774e-05 -2.079941332340240479e-02 2.200303133577108383e-04 -8.490693289786577225e-05 1.000000000000000000e+00 -3.713925778865814209e-01
9.999988675117492676e-01 -3.576945154665336956e-05 1.490403328420718742e-03 -1.197089195251464844e+00 3.564825202494528722e-05 9.999999999956808994e-01 8.134583325337341945e-05 -2.102554775774478912e-02 -1.490406226366758347e-03 -8.129261075339594411e-05 9.999988675117492676e-01 -3.665567934513092041e-01
1.000000000000000000e+00 -4.880522580232286194e-05 -6.428912065904775620e-05 -1.211711168289184570e+00 4.878564504906535149e-05 9.999999403943998777e-01 -3.045513233610885754e-04 -2.085285447537899017e-02 6.430398207157850266e-05 3.045481862500309944e-04 9.999999403953552246e-01 -3.699045479297637939e-01
9.999887943267822266e-01 1.344785115068818765e-04 -4.735417012161008757e-03 -1.209883689880371094e+00 -1.361325146027186905e-04 9.999999406207279451e-01 -3.489627900848573175e-04 -1.967679895460605621e-02 4.735369700938463211e-03 3.496035174684053448e-04 9.999887347228053613e-01 -3.692356348037719727e-01
9.999907016754150391e-01 6.853798724881017979e-05 -4.305757546665805839e-03 -1.217540025711059570e+00 -7.220890052582473739e-05 9.999996426372530500e-01 -8.524101323306202630e-04 -1.954302191734313965e-02 4.305697511881589890e-03 8.527131159166700947e-04 9.999903440508717267e-01 -3.690929114818572998e-01
9.999974370004238722e-01 -2.686362889156193958e-04 -2.244475893752308389e-03 -1.198849916458129883e+00 2.673451964504205969e-04 9.999997612364294186e-01 -5.755148549539790921e-04 -1.960661076009273529e-02 2.244630130007863045e-03 5.749133575046680433e-04 9.999973177914327493e-01 -3.631482422351837158e-01
9.999995827675220994e-01 -5.034651592157958532e-04 -7.544278883197852491e-04 -1.179930686950683594e+00 5.032136351536854735e-04 9.999998210595627546e-01 -3.335436868851318366e-04 -1.985840685665607452e-02 7.545956759713590145e-04 3.331639043870557315e-04 9.999996423721491112e-01 -3.579279482364654541e-01
9.999997615814315566e-01 -2.554785062251435190e-04 -6.277737666299349709e-04 -1.202149510383605957e+00 2.550946208851635755e-04 9.999997614835044457e-01 -6.115108420920223114e-04 -2.072370797395706177e-02 6.279298686422407627e-04 6.113505876815562845e-04 9.999996423721633221e-01 -3.637273311614990234e-01
9.999992847442626953e-01 2.249995923192722215e-06 -1.207785772248228537e-03 -1.206635951995849609e+00 -3.856429400164729238e-06 9.999991059365234136e-01 -1.330064142874271167e-03 -2.081475220620632172e-02 1.207781722769141197e-03 1.330067849259042312e-03 9.999983906752305529e-01 -3.621349632740020752e-01
9.999995827674865723e-01 -6.868651130298583044e-05 -9.225775133695765040e-04 -1.197488307952880859e+00 6.705385861905180378e-05 9.999984501697550821e-01 -1.769578371008485385e-03 -2.073093503713607788e-02 9.226975962519645691e-04 1.769515762344568699e-03 9.999980330473690060e-01 -3.566332757472991943e-01
9.999997615814208984e-01 -1.357674422920711213e-04 -6.649204308228391517e-04 -1.163450121879577637e+00 1.342629810130863133e-04 9.999974367982392698e-01 -2.262138203948955723e-03 -1.984430663287639618e-02 6.652258452959358692e-04 2.262048349637058031e-03 9.999971985823066234e-01 -3.430747985839843750e-01
9.999998211860656738e-01 -1.530440461277409706e-04 -6.455181197793518916e-04 -1.154563426971435547e+00 1.514178895650059031e-04 9.999968407075293664e-01 -2.518450620354758650e-03 -1.951159164309501648e-02 6.459014839492738247e-04 2.518352369290086101e-03 9.999966621404574596e-01 -3.370707035064697266e-01
9.999994039535522461e-01 -9.828416125499191310e-05 -1.113398444955073039e-03 -1.155392885208129883e+00 9.540736343641859074e-05 9.999966618653998163e-01 -2.583559681714986140e-03 -1.917558535933494568e-02 1.113648642785847187e-03 2.583451891867261097e-03 9.999960660954343439e-01 -3.337662816047668457e-01
9.999992251396605525e-01 -2.773441586460758832e-04 -1.182545937453367878e-03 -1.160045623779296875e+00 2.742944418841208876e-04 9.999966016987283934e-01 -2.578324013059439274e-03 -1.917921379208564758e-02 1.183257088996469975e-03 2.577997762799544290e-03 9.999959468865426970e-01 -3.321735560894012451e-01
9.999984502792358398e-01 -2.458485888897321255e-04 -1.775462122869323877e-03 -1.170260429382324219e+00 2.405196775446052926e-04 9.999954687651146923e-01 -3.001019787888164602e-03 -1.895868778228759766e-02 1.776191871613264084e-03 3.000587929984505076e-03 9.999939203332530724e-01 -3.308906853199005127e-01
9.999984502792358398e-01 -1.121462762781852049e-04 -1.743258635081058622e-03 -1.196303606033325195e+00 1.068268993308432724e-04 9.999953502694187701e-01 -3.051190168897289449e-03 -1.937994919717311859e-02 1.743592671118676662e-03 3.050999178671742751e-03 9.999938011241482627e-01 -3.344027400016784668e-01
