0.000000000000000000e+00 0.000000000000000000e+00 0.000000000000000000e+00 0.000000000000000000e+00 0.000000000000000000e+00 0.000000000000000000e+00 0.000000000000000000e+00 0.000000000000000000e+00 0.000000000000000000e+00 0.000000000000000000e+00 0.000000000000000000e+00 0.000000000000000000e+00
9.999998058380221710e-01 -5.065792997023154309e-04 -3.629067801426042426e-04 4.348830785602331161e-03 5.033779919221935276e-04 9.999614359898683080e-01 -8.767733097992717883e-03 -1.017826423048973083e-02 3.673343370946159777e-04 8.767548716346076215e-03 9.999614968362487977e-01 4.594344496726989746e-01
9.999985711389159926e-01 -5.972073773370656629e-04 -1.581475094591532895e-03 5.593770183622837067e-04 5.827029718216926099e-04 9.999579124965051191e-01 -9.156074097475515663e-03 -1.964830793440341949e-02 1.586876609251419365e-03 9.155139484480075487e-03 9.999568316900719900e-01 8.649718761444091797e-01
9.999941466663080369e-01 -3.897773546500208903e-04 -3.399221489751174958e-03 -1.509152865037322044e-02 3.762937537974046873e-04 9.999920629616174672e-01 -3.966411070402438635e-03 -2.905731648206710815e-02 3.400740527214216047e-03 3.965108747860516744e-03 9.999863563451674153e-01 1.239666432142257690e+00
9.999858656570855819e-01 3.191217004917051375e-05 -5.316715871902509896e-03 -4.484340129420161247e-02 -1.330957561971644141e-06 9.999834582422190143e-01 5.751803209502593002e-03 -3.859743662178516388e-02 5.316811476598477110e-03 -5.751714835220459419e-03 9.999693241755852613e-01 1.608942002058029175e+00
9.999742008620625677e-01 4.327870870292242289e-04 -7.170098020022230151e-03 -9.041279135271906853e-02 -2.933574210414956174e-04 9.998110670101940656e-01 1.943564316817598947e-02 -4.832378402352333069e-02 7.177154847357401085e-03 -1.943303834387322473e-02 9.997853997078686161e-01 1.980811804533004761e+00
9.999608255085453701e-01 9.904876051840350113e-04 -8.795816197045848092e-03 -1.534332218579947948e-01 -6.597845689517545893e-04 9.992956071568084297e-01 3.752138325579391920e-02 -5.827923677861690521e-02 8.826784952110844004e-03 -3.751411003088805929e-02 9.992571137680229532e-01 2.360692262649536133e+00
9.999429206817583848e-01 1.715125872429447982e-03 -1.054579165717038636e-02 -2.343524130992591381e-01 -1.088054522058916253e-03 9.982465877082288275e-01 5.918248276504179534e-02 -6.855929456651210785e-02 1.062880594383717840e-02 -5.916763027297244210e-02 9.981914746240267977e-01 2.760384410619735718e+00
9.999211612564591345e-01 2.740367293748955345e-03 -1.225404662262090730e-02 -3.324650856666266918e-01 -1.706588071406966696e-03 9.964987478782016961e-01 8.359026877771520703e-02 -7.914233859628438950e-02 1.244021015451697749e-02 -8.356276601615991728e-02 9.964248618471138741e-01 3.184761673212051392e+00
9.998966531266383351e-01 3.473313766648485588e-03 -1.395059703473608241e-02 -4.478849726729094982e-01 -1.925370310499669195e-03 9.939875450793775880e-01 1.094762676393377238e-01 -8.983658161014318466e-02 1.424696512646196796e-02 -1.094380935440254776e-01 9.938915069896384624e-01 3.632902026176452637e+00
9.998698329818235253e-01 3.853816137056472434e-03 -1.566732887514441300e-02 -5.801577526144683361e-01 -1.685230895322442938e-03 9.906884433503705401e-01 1.361380483511101525e-01 -1.006143130362033844e-01 1.604609266237801146e-02 -1.360939246006283576e-01 9.905659829597768251e-01 4.100016504526138306e+00
9.998486417105649782e-01 3.902474756112560977e-03 -1.695477396830036287e-02 -7.262985813431441784e-01 -1.101026032024689499e-03 9.867584877566615287e-01 1.621927081648961710e-01 -1.119270557537674904e-01 1.736322007045511262e-02 -1.621494913065232857e-01 9.866134304061650040e-01 4.587388992309570312e+00
9.998342638618635814e-01 3.723947631451953681e-03 -1.782069083519707484e-02 -8.851764756254851818e-01 -3.484091746888675831e-04 9.825909038204635459e-01 1.857821152326877834e-01 -1.239099530503153801e-01 1.820229158244824480e-02 -1.857451155301880208e-01 9.824293504562170432e-01 5.114589929580688477e+00
9.998282374116270743e-01 3.467395331862064157e-03 -1.820639568864720892e-02 -1.056186582427471876e+00 3.803194182394094161e-04 9.782981207963803438e-01 2.072019358099990993e-01 -1.362407309934496880e-01 1.852973371365925631e-02 -2.071732705150050591e-01 9.781287670611765739e-01 5.675321161746978760e+00
9.998334791624877704e-01 3.069020341971996288e-03 -1.798874814921110760e-02 -1.231670241337269545e+00 1.095146813944979092e-03 9.738889138144211088e-01 2.270224310565429615e-01 -1.487718960270285606e-01 1.821577885491285076e-02 -2.270043274114118270e-01 9.737233799889993824e-01 6.225425302982330322e+00
9.998559032230016630e-01 2.390854228467541743e-03 -1.680644537592104054e-02 -1.408558215480297804e+00 1.804674943051766053e-03 9.694513980946196652e-01 2.452768433438783646e-01 -1.619198489934206009e-01 1.687945314474138814e-02 -2.452718299121318668e-01 9.693073885579789328e-01 6.753662407398223877e+00
9.998834329336738769e-01 1.333435142066035153e-03 -1.520994725478222453e-02 -1.584536965470761061e+00 2.698024722969091099e-03 9.650718695677455994e-01 2.619713862840947205e-01 -1.754174754023551941e-01 1.502801408588644999e-02 -2.619818858618626622e-01 9.649557763301365165e-01 7.251805484294891357e+00
9.999132704043561803e-01 -1.934936983624897843e-04 -1.316868366442374566e-02 -1.764489452820271254e+00 3.832258913326138522e-03 9.609000718762513715e-01 2.768688600399765720e-01 -1.891033463180065155e-01 1.260021669996985380e-02 -2.768953131210487029e-01 9.608174749195136366e-01 7.743135333061218262e+00
9.999377638584194816e-01 -1.080629420701245810e-03 -1.110408257708641981e-02 -1.950943897943943739e+00 4.260715280045957766e-03 9.568458637076286966e-01 2.905646905783711431e-01 -2.029127068817615509e-01 1.031090273089714342e-02 -2.905939182874570648e-01 9.567909175672690836e-01 8.234266787767410278e+00
9.999581364659732019e-01 -1.679662451151581757e-03 -8.994667839802723483e-03 -2.141297962050884962e+00 4.329935395619188485e-03 9.528421643239751715e-01 3.034354322518588720e-01 -2.163172354921698570e-01 8.060829669950484236e-03 -3.034616757029672818e-01 9.528095478135067964e-01 8.716024696826934814e+00
9.999749400137064592e-01 -2.430022742195386744e-03 -6.649385990935428176e-03 -2.354775707703083754e+00 4.410276566741038080e-03 9.485503111065949344e-01 3.165957307990532876e-01 -2.301837475970387459e-01 5.537942324445967179e-03 -3.166171225455979288e-01 9.485372575211564738e-01 9.237621724605560303e+00
9.999837543726031175e-01 -3.555082604707353842e-03 -4.455600806502204095e-03 -2.579038615804165602e+00 4.824082804201814886e-03 9.442108801089604819e-01 3.293061525525457500e-01 -2.438530428335070610e-01 3.036316184358978446e-03 -3.293222969547249246e-01 9.442126908236790905e-01 9.768566846847534180e+00
9.999848855930252300e-01 -5.095418635209491773e-03 -2.065258927115109448e-03 -2.811943407636135817e+00 5.494476714430397528e-03 9.396971463083974019e-01 3.419635710795653760e-01 -2.574700322002172470e-01 1.982703675564075757e-04 -3.419697500200659102e-01 9.397109400023365700e-01 1.030153107643127441e+01
9.999787420809537197e-01 -6.517549880332149277e-03 1.921711491585533069e-04 -3.075213904958218336e+00 6.023594803411109512e-03 9.346726509773586322e-01 3.554585092814642744e-01 -2.715349029749631882e-01 -2.496335682055842494e-03 -3.554497954121142445e-01 9.346920408613996756e-01 1.088596367835998535e+01
9.999652414730679784e-01 -7.953192454273758788e-03 2.502513834942912598e-03 -3.344311560969799757e+00 6.467488660749545759e-03 9.293325004019121760e-01 3.691873173433143918e-01 -2.850740300491452217e-01 -5.261885226026294902e-03 -3.691582999561506817e-01 9.293516353551828368e-01 1.145715367794036865e+01
9.999411696398682325e-01 -9.663307150401742596e-03 4.927246103993815872e-03 -3.616143162827938795e+00 7.039003645607879930e-03 9.236992449941577865e-01 3.830537262903208062e-01 -2.983330553397536278e-01 -8.252859318408781522e-03 -3.829965081983645048e-01 9.237129234891816587e-01 1.200890779495239258e+01
9.999036035818770207e-01 -1.194703113424000832e-02 7.074743179372477465e-03 -3.910368468146771193e+00 8.163170350619015567e-03 9.180041931325728655e-01 3.964866505203431535e-01 -3.119620149955153465e-01 -1.123148226207707975e-02 -3.963906782936392759e-01 9.180132264668658948e-01 1.259263765811920166e+01
9.998553948559838478e-01 -1.442857624026522810e-02 9.000309164879965323e-03 -4.241529758553951979e+00 9.460946265588163900e-03 9.117552378810123148e-01 4.106249830347616925e-01 -3.257672926411032677e-01 -1.413081289750246078e-02 -4.104804531085706754e-01 9.117599013680292019e-01 1.322980368137359619e+01
9.998112515894305163e-01 -1.614853086421715392e-02 1.080213618243840677e-02 -4.553108807187527418e+00 1.007293574497594539e-02 9.062919765378721904e-01 4.225321162095901917e-01 -3.388322954997420311e-01 -1.661316227134692139e-02 -4.223435547205668938e-01 9.062835784815598261e-01 1.381282788515090942e+01
9.997569130586574371e-01 -1.780505502980963412e-02 1.300364590449119666e-02 -4.851961936336010695e+00 1.042846381098962161e-02 9.015165647382507030e-01 4.326189208126319796e-01 -3.511901730671525002e-01 -1.942580587689529681e-02 -4.323781487516787925e-01 9.014830972059899583e-01 1.436268830299377441e+01
9.996832758751387216e-01 -1.983140263445701962e-02 1.549397964053450538e-02 -5.158764060121029615e+00 1.095311645518047550e-02 8.971479354409102047e-01 4.415943966741783244e-01 -3.637084756046533585e-01 -2.265782812783478581e-02 -4.412848257119910689e-01 8.970810027087113836e-01 1.492189687490463257e+01
9.995505359897345343e-01 -2.270323097189758457e-02 1.957777582033002478e-02 -5.469973887782543898e+00 1.146937911179822175e-02 8.929753991360227516e-01 4.499593202508986312e-01 -3.768857754766941071e-01 -2.769800255296896510e-02 -4.495325347973131436e-01 8.928344307951380232e-01 1.548534899950027466e+01
9.993735103605665415e-01 -2.644058640591174028e-02 2.352620199076409235e-02 -5.812650229316204786e+00 1.271490201225415791e-02 8.885826722978310555e-01 4.585402553308317586e-01 -3.912890581414103508e-01 -3.302904867563539321e-02 -4.579538512585706878e-01 8.883621739251539307e-01 1.609589284658432007e+01
9.991394443616621324e-01 -3.062343239040681703e-02 2.797456182497471897e-02 -6.154353644233196974e+00 1.404921259927447048e-02 8.844526150731683023e-01 4.664184723138379285e-01 -4.056509621441364288e-01 -3.902550891416455697e-02 -4.656240727012126990e-01 8.841217295005967536e-01 1.669500464200973511e+01
9.988611285601157741e-01 -3.533167627281103007e-02 3.206428703971166139e-02 -6.520869876723736525e+00 1.587674703240405868e-02 8.798730602045022886e-01 4.749434985659172215e-01 -4.200999485328793526e-01 -4.499305230011393236e-02 -4.738935224057378992e-01 8.794319499919260874e-01 1.732366371154785156e+01
9.986193844364471550e-01 -3.934043392461266525e-02 3.480883919918223435e-02 -6.908831979613751173e+00 1.764618742328996279e-02 8.753859484521588907e-01 4.831025287885960529e-01 -4.344542659819126129e-01 -4.947663182951587968e-02 -4.818213066180628279e-01 8.748715856579576400e-01 1.797511625289916992e+01
9.984224279574497318e-01 -4.261550170835486095e-02 3.655918989387428597e-02 -7.326762970071285963e+00 1.913135633910083289e-02 8.703514551923290377e-01 4.920592806250296825e-01 -4.490596950054168701e-01 -5.278869723887398557e-02 -4.905835947713096390e-01 8.697937054181766880e-01 1.865848845243453979e+01
9.982877884540151125e-01 -4.491233951016361525e-02 3.747496742247065360e-02 -7.760890926700085402e+00 2.016208965210300463e-02 8.656118276016218083e-01 5.003095582307425238e-01 -4.637964349240064621e-01 -5.490884777931514388e-02 -4.986973487756917733e-01 8.650352436517508847e-01 1.935779625177383423e+01
9.982040706976502698e-01 -4.637040284414849917e-02 3.792649446906561778e-02 -8.206869091372936964e+00 2.070565898591180884e-02 8.611551523995292223e-01 5.079203472806566033e-01 -4.786191349849104881e-01 -5.621306724063195731e-02 -5.062228651847080485e-01 8.605687083757955769e-01 2.006592643260955811e+01
9.981691038800786231e-01 -4.716850421022721063e-02 3.786254441807344190e-02 -8.664621825795620680e+00 2.098184940764184075e-02 8.571364363957936217e-01 5.146619195143106174e-01 -4.934385698288679123e-01 -5.672919931283929018e-02 -5.129252007976303762e-01 8.565567910722760026e-01 2.078593218326568604e+01
9.981764743080779878e-01 -4.745385355412440331e-02 3.730761210207043238e-02 -9.128754611592739820e+00 2.107715472689643266e-02 8.531469921475309803e-01 5.212446290737575705e-01 -5.078072100877761841e-01 -5.656394334302820848e-02 -5.195077877880989181e-01 8.525914489021119147e-01 2.150626718997955322e+01
9.982354829032304977e-01 -4.733904475123336397e-02 3.584599719627087205e-02 -9.601858283858746290e+00 2.131281278858869477e-02 8.490924972845904639e-01 5.278140724403398432e-01 -5.223478283733129501e-01 -5.542278127262204035e-02 -5.261187564581389919e-01 8.486031872547666888e-01 2.222973996400833130e+01
9.983293949454763450e-01 -4.695489456438651371e-02 3.366982423842541233e-02 -1.008330142078921199e+01 2.170400102984876983e-02 8.448154159593473933e-01 5.346174794156390853e-01 -5.368994669988751411e-01 -5.354769394750288208e-02 -5.329935748523449979e-01 8.444231721352880582e-01 2.295394450426101685e+01
9.984896178009520229e-01 -4.575914955465549411e-02 3.040696261949815335e-02 -1.057961743650957942e+01 2.198674227485070479e-02 8.400075534913874487e-01 5.421290374454712513e-01 -5.512981517240405083e-01 -5.034944198149746142e-02 -5.406416653472506662e-01 8.397449156635027334e-01 2.368298923969268799e+01
9.987148032175998669e-01 -4.369796968905425433e-02 2.567546064017955584e-02 -1.109207391319796443e+01 2.232077080197608990e-02 8.340386123541798646e-01 5.512543662349710383e-01 -5.657738028094172478e-01 -4.550302215058430605e-02 -5.499727998250172334e-01 8.339420809791258105e-01 2.441103756427764893e+01
9.989435682459234522e-01 -4.120187034515865321e-02 2.035075772944721154e-02 -1.162224810896441340e+01 2.265097143199736734e-02 8.267897502382152153e-01 5.620548393121586050e-01 -5.802524173632264137e-01 -3.998350851649663806e-02 -5.610001023004277387e-01 8.268495656802516969e-01 2.513610774278640747e+01
9.991543380640044436e-01 -3.845772534281469840e-02 1.454689277260328220e-02 -1.216988157806918025e+01 2.315656133499720271e-02 8.186659260162174601e-01 5.738029934107590213e-01 -5.949367769062519073e-01 -3.397620336381777101e-02 -5.729808940457489230e-01 8.188641600799944076e-01 2.585723918676376343e+01
9.992920331269256051e-01 -3.641930216625425404e-02 9.437529272987391429e-03 -1.273207211075350642e+01 2.399196961560566554e-02 8.101044063206533918e-01 5.857945341617873947e-01 -6.097791101783514023e-01 -2.897961219580552292e-02 -5.851533861216089427e-01 8.104046500282411358e-01 2.657274562120437622e+01
9.993547294098445999e-01 -3.549654136533210436e-02 5.488201643118666671e-03 -1.331823616800829768e+01 2.519693832226352001e-02 8.017147088233663732e-01 5.971755520409797180e-01 -6.252896422520279884e-01 -2.559763866766447127e-02 -5.966519263417860985e-01 8.020917900635036180e-01 2.730229312181472778e+01
9.993522053003929262e-01 -3.587416235792120767e-02 2.866048910766835160e-03 -1.392977588949725032e+01 2.676955486647820612e-02 7.942211050711286413e-01 6.070389008884404802e-01 -6.417701179161667824e-01 -2.405328862114309435e-02 -6.065689414524227940e-01 7.946669482064767642e-01 2.805337721109390259e+01
9.993170121627112934e-01 -3.694834743297384372e-02 5.734319173526139079e-04 -1.455429243622347713e+01 2.875153214926639417e-02 7.871842297822737589e-01 6.160473502752512598e-01 -6.586887026205658913e-01 -2.321332809532670668e-02 -6.156101103816121745e-01 7.877089141267082928e-01 2.880814993381500244e+01
9.992655736297053615e-01 -3.827589927691877475e-02 -1.808008030659542884e-03 -1.518865418015047908e+01 3.103613230964184441e-02 7.807806138346987668e-01 6.240339666646114170e-01 -6.762987347319722176e-01 -2.247380363343433329e-02 -6.236317732399898617e-01 7.813951238367128349e-01 2.956413555145263672e+01
9.992185917357169211e-01 -3.928844784721357425e-02 -4.315529567459648087e-03 -1.582995104370638728e+01 3.318826375328922523e-02 7.747146067146587489e-01 6.314394803082823415e-01 -6.941767567768692970e-01 -2.146497329914361096e-02 -6.310892932134947175e-01 7.754131536881216924e-01 3.031644952297210693e+01
9.992159891605052469e-01 -3.869619605485622588e-02 -8.367282526437676629e-03 -1.647251957235857844e+01 3.509636108243163050e-02 7.679788504422013773e-01 6.395128854935189233e-01 -7.120536426082253456e-01 -1.832081998068530240e-02 -6.393051616281220095e-01 7.687348423682096588e-01 3.105214095115661621e+01
9.992374022344029383e-01 -3.650600081226369059e-02 -1.385373164663174575e-02 -1.711714934883639216e+01 3.675972418957827725e-02 7.598858280167157808e-01 6.490163719482400229e-01 -7.298655817285180092e-01 -1.316573785809274123e-02 -6.490306928674830500e-01 7.606482913032848181e-01 3.176646345853805542e+01
9.992322936069708561e-01 -3.464755430190429725e-02 -1.828579759947366809e-02 -1.776829540310427547e+01 3.811111823504796658e-02 7.515452003015835603e-01 6.585798012166230730e-01 -7.470993446186184883e-01 -9.075576005219633882e-03 -6.587710974872449388e-01 7.522886912852168040e-01 3.246942466497421265e+01
9.992074257179540675e-01 -3.374556970214919599e-02 -2.111295610701328235e-02 -1.842947315750643611e+01 3.922290309711628370e-02 7.442151199811937179e-01 6.667873867013470734e-01 -7.645941758528351784e-01 -6.788539072105651863e-03 -6.670870195985340034e-01 7.449488734271711987e-01 3.317157292366027832e+01
9.991848885276561898e-01 -3.302218490407559520e-02 -2.321839447800904538e-02 -1.910677659092471004e+01 4.003929863901253133e-02 7.374877891240184669e-01 6.741725413108006215e-01 -7.825774801895022392e-01 -5.139367905819591797e-03 -6.745526637684624571e-01 7.382088394894769090e-01 3.387958341836929321e+01
9.991663232374359271e-01 -3.181177681900576593e-02 -2.558650745610740324e-02 -1.980998539505526423e+01 4.071646102462683076e-02 7.308991591195277415e-01 6.812698356745272577e-01 -8.009406803175806999e-01 -2.971247181524364761e-03 -6.817436688770824871e-01 7.315850884457673065e-01 3.460301744937896729e+01
9.991412648930747542e-01 -3.121851624178478835e-02 -2.724219212046095559e-02 -2.053356194077059627e+01 4.139906108106122112e-02 7.253971265383576394e-01 6.870845119426725045e-01 -8.195330156013369560e-01 -1.688351110772833659e-03 -6.876222895264196833e-01 7.260666198200901311e-01 3.534133344888687134e+01
9.991067547903452750e-01 -3.117456502596797213e-02 -2.852786405860997798e-02 -2.127402650890871882e+01 4.224477129458226871e-02 7.203095114396430576e-01 6.923652121733522291e-01 -8.383994931355118752e-01 -1.035292506142371661e-03 -6.929519133569257416e-01 7.209830607888110254e-01 3.608860701322555542e+01
9.990522017824362555e-01 -3.182170130398785657e-02 -2.969978854783380043e-02 -2.203496163664385676e+01 4.351601769323396041e-02 7.140691721598722008e-01 6.987213847987172599e-01 -8.575038826093077660e-01 -1.026799780098604535e-03 -6.993515544395640937e-01 7.147771323882549099e-01 3.684141165018081665e+01
9.990169508127869635e-01 -3.186483705960903995e-02 -3.081824375083669354e-02 -2.281517093954607844e+01 4.432519600724963565e-02 7.080021881352920321e-01 7.048178336240914499e-01 -8.765688193961977959e-01 -6.395214150591366827e-04 -7.054909877204691426e-01 7.087186023081069042e-01 3.759795773029327393e+01
9.990075467019543520e-01 -3.091854074993525062e-02 -3.206190060550367232e-02 -2.359612977085635066e+01 4.453745426653730327e-02 7.027865343015895494e-01 7.100052833407768382e-01 -8.948309225961565971e-01 5.803447240228270425e-04 -7.107285916876113774e-01 7.034660845824382003e-01 3.834569329023361206e+01
9.990008187779305660e-01 -2.957338867742266217e-02 -3.350789105805634244e-02 -2.438893633661791682e+01 4.463471897512345798e-02 6.981183531875100323e-01 7.145897472009873352e-01 -9.128436939790844917e-01 2.259633385360786725e-03 -7.153713578449261146e-01 6.987408063309817896e-01 3.909537595510482788e+01
9.989848017446850692e-01 -2.830179995971222190e-02 -3.504816688747876968e-02 -2.520530497608706355e+01 4.487200956228647869e-02 6.939534093876007503e-01 7.186203228111259778e-01 -9.308660244569182396e-01 3.983546281167198166e-03 -7.194634623928898298e-01 6.945188677355427220e-01 3.986049240827560425e+01
9.989678142145895778e-01 -2.752778405100325676e-02 -3.613208087789016032e-02 -2.603494762955233455e+01 4.513911976229763312e-02 6.904960306170092599e-01 7.219263754492136753e-01 -9.492778731510043144e-01 5.076025060026444387e-03 -7.228121836323703198e-01 6.910258903703929700e-01 4.063421911001205444e+01
9.989353158684061151e-01 -2.714837950779241948e-02 -3.729879624047507253e-02 -2.688873540936037898e+01 4.574784818938269770e-02 6.871801951209929316e-01 7.250451805367132962e-01 -9.685447392985224724e-01 5.947192356801254791e-03 -7.259795761063633224e-01 6.876905452160122501e-01 4.142463761568069458e+01
9.988939294930031521e-01 -2.582572141814179489e-02 -3.929312580159020213e-02 -2.776388251362368464e+01 4.632984087682408963e-02 6.832725367266709871e-01 7.286921067223304238e-01 -9.881429998204112053e-01 8.028914394562991497e-03 -7.297065661403442371e-01 6.837132906893884643e-01 4.222533977031707764e+01
9.988230263004339582e-01 -2.376235244683715803e-02 -4.228371717617716852e-02 -2.865988087235018611e+01 4.717624139395931032e-02 6.784711473896639644e-01 7.331107040602338198e-01 -1.007690581493079662e+00 1.126784717599275606e-02 -7.342426388912217661e-01 6.787936231683923127e-01 4.303332573175430298e+01
9.987251261580079031e-01 -2.092550789476974038e-02 -4.593740850349601473e-02 -2.956752341566607356e+01 4.805926653460373260e-02 6.725380002623720932e-01 7.385004706181611533e-01 -1.026846713386476040e+00 1.544115542396539212e-02 -7.397666938450497831e-01 6.726862637193786743e-01 4.383496117591857910e+01
9.986237167995651864e-01 -1.893059999346814737e-02 -4.891119124810896363e-02 -3.048293774900957942e+01 4.910153107876957107e-02 6.651965785536700926e-01 7.450520461861785959e-01 -1.045962921343743801e+00 1.843127481056079653e-02 -7.464282579487315772e-01 6.652106011215390691e-01 4.462405127286911011e+01
9.985430102160123278e-01 -1.889167216572918209e-02 -5.054662670769759919e-02 -3.139565342245623469e+01 5.049347127503898969e-02 6.575134069120850411e-01 7.517489801053671705e-01 -1.065032553859055042e+00 1.903328945141976800e-02 -7.532059641649457848e-01 6.575093227012169805e-01 4.539123523235321045e+01
9.984743341758054447e-01 -1.967455118088715094e-02 -5.159375958400806012e-02 -3.230028384504839778e+01 5.199713392099881287e-02 6.494548591009239313e-01 7.586202502268184489e-01 -1.083678868599236012e+00 1.858230492117394356e-02 -7.601455768640830168e-01 6.494870282906247683e-01 4.613068628311157227e+01
9.984015779021999659e-01 -1.953147451165692869e-02 -5.303593824754902070e-02 -3.321156215248629451e+01 5.321050268038560876e-02 6.411421790106615060e-01 7.655751750794703714e-01 -1.101701512001454830e+00 1.905076499508649712e-02 -7.671735317363741480e-01 6.411566427607535701e-01 4.685629421472549438e+01
9.982542818911832594e-01 -1.602026345382015493e-02 -5.684839351105790139e-02 -3.414081131992861629e+01 5.418906144254559409e-02 6.312836925500606711e-01 7.736565421040118018e-01 -1.118490940891206264e+00 2.349328214392176414e-02 -7.753865169573369576e-01 6.310497722168002532e-01 4.757064104080200195e+01
9.980633254284213551e-01 -1.124589301020446561e-02 -6.118111085264899690e-02 -3.508661400852724910e+01 5.491564170200057687e-02 6.212935894604412201e-01 7.816511677160203897e-01 -1.135057422332465649e+00 2.922106656538369512e-02 -7.834971637381744625e-01 6.207079213954157515e-01 4.827815937995910645e+01
9.979625158359189951e-01 -1.013521048789095026e-02 -6.299281304092858857e-02 -3.604850917635485530e+01 5.601153275321230085e-02 6.119636510678545527e-01 7.888999923756730981e-01 -1.152965555898845196e+00 3.055364438293840801e-02 -7.908209451450229910e-01 6.112844734940137137e-01 4.898405116796493530e+01
9.979308341600252596e-01 -1.179856970179210193e-02 -6.320477818700032113e-02 -3.700619899807497859e+01 5.751848602859788856e-02 6.031354174558526404e-01 7.955622489631671845e-01 -1.171569499187171459e+00 2.873454363051459667e-02 -7.975515418851287786e-01 6.025660661197240753e-01 4.967370009422302246e+01
9.979863787204624748e-01 -1.577205055821446697e-02 -6.143639238763027449e-02 -3.794792884169146419e+01 5.875996670462077520e-02 5.946172839485840411e-01 8.018588104788030302e-01 -1.190232506953179836e+00 2.388418307771078206e-02 -8.038541708859873181e-01 5.943467150981085467e-01 5.033869725465774536e+01
9.980107703498279914e-01 -1.782441007411007111e-02 -6.047142028473284636e-02 -3.886335092363879085e+01 5.938835143739906730e-02 5.876755997788609687e-01 8.069141299655769872e-01 -1.208381959237158298e+00 2.115480983820976213e-02 -8.089002904128951288e-01 5.875651403807438111e-01 5.097682791948318481e+01
9.979399953482113172e-01 -1.592109464496405460e-02 -6.214728014739056422e-02 -3.977975421724840999e+01 5.982125232317372920e-02 5.809025833568137731e-01 8.117718930955095669e-01 -1.225360286422073841e+00 2.317721844612354726e-02 -8.138173673464373925e-01 5.806583411528800642e-01 5.160279989242553711e+01
9.977772117195140567e-01 -1.170656801425266208e-02 -6.560176856274269053e-02 -4.070007603941485286e+01 6.044428367300389016e-02 5.734602744818197984e-01 8.170004909193709919e-01 -1.241757811047136784e+00 2.805573639185781482e-02 -8.191497237114614416e-01 5.728931888222682511e-01 5.221577137708663940e+01
9.976290751134008206e-01 -7.985968288200959164e-03 -6.835534213856594987e-02 -4.164369028387591243e+01 6.087459093982879044e-02 5.657044931815027322e-01 8.223580184883999555e-01 -1.258582827635109425e+00 3.210159912354952627e-02 -8.245693728879086581e-01 5.648493928729603208e-01 5.283199697732925415e+01
9.975633861657817736e-01 -6.241441453387896153e-03 -6.948622158416156713e-02 -4.262165361223742366e+01 6.111823239327169449e-02 5.584754226727157711e-01 8.272664407188614621e-01 -1.276633420027792454e+00 3.364301191304525790e-02 -8.294975869037325422e-01 5.574960996009777903e-01 5.346132868528366089e+01
9.975336679994047939e-01 -5.911841859069685325e-03 -6.994019826599454093e-02 -4.362670868216082454e+01 6.161361873493850089e-02 5.510477371249351553e-01 8.321959825641277453e-01 -1.296253168024122715e+00 3.362057694387336759e-02 -8.344527796917700080e-01 5.500529204273343353e-01 5.409708052873611450e+01
9.975258947859646508e-01 -6.088698847553316619e-03 -7.003582638767304192e-02 -4.463596611795946956e+01 6.206758932491649589e-02 5.440825738013396196e-01 8.367327932148371783e-01 -1.315994870848953724e+00 3.301065868555167621e-02 -8.390095831586512620e-01 5.431143671282250285e-01 5.472673976421356201e+01
9.975007535826195815e-01 -5.582638868910168653e-03 -7.043493980522172460e-02 -4.564548223791643977e+01 6.241906046878051978e-02 5.367358940609092688e-01 8.414383167629289062e-01 -1.335597173310816288e+00 3.310751413653093694e-02 -8.437318378311297051e-01 5.357429218737319587e-01 5.534316426515579224e+01
9.974559703625751617e-01 -4.823817190442936803e-03 -7.112185301134052451e-02 -4.666082971869036555e+01 6.291020828491429573e-02 5.287758735444131331e-01 8.464268315991001490e-01 -1.355437726713716984e+00 3.352451165344904477e-02 -8.487477872401529844e-01 5.277341193947400200e-01 5.594731825590133667e+01
9.974253912058327343e-01 -3.827198842904040374e-03 -7.160964688439959425e-02 -4.768114453135058284e+01 6.313605860550641768e-02 5.203973821870492289e-01 8.515869906924531385e-01 -1.375081528909504414e+00 3.400628003257024495e-02 -8.539156381996310108e-01 5.192991967608493464e-01 5.653773212432861328e+01
9.974100096736132626e-01 -3.654277021225581668e-03 -7.183257521720114169e-02 -4.871616965113207698e+01 6.358567882759401380e-02 5.115885565388751388e-01 8.568745592363588015e-01 -1.395107665099203587e+00 3.361746645594788918e-02 -8.592227854741296689e-01 5.104959068113680276e-01 5.711954665184020996e+01
9.973853559882299713e-01 -3.644550313042166714e-03 -7.217457248399575254e-02 -4.976896482286974788e+01 6.422617161283222798e-02 5.025317259406603121e-01 8.621698575704558332e-01 -1.415419275872409344e+00 3.312779105510775535e-02 -8.645510867936705424e-01 5.014518598865621568e-01 5.769532126188278198e+01
9.973390384206571868e-01 -3.681065275916941062e-03 -7.280997322203359989e-02 -5.083551638899371028e+01 6.513830138358386868e-02 4.934987781498329507e-01 8.673038439079371331e-01 -1.435945806093513966e+00 3.273903075871684165e-02 -8.697386996811492521e-01 4.924253752010788743e-01 5.826520687341690063e+01
9.972789635858718693e-01 -3.411450455459651230e-03 -7.364123026456788346e-02 -5.189752727327868342e+01 6.605918071382958778e-02 4.847714827815184369e-01 8.721426455146116252e-01 -1.456110903061926365e+00 3.272389696394319841e-02 -8.746341929558881789e-01 4.836777595464725188e-01 5.882271933555603027e+01
9.972134113054111904e-01 -3.621898972999368273e-03 -7.451371793471368854e-02 -5.295385902700945735e+01 6.725451947760038851e-02 4.758846264064899856e-01 8.769325241771983581e-01 -1.476435207761824131e+00 3.228377181281266023e-02 -8.795002582135975633e-01 4.748021207616425210e-01 5.936598229408264160e+01
9.970959314930291084e-01 -3.562626435356845353e-03 -7.607240690901499736e-02 -5.401438921270892024e+01 6.895477733128935194e-02 4.662359374125235600e-01 8.819689843459677103e-01 -1.497517346404492855e+00 3.232556392765576631e-02 -8.846532418738698444e-01 4.651276164224303900e-01 5.989779579639434814e+01
9.969178696396489014e-01 -3.110977692580172912e-03 -7.839057986097719422e-02 -5.509276073751971126e+01 7.120575361428377326e-02 4.553186805605026199e-01 8.874765573156649934e-01 -1.519741176627576351e+00 3.293177561817596521e-02 -8.903230991895241253e-01 4.541368485425894552e-01 6.042098730802536011e+01
9.967276761670006424e-01 -2.352286193353727000e-03 -8.079855390039604457e-02 -5.618730800924822688e+01 7.342654218000803368e-02 4.443256470085277243e-01 8.928511983045890332e-01 -1.542477696202695370e+00 3.380062819265566149e-02 -8.958622584751060325e-01 4.430443898456045693e-01 6.093521523475646973e+01
9.965294223091877290e-01 -1.687630660587679035e-03 -8.322416941532014001e-02 -5.728676420031115413e+01 7.576584761286007941e-02 4.324827150419869870e-01 8.984532472674447989e-01 -1.564982638694345951e+00 3.447675749865884709e-02 -9.016406452088686629e-01 4.311096149469572092e-01 6.143175283074378967e+01
9.963628966077265892e-01 -1.602604138203254491e-03 -8.519630228734752231e-02 -5.841191023169085383e+01 7.797413741155778677e-02 4.203773989969072367e-01 9.039927412913881799e-01 -1.587815797887742519e+00 3.436585745161012395e-02 -9.073479344069568242e-01 4.189734046082690400e-01 6.192213708162307739e+01
9.962109492419242152e-01 -8.689070386098289101e-04 -8.696545067475094926e-02 -5.956048100767657161e+01 7.972642870273942417e-02 4.086481132745944378e-01 9.092031764591571585e-01 -1.610725025646388531e+00 3.474825429876000904e-02 -9.126916042769718240e-01 4.071689996862681293e-01 6.240607813000679016e+01
9.960757791108003634e-01 3.477996711192977031e-04 -8.850379259783687502e-02 -6.073815768538042903e+01 8.107910770866286199e-02 3.973567885569503910e-01 9.140753584255918440e-01 -1.633612432517111301e+00 3.548549791082553084e-02 -9.176641333424205849e-01 3.957692734598341477e-01 6.288735026121139526e+01
9.959922204916410449e-01 1.463696728875977376e-03 -8.942792803155059922e-02 -6.193204086599871516e+01 8.188640722975470965e-02 3.872349022685567244e-01 9.183374906732623133e-01 -1.655566421337425709e+00 3.597378255247964118e-02 -9.219799282288889675e-01 3.855630932959218105e-01 6.336261659860610962e+01
9.959515446783193671e-01 2.238860883157251392e-03 -8.986383118260445058e-02 -6.312662761984393001e+01 8.236815737682917637e-02 3.776294749256166039e-01 9.222860002828563442e-01 -1.677501975558698177e+00 3.600010143340801744e-02 -9.259540848062332019e-01 3.759162480226617697e-01 6.382473692297935486e+01
9.959587781965576481e-01 1.707208005651085275e-03 -8.979530930981570458e-02 -6.431906312284991145e+01 8.285668419331852774e-02 3.683139684365305810e-01 9.260019387339439856e-01 -1.699286106042563915e+00 3.465374464193897441e-02 -9.296999010946273012e-01 3.666840764021959131e-01 6.427446705102920532e+01
9.959577890766990738e-01 7.026392173419066444e-04 -8.981975659944513302e-02 -6.551326149282976985e+01 8.356360695518909310e-02 3.594914234315387813e-01 9.293992899027869736e-01 -1.720817371271550655e+00 3.294246454186430112e-02 -9.331481247783206534e-01 3.579795682055215700e-01 6.471372020244598389e+01
9.959275942762574330e-01 1.991491773681200016e-04 -9.015646010526068288e-02 -6.670201402483507991e+01 8.436988109373538824e-02 3.504346796438226330e-01 9.327793192750148954e-01 -1.741525129415094852e+00 3.177971244890771818e-02 -9.365871532551236500e-01 3.489907652562287965e-01 6.513669243454933167e+01
9.958696770420665256e-01 7.518806416439431824e-04 -9.079108449418860083e-02 -6.790878086863085628e+01 8.507420579496331736e-02 3.415887288617522333e-01 9.359911964452276578e-01 -1.762006825767457485e+00 3.171696480570614096e-02 -9.398492299247327431e-01 3.401138914443226913e-01 6.555257061123847961e+01
9.957972332986135822e-01 1.720121170838348696e-03 -9.156916150093472040e-02 -6.913185017881914973e+01 8.575951489761339530e-02 3.333880285600422377e-01 9.388811043030818038e-01 -1.782615597359836102e+00 3.214305149410456863e-02 -9.427881329312572944e-01 3.318393596977930460e-01 6.596329063177108765e+01
9.957464358496596057e-01 2.347448892166857128e-03 -9.210605287601103530e-02 -7.037064760504290462e+01 8.630456976067663044e-02 3.262316517378084924e-01 9.413418245477281898e-01 -1.803330906666815281e+00 3.225766158797589711e-02 -9.452869399754341151e-01 3.246414089125965186e-01 6.637137967348098755e+01
9.956895696405332341e-01 2.631243803077588494e-03 -9.271115070528751501e-02 -7.160422557173296809e+01 8.701486909764351296e-02 3.195044267405096061e-01 9.435811220288047307e-01 -1.824387446977198124e+00 3.210441503858517398e-02 -9.475811299563046131e-01 3.178982678244144933e-01 6.676981964707374573e+01
9.956189190027930902e-01 2.673219359096576809e-03 -9.346561946495580975e-02 -7.282576351938769221e+01 8.792796089619285549e-02 3.132547384307448612e-01 9.455898384306609117e-01 -1.845514825545251369e+00 3.180631723962010909e-02 -9.496653740918133968e-01 3.116472933216473118e-01 6.715743619203567505e+01
9.955256039686892766e-01 3.322265450706639138e-03 -9.443375665010714237e-02 -7.406600957689806819e+01 8.885685730197644128e-02 3.070505927978626204e-01 9.475359583535061248e-01 -1.866886007599532604e+00 3.214390693728455539e-02 -9.516873940610730553e-01 3.053815207769635109e-01 6.754253083467483521e+01
9.954246449376199513e-01 3.665468241010571594e-03 -9.547952970866190048e-02 -7.530870431242510676e+01 8.995232168707481546e-02 3.010455994846326644e-01 9.493577444009413391e-01 -1.888367711566388607e+00 3.222353292111400369e-02 -9.536027010099710211e-01 2.993384915986743167e-01 6.792031297087669373e+01
9.953269482079879493e-01 3.182814701226902888e-03 -9.650977080871708802e-02 -7.655774229345843196e+01 9.129895615299267464e-02 2.944454133041369825e-01 9.512972191641947406e-01 -1.910257569514214993e+00 3.144466212805230310e-02 -9.556629993228437092e-01 2.927788669779958775e-01 6.828975051641464233e+01
9.952171258715539759e-01 2.759514222699036099e-03 -9.764864286419024098e-02 -7.781752150831744075e+01 9.274035810298342231e-02 2.873868564718364271e-01 9.533142297826916467e-01 -1.932546059601008892e+00 3.069362068726736587e-02 -9.578106179242799056e-01 2.857564029739584899e-01 6.865214687585830688e+01
9.950905702780626916e-01 3.096202761682295516e-03 -9.892002058298725309e-02 -7.913184958277270198e+01 9.413777286733181204e-02 2.788444557378178534e-01 9.557111745835447092e-01 -1.955908336676657200e+00 3.054237487915302182e-02 -9.603312881671296486e-01 2.771840188466906940e-01 6.901634901762008667e+01
9.949529731301245405e-01 3.293990679338690882e-03 -1.002882390159988424e-01 -8.044721144018694758e+01 9.572163208035486259e-02 2.686437987764098700e-01 9.584716367899746015e-01 -1.979441086761653423e+00 3.009901013985116780e-02 -9.632339586021582134e-01 2.669726401416760986e-01 6.936304551362991333e+01
9.948249393952455222e-01 4.336084974456489924e-03 -1.015112719078058306e-01 -8.177452796278521419e+01 9.701202815724553619e-02 2.564197606881624680e-01 9.616847574550837496e-01 -2.003657176159322262e+00 3.019944287671538427e-02 -9.665557949211829314e-01 2.546721204887104073e-01 6.969214910268783569e+01
9.947096713939898027e-01 6.324263225591129217e-03 -1.025313285289631421e-01 -8.312792807398363948e+01 9.792247532463349557e-02 2.432733720226319118e-01 9.650022048114887951e-01 -2.027890021912753582e+00 3.104606998570480156e-02 -9.699371475303909529e-01 2.413670884338855738e-01 7.000572961568832397e+01
9.946351680088603153e-01 7.861954615000683183e-03 -1.031458783937477253e-01 -8.448981803236529231e+01 9.859870797514516672e-02 2.295699729001685618e-01 9.682850418798422121e-01 -2.052373818121850491e+00 3.129180956126010466e-02 -9.732604056532082604e-01 2.275631899981503670e-01 7.030057263374328613e+01
9.945835787610978196e-01 8.869179193191797234e-03 -1.035608155588115670e-01 -8.586149328527972102e+01 9.922528211545930676e-02 2.156556045191405091e-01 9.714149492511382489e-01 -2.076824414543807507e+00 3.094912353968438251e-02 -9.764292078281574527e-01 2.136074761149577284e-01 7.057756593823432922e+01
9.945270766178349042e-01 9.413335426119858254e-03 -1.040542310054636821e-01 -8.722991758165881038e+01 1.000433428103190692e-01 2.013157697397315593e-01 9.744040693744234760e-01 -2.101260476745665073e+00 3.012014995513837695e-02 -9.794811636628112383e-01 1.992722424133005765e-01 7.083367550373077393e+01
9.944677554088315885e-01 9.627894876102219973e-03 -1.046001295045798918e-01 -8.858936208067461848e+01 1.009734530242041850e-01 1.868470023021544524e-01 9.771860414041265708e-01 -2.125600718893110752e+00 2.895246511938129666e-02 -9.823418454748598094e-01 1.848411571932982722e-01 7.106707224249839783e+01
9.943798766543463508e-01 1.088035499286525883e-02 -1.053103925551331782e-01 -8.995048349676653743e+01 1.018570890363030973e-01 1.729802596138388937e-01 9.796443044273669409e-01 -2.149563156999647617e+00 2.887549684313054157e-02 -9.848651926325542316e-01 1.708998479311910623e-01 7.128115254640579224e+01
9.942613367881626418e-01 1.267684221647763683e-02 -1.062247232975187666e-01 -9.130875426111742854e+01 1.028756242958070027e-01 1.590540369063589421e-01 9.818953199142659294e-01 -2.173190553672611713e+00 2.934280310338229641e-02 -9.871884880888802671e-01 1.568371412989506275e-01 7.147319909930229187e+01
9.941179280787573180e-01 1.400970200214985556e-02 -1.073930785582088987e-01 -9.265504842577502131e+01 1.042199802792258267e-01 1.459581485731504535e-01 9.837857564407487265e-01 -2.196158737875521183e+00 2.945744019762153512e-02 -9.891915623957319159e-01 1.436395213793698611e-01 7.164488781988620758e+01
9.939838453053143619e-01 1.482098141264372865e-02 -1.085193705382919843e-01 -9.401421659765765071e+01 1.055785054110472271e-01 1.339750119631869796e-01 9.853445465240234791e-01 -2.218840752728283405e+00 2.914265717518760290e-02 -9.908738742541505218e-01 1.316042204997222576e-01 7.180324393510818481e+01
9.938860172019364780e-01 1.589934903841677682e-02 -1.092602192503142750e-01 -9.536232572374865413e+01 1.065036173988905821e-01 1.228737579738356511e-01 9.866909440561102418e-01 -2.241578449495136738e+00 2.911295744892438905e-02 -9.922949411851004209e-01 1.204291717443712190e-01 7.194698706269264221e+01
9.937795459745386584e-01 1.669653713663491953e-02 -1.101064923166876208e-01 -9.672507696924731135e+01 1.075653941617416287e-01 1.121548196443272333e-01 9.878517006157239155e-01 -2.264686583541333675e+00 2.884267639226599164e-02 -9.935504627738811489e-01 1.096611961467574836e-01 7.207972051203250885e+01
9.936760155273290929e-01 1.782620073430118621e-02 -1.108611867747756607e-01 -9.809573942003771663e+01 1.084888850420504119e-01 1.021404928278588781e-01 9.888364281048787063e-01 -2.288328955881297588e+00 2.895061291344384544e-02 -9.946102484351659889e-01 9.956061329498441803e-02 7.220118147879838943e+01
