0.000000000000000000e+00 0.000000000000000000e+00 0.000000000000000000e+00 0.000000000000000000e+00 0.000000000000000000e+00 0.000000000000000000e+00 0.000000000000000000e+00 0.000000000000000000e+00 0.000000000000000000e+00 0.000000000000000000e+00 0.000000000000000000e+00 0.000000000000000000e+00
9.999998058170402881e-01 -5.065905669553653727e-04 -3.629488657028871789e-04 4.348849412053823471e-03 5.033888767448671487e-04 9.999614356738749654e-01 -8.767768512078409626e-03 -1.017822045832872391e-02 3.673765376459307472e-04 8.767584105105349912e-03 9.999614965104604014e-01 4.594346284866333008e-01
9.999985709815878421e-01 -5.972504991276584912e-04 -1.581558289606016738e-03 5.594624672085046768e-04 5.827451722382036986e-04 9.999579115605656821e-01 -9.156173627456474021e-03 -1.964823063462972641e-02 1.586960253554830667e-03 9.155238897657893768e-03 9.999568306471436907e-01 8.649721741676330566e-01
9.999941463776265138e-01 -3.898482995460759168e-04 -3.399298278364175710e-03 -1.509133889339864254e-02 3.763638935195348927e-04 9.999920623514201301e-01 -3.966558252821524369e-03 -2.905720006674528122e-02 3.400817651918937225e-03 3.965255660952110746e-03 9.999863555003345450e-01 1.239666730165481567e+00
9.999858650713291386e-01 3.183934990143977008e-05 -5.316826478384918675e-03 -4.484309791587293148e-02 -1.258606461368545880e-06 9.999834594377265962e-01 5.751595376293583070e-03 -3.859729785472154617e-02 5.316921662143132485e-03 -5.751507386111034958e-03 9.999693247829285481e-01 1.608942359685897827e+00
9.999741999323931152e-01 4.327344152107811702e-04 -7.170230853757850534e-03 -9.041239484213292599e-02 -2.933037546854072868e-04 9.998110712999204175e-01 1.943542330418737696e-02 -4.832367878407239914e-02 7.177286567901290833e-03 -1.943281881332079020e-02 9.997854030293154004e-01 1.980812191963195801e+00
9.999608245394911998e-01 9.904690422705216164e-04 -8.795928454514821346e-03 -1.534327806439250708e-01 -6.597636143662240779e-04 9.992956148538428840e-01 3.752117863091666838e-02 -5.827913153916597366e-02 8.826896299028226534e-03 -3.751390548791611740e-02 9.992571204633818871e-01 2.360692590475082397e+00
9.999429194094999751e-01 1.715154831888851842e-03 -1.054590758108676744e-02 -2.343518824782222509e-01 -1.088079199343246380e-03 9.982466023059285432e-01 5.918223608757321869e-02 -6.855921819806098938e-02 1.062892310923978754e-02 -5.916738314791305381e-02 9.981914880247004795e-01 2.760384619235992432e+00
9.999211602164722601e-01 2.740436520654722201e-03 -1.225411600322038122e-02 -3.324643464293330908e-01 -1.706654770546619506e-03 9.964987713315299755e-01 8.358998782297630270e-02 -7.914225570857524872e-02 1.244028459635431599e-02 -8.356248406089551717e-02 9.964248845631737961e-01 3.184761613607406616e+00
9.998966524325918481e-01 3.473350962253424126e-03 -1.395063751911258462e-02 -4.478841514792293310e-01 -1.925406452518976666e-03 9.939875726515692289e-01 1.094760166622540942e-01 -8.983649313449859619e-02 1.424700895238213867e-02 -1.094378419347464548e-01 9.938915340662562992e-01 3.632902115583419800e+00
9.998698319903274179e-01 3.853890554116098498e-03 -1.566737384603149319e-02 -5.801568867173045874e-01 -1.685302130756684844e-03 9.906884739679971963e-01 1.361378246619546206e-01 -1.006142869591712952e-01 1.604614696313367075e-02 -1.360936996137511457e-01 9.905660129910976996e-01 4.100016564130783081e+00
9.998486410008770031e-01 3.902532131144535558e-03 -1.695480261355883714e-02 -7.262976260390132666e-01 -1.101082193202180138e-03 9.867585267669718441e-01 1.621924704500155301e-01 -1.119271013885736465e-01 1.736325737594101790e-02 -1.621492525287758779e-01 9.866134689926222556e-01 4.587389200925827026e+00
9.998342631015864068e-01 3.723991482692472210e-03 -1.782072432716443749e-02 -8.851754607167094946e-01 -3.484504368207003654e-04 9.825909486068414855e-01 1.857818782825725601e-01 -1.239099446684122086e-01 1.820233255385243082e-02 -1.857448777311082599e-01 9.824293946570687996e-01 5.114590495824813843e+00
9.998282369144078086e-01 3.467438192300287009e-03 -1.820641483129592161e-02 -1.056185478111729026e+00 3.802768755524770666e-04 9.782981719332624060e-01 2.072016944465821797e-01 -1.362407496199011803e-01 1.852976141574885077e-02 -2.071730283227511682e-01 9.781288178340600270e-01 5.675321847200393677e+00
9.998334787304211657e-01 3.069062249131922996e-03 -1.798876501418002899e-02 -1.231669017812237144e+00 1.095105667458914607e-03 9.738889656538052275e-01 2.270222088724764553e-01 -1.487719323486089706e-01 1.821580504401421052e-02 -2.270041044445500478e-01 9.737234314793530299e-01 6.225426167249679565e+00
9.998559034609179053e-01 2.390845370587832072e-03 -1.680643248181394947e-02 -1.408556872745975852e+00 1.804677038661856676e-03 9.694514464637182805e-01 2.452766521505677644e-01 -1.619198443368077278e-01 1.687943882769681395e-02 -2.452716388166769623e-01 9.693074371617312890e-01 6.753663212060928345e+00
9.998834331928642127e-01 1.333457540316844133e-03 -1.520992825226722897e-02 -1.584535518428310752e+00 2.697995448414780909e-03 9.650719163033519843e-01 2.619712144170354140e-01 -1.754174064844846725e-01 1.502800209646238359e-02 -2.619817135862047008e-01 9.649558232890376175e-01 7.251806318759918213e+00
9.999132709980013134e-01 -1.934778869888863424e-04 -1.316863882050650809e-02 -1.764487946173176169e+00 3.832229173629425438e-03 9.609001187065990823e-01 2.768686979223268785e-01 -1.891032606363296509e-01 1.260017863518165387e-02 -2.768951506183363054e-01 9.608175222498860357e-01 7.743136316537857056e+00
9.999377643644662417e-01 -1.080592458734557729e-03 -1.110404060382247197e-02 -1.950942465802654624e+00 4.260666098896886099e-03 9.568459093905090640e-01 2.905645408632021032e-01 -2.029125988483428955e-01 1.031087397784120549e-02 -2.905937680036993487e-01 9.567909635208858843e-01 8.234268009662628174e+00
9.999581371493816428e-01 -1.679582459590568070e-03 -8.994606800736364843e-03 -2.141296500107273459e+00 4.329839765602070713e-03 9.528421979990050472e-01 3.034353278707493384e-01 -2.163171013817191124e-01 8.060796259838612712e-03 -3.034615704091481181e-01 9.528095816313304489e-01 8.716026067733764648e+00
9.999749403218496369e-01 -2.429985886462425124e-03 -6.649353119271191222e-03 -2.354774201055988669e+00 4.410230526098529551e-03 9.485503497439707887e-01 3.165956156792089637e-01 -2.301835948601365089e-01 5.537923349039491037e-03 -3.166170070750816690e-01 9.485372961754313659e-01 9.237623393535614014e+00
9.999837547983150277e-01 -3.555040428261513688e-03 -4.455538914278537634e-03 -2.579037079354748130e+00 4.824022328070871543e-03 9.442109096194560847e-01 3.293060688237883227e-01 -2.438529012724757195e-01 3.036272063155385885e-03 -3.293222127994903103e-01 9.442127203171993832e-01 9.768568694591522217e+00
9.999848856698250188e-01 -5.095417837096724058e-03 -2.065223710043615196e-03 -2.811941841384395957e+00 5.494463908973927155e-03 9.396971675710508176e-01 3.419635128567043436e-01 -2.574698533862829208e-01 1.982378876822561578e-04 -3.419696916044019930e-01 9.397109612672027712e-01 1.030153298377990723e+01
9.999787420310063402e-01 -6.517556477485076522e-03 1.922073068267253070e-04 -3.075212338706478477e+00 6.023588283754256062e-03 9.346726746959135301e-01 3.554584470243670746e-01 -2.715347306802868843e-01 -2.496371421448282790e-03 -3.554497329220402402e-01 9.346920645300121899e-01 1.088596564531326294e+01
9.999652413094797243e-01 -7.953191431914802614e-03 2.502582450459070809e-03 -3.344309994718059897e+00 6.467462524266950376e-03 9.293325106878609354e-01 3.691872919089904115e-01 -2.850738288834691048e-01 -5.261948438670919700e-03 -3.691582740839546850e-01 9.293516452742656142e-01 1.145715582370758057e+01
9.999411694580198073e-01 -9.663308302669726749e-03 4.927280748560304048e-03 -3.616141447564586997e+00 7.038991944696505569e-03 9.236992684769915751e-01 3.830536698786125016e-01 -2.983328215777873993e-01 -8.252891331532022368e-03 -3.829964515341076625e-01 9.237129466977020975e-01 1.200890988111495972e+01
9.999036033137562729e-01 -1.194705891794227252e-02 7.074734155965932067e-03 -3.910366603871807456e+00 8.163200790130997753e-03 9.180042406743077477e-01 3.964865398179964195e-01 -3.119617644697427750e-01 -1.123148400819676263e-02 -3.963905673539657726e-01 9.180132743483477853e-01 1.259263974428176880e+01
9.998553947619582827e-01 -1.442859027477852614e-02 9.000297111259854613e-03 -4.241527715465053916e+00 9.460966112417512272e-03 9.117552987126689157e-01 4.106248475063234982e-01 -3.257670449092984200e-01 -1.413080626249165438e-02 -4.104803174965327428e-01 9.117599625243025807e-01 1.322980564832687378e+01
9.998112510406740316e-01 -1.614858084294440096e-02 1.080211225830054675e-02 -4.553106764098629355e+00 1.007299347640807502e-02 9.062920349360239491e-01 4.225319895746889043e-01 -3.388320710510015488e-01 -1.661316029255957560e-02 -4.223434274950654821e-01 9.062836378070686649e-01 1.381283009052276611e+01
9.997569126775156523e-01 -1.780512578048386654e-02 1.300357833303739108e-02 -4.851959714433178306e+00 1.042855867275837428e-02 9.015166045889306812e-01 4.326188354827541493e-01 -3.511899514123797417e-01 -1.942577456708295333e-02 -4.323780627487785466e-01 9.014831391302237096e-01 1.436269026994705200e+01
9.996832762649887627e-01 -1.983143625658842155e-02 1.549391145253979987e-02 -5.158761838218197227e+00 1.095317838022001437e-02 8.971479668278998787e-01 4.415943313720599450e-01 -3.637082036584615707e-01 -2.265778099173338181e-02 -4.412847603901209337e-01 8.970810360318426380e-01 1.492189896106719971e+01
9.995505370512761667e-01 -2.270323971421386866e-02 1.957771148485821025e-02 -5.469971427461132407e+00 1.146941840166139370e-02 8.929754399075227056e-01 4.499592383355339176e-01 -3.768854849040508270e-01 -2.769794797513053589e-02 -4.495324533650992271e-01 8.928344734885195200e-01 1.548535078763961792e+01
9.993735107788556116e-01 -2.644059849942469176e-02 2.352617063052674790e-02 -5.812647739192470908e+00 1.271492988608853222e-02 8.885827100245892174e-01 4.585401814490728811e-01 -3.912887517362833023e-01 -3.302902528892263934e-02 -4.579537773578781779e-01 8.883622128907299187e-01 1.609589469432830811e+01
9.991394446232136906e-01 -3.062343614738012240e-02 2.797454837068274330e-02 -6.154351005097851157e+00 1.404922534197832959e-02 8.844526524397104961e-01 4.664184010731684538e-01 -4.056506315246224403e-01 -3.902549763048063919e-02 -4.656240014763930457e-01 8.841217675093206996e-01 1.669500631093978882e+01
9.988611278983969832e-01 -3.533169215566391713e-02 3.206429015212181044e-02 -6.520867088576778769e+00 1.587676394529932353e-02 8.798731063162084087e-01 4.749434125746892499e-01 -4.200996654108166695e-01 -4.499306102242103117e-02 -4.738934356064490316e-01 8.794319963186175704e-01 1.732366526126861572e+01
9.986193838550134760e-01 -3.934043696565767828e-02 3.480885244279369878e-02 -6.908829072257503867e+00 1.764618805261563075e-02 8.753859909591827915e-01 4.831024517425069886e-01 -4.344539539888501167e-01 -4.947664334051771196e-02 -4.818212291418474957e-01 8.748716276757376731e-01 1.797511762380599976e+01
9.984224287628200578e-01 -4.261547099659901416e-02 3.655920369879181453e-02 -7.326760092517361045e+00 1.913132746035835913e-02 8.703514994324473841e-01 4.920592034961799865e-01 -4.490593764930963516e-01 -5.278869247250080055e-02 -4.905835189521031703e-01 8.697937484712195966e-01 1.865849006175994873e+01
9.982877889319341502e-01 -4.491229822486221546e-02 3.747500417012734203e-02 -7.760888108750805259e+00 2.016203844772800763e-02 8.656118557794665325e-01 5.003095115422657724e-01 -4.637961592525243759e-01 -5.490885789216854579e-02 -4.986973035842375279e-01 8.650352690629373731e-01 1.935779792070388794e+01
9.982040741578531717e-01 -4.637032798699024239e-02 3.792649492165038605e-02 -8.206866243621334434e+00 2.070559598867181134e-02 8.611551702760626981e-01 5.079203195399445425e-01 -4.786188453435897827e-01 -5.621302900055218099e-02 -5.062228416312172241e-01 8.605687247288263952e-01 2.006592804193496704e+01
9.981691066141582525e-01 -4.716842703576355766e-02 3.786256848214305387e-02 -8.664618829032406211e+00 2.098177244715475689e-02 8.571364535467717038e-01 5.146618940879912341e-01 -4.934383323416113853e-01 -5.672917967033316161e-02 -5.129251792340036031e-01 8.565568052859636738e-01 2.078593367338180542e+01
9.981764770630423556e-01 -4.745377682963251159e-02 3.730763598269234982e-02 -9.128751763841137290e+00 2.107707712683139223e-02 8.531469978746342164e-01 5.212446228377694002e-01 -5.078069744631648064e-01 -5.656392364222313784e-02 -5.195077853912318799e-01 8.525914516696109224e-01 2.150626885890960693e+01
9.982354875408225858e-01 -4.733893615657987913e-02 3.584601146152224804e-02 -9.601855376502498984e+00 2.131271481986527633e-02 8.490925180560600083e-01 5.278140429812629986e-01 -5.223476001992821693e-01 -5.542273541736662812e-02 -5.261187327065847130e-01 8.486032049751367490e-01 2.222974151372909546e+01
9.983293998356103094e-01 -4.695478366764010286e-02 3.366983389616117622e-02 -1.008329860283993185e+01 2.170390358079172730e-02 8.448154339659690315e-01 5.346174549172961754e-01 -5.368992071598768234e-01 -5.354764227513347796e-02 -5.329935560807622652e-01 8.444231872604859301e-01 2.295394611358642578e+01
9.984896227955669668e-01 -4.575905309797410891e-02 3.040694376525038267e-02 -1.057961476757191122e+01 2.198667214213700580e-02 8.400075639617814449e-01 5.421290240663265703e-01 -5.512978937476873398e-01 -5.034937355797478031e-02 -5.406416572431043122e-01 8.397449249836220764e-01 2.368299108743667603e+01
9.987148108131680413e-01 -4.369782585288560506e-02 2.567540998988785891e-02 -1.109207118465565145e+01 2.232068047183190240e-02 8.340386377117048333e-01 5.512543315269985422e-01 -5.657735280692577362e-01 -4.550289975037121598e-02 -5.499727727985581627e-01 8.339421054812936607e-01 2.441103935241699219e+01
9.989435759099988266e-01 -4.120170103721822186e-02 2.035072430612879998e-02 -1.162224544002674520e+01 2.265085036686074332e-02 8.267897577163735301e-01 5.620548331906403128e-01 -5.802521184086799622e-01 -3.998338562206125990e-02 -5.610001037138407920e-01 8.268495706640098808e-01 2.513610965013504028e+01
9.991543454270019886e-01 -3.845753875779331366e-02 1.454688031957269805e-02 -1.216987884952686727e+01 2.315641579869440886e-02 8.186659335809441940e-01 5.738029884911708400e-01 -5.949364826083183289e-01 -3.397608602675009082e-02 -5.729808957606995490e-01 8.188641637485237768e-01 2.585724097490310669e+01
9.992920398602050946e-01 -3.641912467535801667e-02 9.437501253573432267e-03 -1.273206932260654867e+01 2.399184103890689146e-02 8.101043880897202953e-01 5.857945646396385264e-01 -6.097788373008370399e-01 -2.897948646188014052e-02 -5.851534224078848156e-01 8.104046283238670600e-01 2.657274729013442993e+01
9.993547354580405440e-01 -3.549637106972733380e-02 5.488201751936565807e-03 -1.331823349907062948e+01 2.519680017473480138e-02 8.017146789494405956e-01 5.971755979759637567e-01 -6.252894066274166107e-01 -2.559753852510470232e-02 -5.966519766144042780e-01 8.020917558631182054e-01 2.730229485034942627e+01
9.993522100310896494e-01 -3.587403098193395201e-02 2.866043803578470234e-03 -1.392977333976887167e+01 2.676945067784403109e-02 7.942210359204334713e-01 6.070389959565033466e-01 -6.417699083685874939e-01 -2.405320802685711676e-02 -6.065690397659450062e-01 7.946668756032529979e-01 2.805337899923324585e+01
9.993170166136391419e-01 -3.694822649691394123e-02 5.734676523332169883e-04 -1.455428988649509847e+01 2.875141188652077448e-02 7.871841545183750899e-01 6.160474520600850434e-01 -6.586885098367929459e-01 -2.321328544060831389e-02 -6.156102138804422363e-01 7.877088344973217637e-01 2.880815148353576660e+01
9.992655791017485134e-01 -3.827575785767575040e-02 -1.807977562885583521e-03 -1.518865169002674520e+01 3.103600066720617681e-02 7.807805594822037065e-01 6.240340412166969219e-01 -6.762985885143280029e-01 -2.247374212347606412e-02 -6.236318499684549987e-01 7.813950643687800346e-01 2.956413704156875610e+01
9.992185979543288799e-01 -3.928829071140814422e-02 -4.315520265402620660e-03 -1.582994879200123250e+01 3.318813399864316976e-02 7.747145517862689124e-01 6.314395545198989712e-01 -6.941766459494829178e-01 -2.146488443652389694e-02 -6.310893704251215874e-01 7.754130933073998255e-01 3.031645095348358154e+01
9.992159976618663064e-01 -3.869598268315633388e-02 -8.367254076815407518e-03 -1.647251755907200277e+01 3.509617782815989406e-02 7.679788212069332820e-01 6.395129306585313200e-01 -7.120535653084516525e-01 -1.832070736776547984e-02 -6.393052096626415937e-01 7.687348051049532893e-01 3.105214250087738037e+01
9.992374103649921402e-01 -3.650579238169897323e-02 -1.385369444042265641e-02 -1.711714769317768514e+01 3.675954067697462246e-02 7.598857941548988748e-01 6.490164219885322661e-01 -7.298654709011316299e-01 -1.316563315158660388e-02 -6.490307442364829926e-01 7.606482492844869325e-01 3.176646518707275391e+01
9.992323015485031767e-01 -3.464735079055202699e-02 -1.828574924026482237e-02 -1.776829386665485799e+01 3.811093284464443787e-02 7.515451752503760074e-01 6.585798405323326499e-01 -7.470992114394903183e-01 -9.075480141150286256e-03 -6.587711367698786402e-01 7.522886580423298053e-01 3.246942633390426636e+01
9.992074344029631128e-01 -3.374535915675307141e-02 -2.111288159465361108e-02 -1.842947156145237386e+01 3.922269618045726852e-02 7.442150911013687420e-01 6.667874311062836901e-01 -7.645940855145454407e-01 -6.788456244512739053e-03 -6.670870624681333183e-01 7.449488357930718063e-01 3.317157447338104248e+01
9.991848980564419502e-01 -3.302194627264035814e-02 -2.321832380480071817e-02 -1.910677511407993734e+01 4.003907451144950863e-02 7.374877578108228748e-01 6.741725888757504892e-01 -7.825774792581796646e-01 -5.139261445413754494e-03 -6.745527096851156035e-01 7.382087982734042431e-01 3.387958502769470215e+01
9.991663324653919931e-01 -3.181152911084169504e-02 -2.558645507466606947e-02 -1.980998421623371542e+01 4.071624399034727559e-02 7.308991421707586866e-01 6.812698668291204962e-01 -8.009407166391611099e-01 -2.971118135709726899e-03 -6.817436986065064097e-01 7.315850612658411078e-01 3.460301947593688965e+01
9.991412732198227120e-01 -3.121828610710830620e-02 -2.724215045121188700e-02 -2.053356100036762655e+01 4.139886527299783264e-02 7.253971072986755697e-01 6.870845440532206139e-01 -8.195330705493688583e-01 -1.688224742121086260e-03 -6.876223202712725691e-01 7.260665909969771237e-01 3.534133571386337280e+01
9.991067619326171600e-01 -3.117437209387886182e-02 -2.852782475186364103e-02 -2.127402556850574911e+01 4.224460497400905207e-02 7.203095285984737473e-01 6.923652044700359109e-01 -8.383995220065116882e-01 -1.035186510048647420e-03 -6.929519042002821871e-01 7.209830697416497181e-01 3.608860909938812256e+01
9.990522092350786476e-01 -3.182150706651238475e-02 -2.969974596734002367e-02 -2.203496069624088705e+01 4.351584905567020684e-02 7.140691623243412556e-01 6.987214053529330338e-01 -8.575039040297269821e-01 -1.026695413817598889e-03 -6.993515733201931539e-01 7.147771140650054367e-01 3.684141373634338379e+01
9.990169589772813774e-01 -3.186463596411744786e-02 -3.081818701122704396e-02 -2.281516987993381917e+01 4.432501341766738323e-02 7.080021496223480870e-01 7.048178837938616770e-01 -8.765688594430685043e-01 -6.394226366787630466e-04 -7.054910354533274752e-01 7.087185548817550584e-01 3.759795963764190674e+01
9.990075539804185167e-01 -3.091839050236184008e-02 -3.206181870706734105e-02 -2.359612871124409139e+01 4.453729039893742497e-02 7.027864976991126111e-01 7.100053298502314592e-01 -8.948309551924467087e-01 5.803912319360643012e-04 -7.107286344172145665e-01 7.034660413733269113e-01 3.834569507837295532e+01
9.990008284070756028e-01 -2.957315346001730336e-02 -3.350781157292834211e-02 -2.438893527700565755e+01 4.463449787960638987e-02 6.981183211568227076e-01 7.145897923033989185e-01 -9.128437098115682602e-01 2.259743572181577113e-03 -7.153713988269377877e-01 6.987407640172271783e-01 3.909537756443023682e+01
9.989848104837921738e-01 -2.830159536338166040e-02 -3.504808300819450134e-02 -2.520530415489338338e+01 4.487180742259734567e-02 6.939533601463164780e-01 7.186203829841357749e-01 -9.308660347014665604e-01 3.983631671128223806e-03 -7.194635179364720079e-01 6.945188097072567679e-01 3.986049425601959229e+01
9.989678218353691408e-01 -2.752758731594963371e-02 -3.613202006615329198e-02 -2.603494656994007528e+01 4.513893994724023362e-02 6.904960228412456713e-01 7.219263941295269715e-01 -9.492778908461332321e-01 5.076124302809706564e-03 -7.228121985529744054e-01 6.910258740344515926e-01 4.063422071933746338e+01
9.989353231811639588e-01 -2.714815483748924535e-02 -3.729876391870467350e-02 -2.688873440935276449e+01 4.574767034184291925e-02 6.871801851815627638e-01 7.250452011786073792e-01 -9.685447346419095993e-01 5.947332110923495702e-03 -7.259795939162152489e-01 6.876905252059313245e-01 4.142463910579681396e+01
9.988939368564750954e-01 -2.582549002519636192e-02 -3.929309069455993314e-02 -2.776388175203464925e+01 4.632965709034066182e-02 6.832725380458565256e-01 7.286921171703898414e-01 -9.881429690867662430e-01 8.029058803114870121e-03 -7.297065730945090367e-01 6.837132815715986078e-01 4.222534137964248657e+01
9.988230325089738626e-01 -2.376210262685294131e-02 -4.228371091009242022e-02 -2.865988005115650594e+01 4.717606711372122202e-02 6.784711582580650324e-01 7.331107052169143490e-01 -1.007690535858273506e+00 1.126802650241073150e-02 -7.342426369332625269e-01 6.787936223094840349e-01 4.303332734107971191e+01
9.987251313972931310e-01 -2.092526560768571617e-02 -4.593740496270272422e-02 -2.956752277328632772e+01 4.805910153848396565e-02 6.725379746789423852e-01 7.385005046538966056e-01 -1.026846664026379585e+00 1.544133008432976156e-02 -7.397667239569472031e-01 6.726862265954556275e-01 4.383496290445327759e+01
9.986237221465608105e-01 -1.893037348278682822e-02 -4.891116974629278885e-02 -3.048293734504841268e+01 4.910136516111207605e-02 6.651965489431376222e-01 7.450520835575556999e-01 -1.045962868258357048e+00 1.843142711413293250e-02 -7.464282900814666055e-01 6.652105608456575503e-01 4.462405312061309814e+01
9.985430139161315388e-01 -1.889147580380802841e-02 -5.054662700163476546e-02 -3.139565295889042318e+01 5.049334279872658843e-02 6.575133930431774631e-01 7.517490008652212286e-01 -1.065032497048377991e+00 1.903343616635057994e-02 -7.532059811969115115e-01 6.575092989432919088e-01 4.539123696088790894e+01
9.984743394355204416e-01 -1.967434535574870413e-02 -5.159373628284655983e-02 -3.230028338148258626e+01 5.199698360850325829e-02 6.494548178829351315e-01 7.586202958162012733e-01 -1.083678763359785080e+00 1.858244290770810422e-02 -7.601456174072612759e-01 6.494869768918507535e-01 4.613068795204162598e+01
9.984015822374342486e-01 -1.953124901991861936e-02 -5.303593967782309349e-02 -3.321156180812977254e+01 5.321036164146424746e-02 6.411420835864205525e-01 7.655752647966417301e-01 -1.101701404899358749e+00 1.905093172976986271e-02 -7.671736172250616104e-01 6.411565355153469037e-01 4.685629576444625854e+01
9.982542857418262860e-01 -1.602003634922473732e-02 -5.684838989316838564e-02 -3.414081097557209432e+01 5.418891782327194678e-02 6.312836123744816064e-01 7.736566175846800730e-01 -1.118490785360336304e+00 2.349344979390747407e-02 -7.753865869247383857e-01 6.310496800046619947e-01 4.757064241170883179e+01
9.980633308459185837e-01 -1.124565140979725229e-02 -6.118106688445298230e-02 -3.508661360456608236e+01 5.491546147711248715e-02 6.212934792644396742e-01 7.816512679668874419e-01 -1.135057292878627777e+00 2.922122022617055365e-02 -7.834972545885890982e-01 6.207077994842961077e-01 4.827816063165664673e+01
9.979625194882084660e-01 -1.013496942870529410e-02 -6.299279396428185407e-02 -3.604850883199833333e+01 5.601137434167835494e-02 6.119635483988401514e-01 7.889000832649575301e-01 -1.152965389192104340e+00 3.055381549174555553e-02 -7.908210276831159069e-01 6.112843581616632660e-01 4.898405230045318604e+01
9.979308426898891859e-01 -1.179835978498452141e-02 -6.320468269544425588e-02 -3.700619871332310140e+01 5.751828615294141828e-02 6.031353428982391129e-01 7.955623199379493471e-01 -1.171569406986236572e+00 2.873464748828627111e-02 -7.975516013734833543e-01 6.025659824287430411e-01 4.967370116710662842e+01
9.979863880871024939e-01 -1.577185811593541376e-02 -6.143628963756005840e-02 -3.794792855693958700e+01 5.875977221163929121e-02 5.946172035763648278e-01 8.018588843310650027e-01 -1.190232429653406143e+00 2.388427018972173743e-02 -8.038542341137445701e-01 5.943466260818762725e-01 5.033869814872741699e+01
9.980107808751792486e-01 -1.782425472208829659e-02 -6.047129236685071935e-02 -3.886335075809620321e+01 5.938815944852823131e-02 5.876754975937237280e-01 8.069142185172383241e-01 -1.208381872624158859e+00 2.115485226209846623e-02 -8.089003680748151348e-01 5.875650319362082374e-01 5.097682881355285645e+01
9.979400054695445332e-01 -1.592097471075483439e-02 -6.214714834732815857e-02 -3.977975417091511190e+01 5.982107885659398994e-02 5.809024655526425773e-01 8.117719901790736436e-01 -1.225360170006752014e+00 2.317723037548861248e-02 -8.138174537813257503e-01 5.806582195345219022e-01 5.160280066728591919e+01
9.977772190703138033e-01 -1.170645441739600473e-02 -6.560167703103736425e-02 -4.070007611229084432e+01 6.044414923197628797e-02 5.734601121533511314e-01 8.170006148055756201e-01 -1.241757648065686226e+00 2.805576461146061865e-02 -8.191498389757758680e-01 5.728930226299033812e-01 5.221577197313308716e+01
9.976290818782654890e-01 -7.985902188423899331e-03 -6.835525112942096582e-02 -4.164369071437977254e+01 6.087448433976107298e-02 5.657043456221878541e-01 8.223581278862271970e-01 -1.258582683280110359e+00 3.210159103685460147e-02 -8.245694747626843846e-01 5.648492446153162705e-01 5.283199751377105713e+01
9.975633934836729555e-01 -6.241381508684585612e-03 -6.948612191079382716e-02 -4.262165422155521810e+01 6.111812105330465678e-02 5.584753060916436418e-01 8.272665276467787709e-01 -1.276633260771632195e+00 3.364299719484353801e-02 -8.294976658452439811e-01 5.574959830322007148e-01 5.346132910251617432e+01
9.975336736972657548e-01 -5.911735869840898522e-03 -6.994012595815332634e-02 -4.362670929147861898e+01 6.161350461391878336e-02 5.510476257388098320e-01 8.321960647688808610e-01 -1.296253018081188202e+00 3.362061702627905380e-02 -8.344528539987300375e-01 5.500528052506835630e-01 5.409708082675933838e+01
9.975259014131662161e-01 -6.088578842269314062e-03 -7.003574242864644972e-02 -4.463596696569584310e+01 6.206745858827331791e-02 5.440824505371963937e-01 8.367328830647401405e-01 -1.315994739532470703e+00 3.301070423731088110e-02 -8.390096639640813869e-01 5.431142395303553139e-01 5.472674000263214111e+01
9.975007623963549896e-01 -5.582516054852780345e-03 -7.043482471894188524e-02 -4.564548296644352376e+01 6.241890212302089735e-02 5.367357789423178316e-01 8.414384019409503201e-01 -1.335597030818462372e+00 3.310754712218186985e-02 -8.437319118758521697e-01 5.357428032235914683e-01 5.534316426515579224e+01
9.974559794990384143e-01 -4.823696423736919398e-03 -7.112173306680151519e-02 -4.666083056642673910e+01 6.291004739637642840e-02 5.287757567000674896e-01 8.464269165514862747e-01 -1.355437580496072769e+00 3.352454172989410841e-02 -8.487478607213585491e-01 5.277339993052539979e-01 5.594731807708740234e+01
9.974254032501368439e-01 -3.827128806263312144e-03 -7.160948286646257044e-02 -4.768114537908695638e+01 6.313588741115100378e-02 5.203972514580502695e-01 8.515870832720006112e-01 -1.375081365928053856e+00 3.400624460460743848e-02 -8.539157181830108190e-01 5.192990675592288330e-01 5.653773170709609985e+01
9.974100229106391824e-01 -3.654219727234319422e-03 -7.183239433280240449e-02 -4.871617061807774007e+01 6.358549896360979337e-02 5.115884344214757240e-01 8.568746454924034417e-01 -1.395107509568333626e+00 3.361741392413921531e-02 -8.592228584275259928e-01 5.104957874818210062e-01 5.711954605579376221e+01
9.973853716652657520e-01 -3.644495239287584738e-03 -7.217435862264601210e-02 -4.976896602823399007e+01 6.422596473808127315e-02 5.025315796277620706e-01 8.621699582624582359e-01 -1.415419118478894234e+00 3.312772013891458062e-02 -8.645511720721202886e-01 5.014517175432950946e-01 5.769532060623168945e+01
9.973390550822259781e-01 -3.681007269751547517e-03 -7.280974792685750152e-02 -5.083551759435795248e+01 6.513808244605111264e-02 4.934986308974845248e-01 8.673039441381319437e-01 -1.435945620760321617e+00 3.273895879443848578e-02 -8.697387834791480143e-01 4.924252319786910359e-01 5.826520609855651855e+01
9.972789834786837115e-01 -3.411427381394078508e-03 -7.364096193657977685e-02 -5.189752835943363607e+01 6.605894100287899862e-02 4.847713195594626767e-01 8.721427543964093143e-01 -1.456110702827572823e+00 3.272377461879157762e-02 -8.746342835127141058e-01 4.836776040700041523e-01 5.882271832227706909e+01
9.972134355032935549e-01 -3.621903436832280086e-03 -7.451339387796558633e-02 -5.295386035158298910e+01 6.725424320658655863e-02 4.758844471526494924e-01 8.769326426407710873e-01 -1.476434968411922455e+00 3.228359989883224784e-02 -8.795003551868022518e-01 4.748019528222907071e-01 5.936598116159439087e+01
9.970959596033928118e-01 -3.562615381233594052e-03 -7.607203897776453061e-02 -5.401439065649174154e+01 6.895445258797211485e-02 4.662357774060205129e-01 8.819690943195779287e-01 -1.497517103329300880e+00 3.232538957046355438e-02 -8.846533262460776204e-01 4.651274680674843398e-01 5.989779442548751831e+01
9.969179004098926988e-01 -3.110991214394086268e-03 -7.839018800841912604e-02 -5.509276253893040121e+01 7.120541671460703381e-02 4.553185238789140277e-01 8.874766647316569834e-01 -1.519740896299481392e+00 3.293157258362399559e-02 -8.903231792705336156e-01 4.541367062689150025e-01 6.042098587751388550e+01
9.967277084429527756e-01 -2.352280857888517599e-03 -8.079815589990917146e-02 -5.618731016828678548e+01 7.342618931556821327e-02 4.443254874235318952e-01 8.928513067406212977e-01 -1.542477423325181007e+00 3.380044296536294929e-02 -8.958623376393308746e-01 4.430442439020496614e-01 6.093521374464035034e+01
9.965294520417754542e-01 -1.687626416265527703e-03 -8.322381348146534741e-02 -5.728676624014042318e+01 7.576553214860820562e-02 4.324825249400551797e-01 8.984533653783666196e-01 -1.564982390031218529e+00 3.447659135640913919e-02 -9.016407364014525916e-01 4.311094375096531373e-01 6.143175098299980164e+01
9.963629273003185016e-01 -1.602597153342123163e-03 -8.519594347094545939e-02 -5.841191239072941244e+01 7.797381736508714190e-02 4.203771763874147305e-01 9.039928724155188444e-01 -1.587815534323453903e+00 3.436569375200317078e-02 -9.073480375549993759e-01 4.189731946533513662e-01 6.192213499546051025e+01
9.962109835632758648e-01 -8.688727284245977922e-04 -8.696505785700631153e-02 -5.956048328592441976e+01 7.972606530822279325e-02 4.086478746586815203e-01 9.092033155721614968e-01 -1.610724771395325661e+00 3.474810409734102601e-02 -9.126917111473754618e-01 4.071687729486582752e-01 6.240607562661170959e+01
9.960758165115300988e-01 3.478572387272655221e-04 -8.850337143990705258e-02 -6.073815996362827718e+01 8.107870816232339017e-02 3.973565370856113610e-01 9.140755031823464272e-01 -1.633612222969532013e+00 3.548536097628830766e-02 -9.176642422099013929e-01 3.957690333082035106e-01 6.288734740018844604e+01
9.959922591767407241e-01 1.463769641949900753e-03 -8.942749598667817934e-02 -6.193204326345585287e+01 8.188599005653167395e-02 3.872346639027162696e-01 9.183376283832717091e-01 -1.655566250905394554e+00 3.597366109355053937e-02 -9.219800282276106040e-01 3.855628655056664855e-01 6.336261346936225891e+01
9.959515878399831657e-01 2.238930302363342350e-03 -8.986335109552373579e-02 -6.312663025571964681e+01 8.236769668317125981e-02 3.776292181820907756e-01 9.222861465501321909e-01 -1.677501771599054337e+00 3.599996141838637115e-02 -9.259541893453930861e-01 3.759160039311849610e-01 6.382473361492156982e+01
9.959588226967844848e-01 1.707276767741231892e-03 -8.979481442975036087e-02 -6.431906611635349691e+01 8.285620794717529769e-02 3.683137245994885234e-01 9.260020783325848548e-01 -1.699285885319113731e+00 3.465360438755857309e-02 -9.296999975678661432e-01 3.666838450562829310e-01 6.427446356415748596e+01
9.959578341217807385e-01 7.027381519491850657e-04 -8.981925634595984420e-02 -6.551326496317051351e+01 8.356311473403731094e-02 3.594911396398033920e-01 9.293994439294771537e-01 -1.720817113295197487e+00 3.294235127305834843e-02 -9.331482340333527858e-01 3.579792938328099083e-01 6.471371650695800781e+01
9.959276391801930028e-01 1.992680860771429486e-04 -9.015596380271900800e-02 -6.670201737596653402e+01 8.436938405709699940e-02 3.504344056955840947e-01 9.327794671510565294e-01 -1.741524904966354370e+00 3.177962477426966859e-02 -9.365872557306194057e-01 3.489904982262324595e-01 6.513668826222419739e+01
9.958697235133319170e-01 7.519910496875212725e-04 -9.079057384409915110e-02 -6.790878433897159994e+01 8.507369674789375114e-02 3.415884784224361148e-01 9.359913341108946350e-01 -1.762006610631942749e+00 3.171687108034212943e-02 -9.398493208586714553e-01 3.401136489033729782e-01 6.555256608128547668e+01
9.957972784273531053e-01 1.720275304033796679e-03 -9.156866783761152817e-02 -6.913185376836918294e+01 8.575900656134832767e-02 3.333877862404330261e-01 9.388812367809434845e-01 -1.782615398988127708e+00 3.214300966442180940e-02 -9.427882183388704984e-01 3.318391210980574102e-01 6.596328583359718323e+01
9.957464802529982784e-01 2.347623069462000025e-03 -9.210556839675387852e-02 -7.037065131380222738e+01 8.630406264879479650e-02 3.262314335209953731e-01 9.413419466661141488e-01 -1.803330719470977783e+00 3.225764768358474477e-02 -9.452870148525051031e-01 3.246411922679585671e-01 6.637137466669082642e+01
9.956896170114576394e-01 2.631388569078923871e-03 -9.271063784580176048e-02 -7.160422928049229085e+01 8.701434612453902429e-02 3.195041589935007642e-01 9.435812609173492849e-01 -1.824387224391102791e+00 3.210436331864890275e-02 -9.475812198329250924e-01 3.178980051460686407e-01 6.676981437206268311e+01
9.956189682357518000e-01 2.673320680589142632e-03 -9.346509212382929366e-02 -7.282576734735630453e+01 8.792743703252921261e-02 3.132544828957665728e-01 9.455899717967596319e-01 -1.845514578744769096e+00 3.180622432901730745e-02 -9.496654580968210135e-01 3.116470468200968069e-01 6.715743061900138855e+01
9.955256541104716694e-01 3.322369719389555668e-03 -9.443322438297392651e-02 -7.406601412012241781e+01 8.885632745315918957e-02 3.070503380128956072e-01 9.475360906043122089e-01 -1.866885703057050705e+00 3.214381868189228331e-02 -9.516874759003683959e-01 3.053812750234227713e-01 6.754252514243125916e+01
9.954246952575087626e-01 3.665511538004855279e-03 -9.547900343353304953e-02 -7.530870921327732503e+01 8.995181452335650196e-02 3.010453710767413971e-01 9.493578648840608203e-01 -1.888367395848035812e+00 3.222339422611360249e-02 -9.536027729502635220e-01 2.993382773487491266e-01 6.792030704021453857e+01
9.953269977864321882e-01 3.182867750341361341e-03 -9.650925774417427883e-02 -7.655774755193851888e+01 9.129845849555121018e-02 2.944451627450395126e-01 9.512973444787824473e-01 -1.910257214680314064e+00 3.144453774161325849e-02 -9.556630763448649146e-01 2.927786289285562726e-01 6.828974437713623047e+01
9.952171748363189963e-01 2.759593881482465434e-03 -9.764814157179331489e-02 -7.781752712442539632e+01 9.273986342026205310e-02 2.873865984590682210e-01 9.533143556869986268e-01 -1.932545719668269157e+00 3.069352771525045431e-02 -9.578106951103311228e-01 2.857561542445894442e-01 6.865214061737060547e+01
9.950906173516772535e-01 3.096257100267884102e-03 -9.891954534179268899e-02 -7.913185543729923666e+01 9.413730909714669581e-02 2.788442127724952702e-01 9.557112911539947797e-01 -1.955908032134175301e+00 3.054227061968707232e-02 -9.603313585399867458e-01 2.771837865210325935e-01 6.901634249091148376e+01
9.949530258864609511e-01 3.294077091255682987e-03 -1.002877127842305705e-01 -8.044721777155064046e+01 9.572111017135966071e-02 2.686435395658811065e-01 9.584717615647720956e-01 -1.979440843686461449e+00 3.009892600970816290e-02 -9.632340305998494667e-01 2.669723898597575751e-01 6.936303871870040894e+01
9.948249938201946252e-01 4.336162118155061432e-03 -1.015107352388648909e-01 -8.177453465177677572e+01 9.701149869908715084e-02 2.564194732123170617e-01 9.616848875165268096e-01 -2.003656910732388496e+00 3.019935083419610436e-02 -9.665558708401718047e-01 2.546718432681364663e-01 6.969214200973510742e+01
9.947097250504226551e-01 6.324329691127831242e-03 -1.025308038789825016e-01 -8.312793500139378011e+01 9.792195820073437695e-02 2.432731251167918607e-01 9.650023195298773615e-01 -2.027889752760529518e+00 3.104598190178698564e-02 -9.699372090243097988e-01 2.413668526494188171e-01 7.000572219491004944e+01
9.946352213841114231e-01 7.862021409316676326e-03 -1.031453586039572795e-01 -8.448982519819401205e+01 9.859819503855893341e-02 2.295697151640241906e-01 9.682851552175355536e-01 -2.052373591810464859e+00 3.129172921584539441e-02 -9.732604659076973252e-01 2.275629433449434802e-01 7.030056482553482056e+01
9.945836286807162585e-01 8.869215232171099791e-03 -1.035603330501819047e-01 -8.586150045110844076e+01 9.922481116133882728e-02 2.156553516512621782e-01 9.714150534936994985e-01 -2.076824186369776726e+00 3.094902923026543115e-02 -9.764292633495454954e-01 2.136072359831668044e-01 7.057755780220031738e+01
9.945271251026820414e-01 9.413421518159640136e-03 -1.040537598086474363e-01 -8.722992486669681966e+01 1.000428710003587879e-01 2.013155416657199659e-01 9.744041649366259605e-01 -2.101260304450988770e+00 3.012011615183138660e-02 -9.794812097121410321e-01 1.992720211766844107e-01 7.083366703987121582e+01
9.944677963356008954e-01 9.628025693546057515e-03 -1.045997283584343407e-01 -8.858936948492191732e+01 1.009730405510393114e-01 1.868468024826268059e-01 9.771861222325541885e-01 -2.125600485131144524e+00 2.895249787655646695e-02 -9.823418821995031358e-01 1.848409568884702703e-01 7.106706349551677704e+01
9.943799197868733453e-01 1.088049311724696017e-02 -1.053099710102367303e-01 -8.995049090101383626e+01 1.018566570182516257e-01 1.729800245112383672e-01 9.796443908588245986e-01 -2.149562949314713478e+00 2.887553541871758916e-02 -9.848652323996501812e-01 1.708996122425837372e-01 7.128114348649978638e+01
9.942613823801775830e-01 1.267698473163706395e-02 -1.062242795483781532e-01 -9.130876118852756917e+01 1.028751693734870770e-01 1.590538462205784986e-01 9.818953984660570011e-01 -2.173190334811806679e+00 2.934285319859837940e-02 -9.871885169817133932e-01 1.568369500647442960e-01 7.147318960726261139e+01
9.941179761531341308e-01 1.400986442678835674e-02 -1.073926123527107618e-01 -9.265505547239445150e+01 1.042195008117444560e-01 1.459579728479498961e-01 9.837858333055360394e-01 -2.196158545091748238e+00 2.945751414745293589e-02 -9.891915860240927394e-01 1.436393434940179681e-01 7.164487805962562561e+01
9.939838932054534393e-01 1.482114153625676070e-02 -1.085189099267584584e-01 -9.401422376348637044e+01 1.055780305979592409e-01 1.339749141368891394e-01 9.853446107007789445e-01 -2.218840589746832848e+00 2.914274357685033359e-02 -9.908738850860766556e-01 1.316041198110398103e-01 7.180323396623134613e+01
9.938860641377174066e-01 1.589948772557412890e-02 -1.092597721162793939e-01 -9.536233265115879476e+01 1.065031601513415360e-01 1.228736434729515714e-01 9.866910076703139243e-01 -2.241578331217169762e+00 2.911302785034017987e-02 -9.922949531413258750e-01 1.204290562100318734e-01 7.194697690010070801e+01
9.937795983349064777e-01 1.669668967615052513e-02 -1.101059965995049572e-01 -9.672508401586674154e+01 1.075648876334197035e-01 1.121547174136023062e-01 9.878517673772136964e-01 -2.264686478301882744e+00 2.884276134009471082e-02 -9.935504717505464489e-01 1.096610924737894399e-01 7.207971020042896271e+01
9.936760684377567987e-01 1.782636963199634925e-02 -1.108606853660300956e-01 -9.809574610902927816e+01 1.084883716664459680e-01 1.021404098452344811e-01 9.888364930006429132e-01 -2.288328820839524269e+00 2.895072066884633519e-02 -9.946102539298451450e-01 9.956052706953427700e-02 7.220117100328207016e+01
