0.000000000000000000e+00 0.000000000000000000e+00 0.000000000000000000e+00 0.000000000000000000e+00 0.000000000000000000e+00 0.000000000000000000e+00 0.000000000000000000e+00 0.000000000000000000e+00 0.000000000000000000e+00 0.000000000000000000e+00 0.000000000000000000e+00 0.000000000000000000e+00
9.999998211860727793e-01 -5.065793162446816491e-04 -3.629067877323205872e-04 4.348830785602331161e-03 5.033780171385081326e-04 9.999614341782230298e-01 -8.767732804289725401e-03 -1.017826423048973083e-02 3.673343453556299210e-04 8.767548425939741819e-03 9.999614954017665980e-01 4.594344496726989746e-01
9.999992847442626953e-01 -7.979840236932489504e-05 -1.219511759958353571e-03 -3.789453767240047455e-03 7.932563459302210962e-05 9.999999403578566648e-01 -3.877140115147671077e-04 -9.470043703913688660e-03 1.219542580656707287e-03 3.876169932167383703e-04 9.999992251396605525e-01 4.055374264717102051e-01
9.999983310699462891e-01 2.158192042460110698e-04 -1.812773045288518757e-03 -1.565090566873550415e-02 -2.064074553709688287e-04 9.999865274071195742e-01 5.190487950981711486e-03 -9.409008547663688660e-03 1.813868759199976921e-03 -5.190104897428771125e-03 9.999848604427086229e-01 3.746945559978485107e-01
9.999980926514773216e-01 3.962273668149131063e-04 -1.912328381824239792e-03 -2.975187264382839203e-02 -3.776262172387918892e-04 9.999527264887434486e-01 9.717540131013512744e-03 -9.540120139718055725e-03 1.916088280268013477e-03 -9.716799223641603422e-03 9.999509454645760798e-01 3.692755699157714844e-01
9.999982118607597670e-01 3.174613064629082208e-04 -1.856208819875935188e-03 -4.556939005851745605e-02 -2.920335000240123491e-04 9.999062940703713487e-01 1.368305033731827096e-02 -9.726347401738166809e-03 1.860378892160952091e-03 -1.368248425914470046e-02 9.999046327302174575e-01 3.718698024749755859e-01
9.999985694886071030e-01 3.962258728940566189e-04 -1.642783906084830953e-03 -6.302043050527572632e-02 -3.664448373880795085e-04 9.998363147202902201e-01 1.808923094798720738e-02 -9.955452755093574524e-03 1.649682410061359406e-03 -1.808860280880719706e-02 9.998350145675622969e-01 3.798804581165313721e-01
9.999982714654933602e-01 4.672739261084820402e-04 -1.792396376754732583e-03 -8.091919124126434326e-02 -4.283051913487150031e-04 9.997648429710190854e-01 2.168024871541880672e-02 -1.028005778789520264e-02 1.802105573005974293e-03 -2.167944473946392669e-02 9.997633699384671502e-01 3.996921479701995850e-01
9.999981522563103908e-01 6.627273740508908464e-04 -1.795851331273360958e-03 -9.811267256736755371e-02 -6.186036779176062872e-04 9.997006381184602164e-01 2.445993218341524500e-02 -1.058304402977228165e-02 1.811523921787738800e-03 -2.445877545494701266e-02 9.996991758570885622e-01 4.243772625923156738e-01
9.999983906745910645e-01 2.657502720617799328e-04 -1.800614573767762763e-03 -1.154198870062828064e-01 -2.188456098867370969e-04 9.996619717784710479e-01 2.599955951119093528e-02 -1.069424301385879517e-02 1.806915155611932278e-03 -2.599912236765422602e-02 9.996603732780506846e-01 4.481403529644012451e-01
9.999983906745910645e-01 -1.916958631129235535e-04 -1.805134195218376092e-03 -1.322727799415588379e-01 2.401178563718464609e-04 9.996391054821730515e-01 2.686269605004386676e-02 -1.077773142606019974e-02 1.799333258531987667e-03 -2.686308471533926934e-02 9.996374851312914700e-01 4.671144783496856689e-01
9.999989271165539151e-01 -5.493356321482818251e-04 -1.332251226157545824e-03 -1.461408287286758423e-01 5.842558472546610648e-04 9.996524656625186411e-01 2.635426896101472627e-02 -1.131274271756410599e-02 1.317310961894690990e-03 -2.635501949038232539e-02 9.996517303711556224e-01 4.873724877834320068e-01
9.999993443490140521e-01 -7.323968974400938770e-04 -8.570024768000328785e-04 -1.588778942823410034e-01 7.527250200076857078e-04 9.997124824181593539e-01 2.396515035407810121e-02 -1.198289729654788971e-02 8.392041199840605259e-04 -2.396578043432628924e-02 9.997124076916819035e-01 5.272009372711181641e-01
9.999997019767903339e-01 -7.215190910908674893e-04 -3.433501725189240842e-04 -1.710101068019866943e-01 7.288515482596104322e-04 9.997608714395170848e-01 2.185758963850519335e-02 -1.233077794313430786e-02 3.274973714724183083e-04 -2.185783218694725694e-02 9.997610449933347354e-01 5.607312321662902832e-01
9.999997019767903339e-01 -7.211760581914396446e-04 2.994175538363477241e-04 -1.754836589097976685e-01 7.149439344588531808e-04 9.997933461846800762e-01 2.031708304030006851e-02 -1.253116503357887268e-02 -3.140078624710440636e-04 -2.031686222154716059e-02 9.997935295228010943e-01 5.501041412353515625e-01
9.999988675119624304e-01 -7.345999622718760646e-04 1.322957270139143082e-03 -1.768879741430282593e-01 7.096036046556480903e-04 9.998230756303930766e-01 1.879668361877465804e-02 -1.314795296639204025e-02 -1.336531247943639755e-03 -1.879572305464161097e-02 9.998224379211677615e-01 5.282371044158935547e-01
9.999978542335092868e-01 -9.252426862975641911e-04 1.835968978776934607e-03 -1.759787499904632568e-01 8.933979825586808865e-04 9.998504234407745717e-01 1.727056528740667646e-02 -1.349762640893459320e-02 -1.851673936471343040e-03 -1.726888860472231002e-02 9.998491409018512854e-01 4.981430768966674805e-01
9.999964237232283892e-01 -1.171684536895240382e-03 2.410179167552404383e-03 -1.799524873495101929e-01 1.134236290142504044e-03 9.998794964657748974e-01 1.548067740761668518e-02 -1.368587091565132141e-02 -2.428027335554361343e-03 -1.547788871563898772e-02 9.998772743863142409e-01 4.913298487663269043e-01
9.999972581866529708e-01 -4.610289853605345316e-04 2.283112243594151262e-03 -1.864544451236724854e-01 4.283810091911949280e-04 9.998979428562605465e-01 1.427966556815038653e-02 -1.380936056375503540e-02 -2.289462601765990257e-03 -1.427864915804799573e-02 9.998954537203701420e-01 4.911314547061920166e-01
9.999974966049194336e-01 -9.943810516109194420e-05 2.249031240235464194e-03 -1.903540641069412231e-01 6.913475381705586065e-05 9.999092796352102575e-01 1.347002482191221942e-02 -1.340452861040830612e-02 -2.250166609883308411e-03 -1.346983555051628478e-02 9.999067785626749583e-01 4.817579090595245361e-01
9.999968409538269043e-01 -1.151579944860851249e-04 2.521592154645696440e-03 -2.134777456521987915e-01 8.026863469549547214e-05 9.999043317440093892e-01 1.383197533603149586e-02 -1.386651210486888885e-02 -2.522943774238228798e-03 -1.383172914630409478e-02 9.999011758011739914e-01 5.215970277786254883e-01
9.999968409540116454e-01 -4.473021741811517688e-04 2.495868693547179367e-03 -2.242629081010818481e-01 4.137639752488792011e-04 9.999098638906371850e-01 1.342186468229421802e-02 -1.366929523646831512e-02 -2.501647220924496651e-03 -1.342078888367503886e-02 9.999068382193598836e-01 5.309451222419738770e-01
9.999957084665425100e-01 -7.084195192591945158e-04 2.828790799769962359e-03 -2.329047918319702148e-01 6.703779404083065607e-04 9.999096138389822475e-01 1.342637394553083778e-02 -1.361698936671018600e-02 -2.838046755641698837e-03 -1.342442033503754573e-02 9.999058250265306924e-01 5.329642295837402344e-01
9.999962449078125815e-01 -5.678491759473068990e-04 2.686715170226804551e-03 -2.632704973220825195e-01 5.291436069792578023e-04 9.998963866308799853e-01 1.438512651509631438e-02 -1.406487077474594116e-02 -2.694605384021997452e-03 -1.438365024144322435e-02 9.998928908295567908e-01 5.844326019287109375e-01
9.999960660938995716e-01 -4.846114704708963166e-04 2.758736447382041483e-03 -2.690976560115814209e-01 4.439715647469588689e-04 9.998916207050844163e-01 1.471295147700091115e-02 -1.353912707418203354e-02 -2.765567740425467491e-03 -1.471166940477885987e-02 9.998879436807328602e-01 5.711899995803833008e-01
9.999953508385068801e-01 -6.163089920030890298e-04 2.982162116565600929e-03 -2.718316018581390381e-01 5.716756041579257319e-04 9.998881561554018305e-01 1.494456169169679736e-02 -1.325902529060840607e-02 -2.991039073094725609e-03 -1.494278784310232311e-02 9.998838906510449931e-01 5.517541170120239258e-01
9.999949336080860007e-01 -1.167716090082446343e-03 2.962074663182644955e-03 -2.942253053188323975e-01 1.124469260210259058e-03 9.998933186015788177e-01 1.456008563937223436e-02 -1.362895965576171875e-02 -2.978760981932282448e-03 -1.455668179248548189e-02 9.998896126653136207e-01 5.837298631668090820e-01
9.999949336087254892e-01 -1.342800786751337802e-03 2.879200063141605388e-03 -3.311612904071807861e-01 1.298250375059741002e-03 9.998802559413987323e-01 1.541962164502527592e-02 -1.380527764558792114e-02 -2.899560844525694847e-03 -1.541580534566572291e-02 9.998769169115107047e-01 6.371660232543945312e-01
9.999967217450915768e-01 -6.448534774521404601e-04 2.474425168992012807e-03 -3.115790486335754395e-01 6.124623694633291038e-04 9.999144474807553085e-01 1.306885015876727701e-02 -1.306500285863876343e-02 -2.482640789821743965e-03 -1.306729159496611281e-02 9.999115469717025917e-01 5.830242037773132324e-01
9.999960064890345279e-01 -3.873991043635582367e-04 2.808961357540054431e-03 -2.988531291484832764e-01 3.561232548481355065e-04 9.999380596323166337e-01 1.112627602217333180e-02 -1.235787756741046906e-02 -2.813097555190324783e-03 -1.112523116808261658e-02 9.999341967155572775e-01 5.498604178428649902e-01
9.999946355825954925e-01 -5.576248894066088537e-04 3.227351712878245415e-03 -3.068021237850189209e-01 5.255243533582587556e-04 9.999505112688342745e-01 9.938711120267019680e-03 -1.251830253750085831e-02 -3.232733812183141708e-03 -9.936961377728703582e-03 9.999454024042506717e-01 5.592085719108581543e-01
9.999871850028867470e-01 -5.646435936019138062e-04 5.036733773017240332e-03 -3.112098276615142822e-01 5.178781018555962679e-04 9.999568220150413245e-01 9.281361739776235187e-03 -1.317729987204074860e-02 -5.041756667196750641e-03 -9.278634108653260881e-03 9.999442702034926356e-01 5.634521245956420898e-01
9.999849796405548830e-01 -1.298967716565908870e-03 5.321334744585343515e-03 -3.426763415336608887e-01 1.248135262402756684e-03 9.999536833355049392e-01 9.544777354641917344e-03 -1.440328266471624374e-02 -5.333486478775739670e-03 -9.537992165231601316e-03 9.999402767937972669e-01 6.105438470840454102e-01
9.999811053436999941e-01 -1.390755142051481935e-03 5.988360334741761083e-03 -3.417034149169921875e-01 1.338175740347904985e-03 9.999605905704000985e-01 8.775342266185244197e-03 -1.436190400272607803e-02 -6.000328809022903442e-03 -8.767162957437402149e-03 9.999435550934308026e-01 5.991117954254150391e-01
9.999805093109017662e-01 -1.889851900991845702e-03 5.955073222127447476e-03 -3.665162324905395508e-01 1.833090601817778664e-03 9.999529870772975171e-01 9.522678024685227519e-03 -1.444898638874292374e-02 -5.972789600491523743e-03 -9.511576018517320374e-03 9.999369390920840317e-01 6.286590695381164551e-01
9.999883771098794227e-01 -1.816245022198850582e-03 4.472133823070053617e-03 -3.879621028900146484e-01 1.775215192771573136e-03 9.999564753409647677e-01 9.161496793903201735e-03 -1.435431744903326035e-02 -4.488578531891107559e-03 -9.153450834824217175e-03 9.999480251718431134e-01 6.514525413513183594e-01
9.999933838906400752e-01 -1.524043551133072221e-03 3.301112830670209844e-03 -4.179309904575347900e-01 1.490486877937929888e-03 9.999474382480666446e-01 1.014397571446689315e-02 -1.460542902350425720e-02 -3.316399175673723221e-03 -1.013898877548680133e-02 9.999431374506286829e-01 6.833721995353698730e-01
9.999971985829105847e-01 -1.054637367605320078e-03 2.113388876327519563e-03 -4.341279566287994385e-01 1.034682135700570882e-03 9.999550970338426659e-01 9.421229683309426117e-03 -1.473673991858959198e-02 -2.123229904100298882e-03 -9.419016626570075879e-03 9.999533892682279657e-01 6.993077993392944336e-01
9.999989867211880323e-01 -5.574397166446705409e-04 1.301401139068543997e-03 -4.459781646728515625e-01 5.460119091653461987e-04 9.999614295507738282e-01 8.765057757156234988e-03 -1.482270006090402603e-02 -1.306236954405903816e-03 -8.764338816651950914e-03 9.999607801757690595e-01 7.081301808357238770e-01
9.999998211860727793e-01 -2.813387862083393262e-04 5.147716514037276384e-04 -4.577527344226837158e-01 2.773027187262175342e-04 9.999693620928531423e-01 7.823837380239562211e-03 -1.481943484395742416e-02 -5.169570213183760643e-04 -7.823693564689815361e-03 9.999693036115857581e-01 7.200057506561279297e-01
1.000000000000000000e+00 -9.400508407567321383e-05 -1.662502292195364476e-04 -4.641327857971191406e-01 9.528192458674311638e-05 9.999703766129375282e-01 7.696966236710072948e-03 -1.436864025890827179e-02 1.655217492952942848e-04 -7.696982007473707199e-03 9.999703764915466309e-01 7.203350067138671875e-01
9.999993443489074707e-01 -2.258755109987745460e-04 -1.144735845548875948e-03 -4.731036722660064697e-01 2.347204343012589123e-04 9.999700805427960137e-01 7.732366631224029709e-03 -1.454061828553676605e-02 1.142955035902559757e-03 -7.732629828364617763e-03 9.999694228368483095e-01 7.234727740287780762e-01
9.999981522561185443e-01 -3.745106527351470651e-04 -1.880954363375940235e-03 -4.814431369304656982e-01 3.896528523091094542e-04 9.999674617614403571e-01 8.056370383478325681e-03 -1.455163862556219101e-02 1.877875998616218567e-03 -8.057088153774927264e-03 9.999657273873410190e-01 7.242045402526855469e-01
9.999948143962100744e-01 -2.507891463880233536e-04 -3.204951964312842839e-03 -4.963160157203674316e-01 2.795451077407598572e-04 9.999596556937705438e-01 8.975056165511304668e-03 -1.439868472516536713e-02 3.202571999281644821e-03 -8.975905921645987995e-03 9.999545814672217148e-01 7.290447354316711426e-01
9.999881982810343573e-01 -2.759475925134413253e-04 -4.855309340907186522e-03 -5.124564766883850098e-01 3.293274531985766751e-04 9.999394592588871644e-01 1.099675582519414607e-02 -1.447565108537673950e-02 4.851981066167354584e-03 -1.099822514946485752e-02 9.999277598809150902e-01 7.280483245849609375e-01
9.999846816072022193e-01 -2.527518765592566639e-04 -5.528333686642443283e-03 -5.301741957664489746e-01 3.252618325211287242e-04 9.999138948710204478e-01 1.311909674292279816e-02 -1.447861455380916595e-02 5.524541717022657394e-03 -1.312069411135041719e-02 9.998986734171921853e-01 7.250701785087585449e-01
9.999818205854964503e-01 -4.143194825477735646e-04 -6.017982103414412295e-03 -5.476334691047668457e-01 5.009622291335842637e-04 9.998961525005484186e-01 1.440294355346206576e-02 -1.468435954302549362e-02 6.011389661580324173e-03 -1.440569631726640321e-02 9.998781699802172795e-01 7.211314439773559570e-01
9.999871254012049349e-01 -7.581180160004512975e-04 -5.010844464723840548e-03 -5.621905326843261719e-01 8.323327645730418944e-04 9.998897335464960179e-01 1.482537578319549111e-02 -1.484233327209949493e-02 4.999052733182907104e-03 -1.482935593553025289e-02 9.998775138314854871e-01 7.155064344406127930e-01
9.999935627024569840e-01 -1.155370502484130008e-03 -3.399967225870881293e-03 -5.861640572547912598e-01 1.203504256557241803e-03 9.998986107585761118e-01 1.418929689387560256e-02 -1.551053207367658615e-02 3.383228555321693420e-03 -1.419329717371908828e-02 9.998935466808234196e-01 7.295475006103515625e-01
9.999975562110563487e-01 -1.553371229079740642e-03 -1.564193374415020436e-03 -6.115397214889526367e-01 1.572633615719687405e-03 9.999220077219134195e-01 1.238960208899275543e-02 -1.648047566413879395e-02 1.544825732707977295e-03 -1.239203208887951213e-02 9.999220372161516934e-01 7.510840892791748047e-01
9.999976754195571971e-01 -1.973026130575117245e-03 -8.627650799194488095e-04 -6.245165467262268066e-01 1.982742444264357085e-03 9.999329639131714353e-01 1.140993300652248105e-02 -1.691858470439910889e-02 8.401951054111123085e-04 -1.141161715419725109e-02 9.999345541233140011e-01 7.547727227210998535e-01
9.999970793731876029e-01 -2.278039331502136871e-03 -7.630160979489783966e-04 -6.343617439270019531e-01 2.285711018901556701e-03 9.999452407326210324e-01 1.020918030171320476e-02 -1.761003211140632629e-02 7.397174485959112644e-04 -1.021089473041958406e-02 9.999475479281407786e-01 7.559856176376342773e-01
9.999971389782977838e-01 -2.143301147161085201e-03 -1.029613717767726300e-03 -6.412968635559082031e-01 2.153047602478336264e-03 9.999519795377863618e-01 9.560239914167958236e-03 -1.787802204489707947e-02 1.009073806926608086e-03 -9.562429498916169557e-03 9.999537468201786794e-01 7.523139715194702148e-01
9.999932050796367378e-01 -1.874043696592707494e-03 -3.164788600465629886e-03 -6.425685286521911621e-01 1.907442805928818985e-03 9.999421279101685656e-01 1.058350178334973614e-02 -1.787688583135604858e-02 3.144771791994571686e-03 -1.058946712731601014e-02 9.999389651212275965e-01 7.356914281845092773e-01
9.999853372756071224e-01 -1.596381222758901184e-03 -5.176304320401696989e-03 -6.446297764778137207e-01 1.661708260685644534e-03 9.999187481414344436e-01 1.264076396009897185e-02 -1.781193912029266357e-02 5.155703984200954437e-03 -1.264917987259595034e-02 9.999067197941329255e-01 7.143225073814392090e-01
9.999907612875205132e-01 -1.298107004561290965e-03 -4.107404164931569533e-03 -6.511460542678833008e-01 1.350712634170248005e-03 9.999168033055788607e-01 1.283076380540709716e-02 -1.723376289010047913e-02 4.090406466275453568e-03 -1.283619272220271057e-02 9.999092824180308980e-01 7.029612064361572266e-01
9.999967813507453229e-01 -1.086513637364793644e-03 -2.299298934819541188e-03 -6.611777544021606445e-01 1.111947576280136740e-03 9.999379202052929294e-01 1.108939701926414320e-02 -1.749483123421669006e-02 2.287107286974787712e-03 -1.109191753443172779e-02 9.999358655635433024e-01 7.021482586860656738e-01
9.999982714657917882e-01 -8.000329379047214440e-04 -1.657329988230608377e-03 -6.773034334182739258e-01 8.166609195745348770e-04 9.999490515934252866e-01 1.005672668432017192e-02 -1.798330433666706085e-02 1.649199984967708588e-03 -1.005806326354907743e-02 9.999480248191296994e-01 7.080104947090148926e-01
9.999974370008288815e-01 -6.561360791316949923e-04 -2.174655591641606964e-03 -7.032088041305541992e-01 6.773641186721898744e-04 9.999519730259907035e-01 9.775234062069157806e-03 -1.836320012807846069e-02 2.168137347325682640e-03 -9.776682217926213614e-03 9.999498726048656749e-01 7.234340310096740723e-01
9.999989271165929949e-01 -6.726891340902806235e-04 -1.288364744013436322e-03 -7.235765457153320312e-01 6.830546893016320453e-04 9.999672841232450926e-01 8.062060974575504732e-03 -1.859233528375625610e-02 1.282899291254580021e-03 -8.062932431331382155e-03 9.999666810306777620e-01 7.383159995079040527e-01
9.999994039536375112e-01 -8.415814091314704473e-04 -6.592752676455419791e-04 -7.404645681381225586e-01 8.464141011405162951e-04 9.999725263396600505e-01 7.364689528752976951e-03 -1.886647753417491913e-02 6.530591635964810848e-04 -7.365243150384448434e-03 9.999726414745140346e-01 7.472735643386840820e-01
9.999991655349731445e-01 -1.272290495458704802e-03 -1.983528428910746872e-05 -7.609351277351379395e-01 1.272416790015995502e-03 9.999594093664153638e-01 8.914433801494127396e-03 -1.910438947379589081e-02 8.492730557918548584e-06 -8.914452046155929565e-03 9.999602437019348145e-01 7.528046369552612305e-01
9.999995827675078885e-01 -8.065753770953381589e-04 -3.942500466149742653e-04 -7.802093029022216797e-01 8.099458745340452903e-04 9.999624517926543055e-01 8.625058359279225845e-03 -1.906493678689002991e-02 3.872785018756985664e-04 -8.625374592818313424e-03 9.999627470992322742e-01 7.565460801124572754e-01
9.999992847442626953e-01 -2.034121982669783932e-04 -1.221408264530193973e-03 -7.809588313102722168e-01 2.124663668924137161e-04 9.999724645766107090e-01 7.417334909136642958e-03 -1.826210319995880127e-02 1.219865866005420685e-03 -7.417588777176797876e-03 9.999717474180727095e-01 7.477355599403381348e-01
9.999985694885253906e-01 -8.634160103991128741e-05 -1.679898573590475445e-03 -7.928065657615661621e-01 9.746794848611295414e-05 9.999780665749916642e-01 6.624273263703026396e-03 -1.801277138292789459e-02 1.679289736784994602e-03 -6.624427460939497081e-03 9.999766350106256141e-01 7.496826648712158203e-01
9.999985098838806152e-01 -2.276307664680801267e-04 -1.725288901393122855e-03 -8.163686394691467285e-01 2.377705481523238740e-04 9.999827170630671835e-01 5.879226031516902352e-03 -1.802233047783374786e-02 1.723920693621039391e-03 -5.879627161270495339e-03 9.999812245626529261e-01 7.651164531707763672e-01
9.999993443489429978e-01 -2.623172718670403573e-04 -1.093771908940624265e-03 -8.296426534652709961e-01 2.676067093681580578e-04 9.999882593003714959e-01 4.838627555597291123e-03 -1.841184869408607483e-02 1.092489808797836304e-03 -4.838917314159751903e-03 9.999877214501395883e-01 7.737267017364501953e-01
9.999994635582609703e-01 -6.055720505853793862e-04 -8.739750162232962864e-04 -8.537877798080444336e-01 6.095854480928780683e-04 9.999892736085495004e-01 4.599186966655291302e-03 -1.926686614751815796e-02 8.711804402992129326e-04 -4.599717197667774204e-03 9.999890923537790854e-01 7.904185056686401367e-01
9.999976754192374528e-01 -5.719397224528082304e-04 -2.084919942705985071e-03 -8.751471042633056641e-01 5.832942259378914862e-04 9.999849862508826126e-01 5.449478180049513280e-03 -1.959826052188873291e-02 2.081771846860647202e-03 -5.450681728871864529e-03 9.999830127080855391e-01 8.007021546363830566e-01
9.999943971652669461e-01 -8.271358027141003776e-04 -3.244685940289099377e-03 -8.959983587265014648e-01 8.488260506527567362e-04 9.999772494326929495e-01 6.689175794969148998e-03 -1.954758167266845703e-02 3.239079378545284271e-03 -6.691892455391590389e-03 9.999723435623764090e-01 8.079859614372253418e-01
9.999908804929802386e-01 -8.523641606803718804e-04 -4.180831017945923697e-03 -9.076425433158874512e-01 8.867586977357247435e-04 9.999656982188667165e-01 8.231777185503498864e-03 -1.915613189339637756e-02 4.173671361058950424e-03 -8.235409900229639923e-03 9.999573829741237319e-01 8.016354441642761230e-01
9.999949932122369489e-01 -1.016111218889427948e-03 -3.000869553912166327e-03 -9.154143333435058594e-01 1.046107130742934821e-03 9.999493674079609207e-01 1.001114981110898597e-02 -1.911620795726776123e-02 2.990545006468892097e-03 -1.001423870347378786e-02 9.999454023694731575e-01 7.890900969505310059e-01
9.999988675119197978e-01 -1.388225206471226060e-03 -6.163962237299387215e-04 -9.127156734466552734e-01 1.394476492200480422e-03 9.999464240898239265e-01 1.025980616089187600e-02 -1.906963251531124115e-02 6.021202425472438335e-04 -1.026065370995005166e-02 9.999471902941401424e-01 7.671839594841003418e-01
9.999987483025947199e-01 -1.510172766741888026e-03 4.350667659384414268e-04 -9.046304225921630859e-01 1.505471935774729819e-03 9.999425935865692283e-01 1.060972008718796822e-02 -1.864631474018096924e-02 -4.510642902459949255e-04 -1.060905181061588820e-02 9.999436140127500039e-01 7.394510507583618164e-01
9.999991655350584097e-01 -1.210551439508468496e-03 -4.817671828147087080e-04 -9.112783074378967285e-01 1.215730998093647597e-03 9.999398651652261494e-01 1.090015381320872528e-02 -1.802264340221881866e-02 4.685430030804127455e-04 -1.090072989902124423e-02 9.999404549669534958e-01 7.256079316139221191e-01
9.999896287965270858e-01 -9.273205881877754275e-04 -4.455966622751734302e-03 -9.292491674423217773e-01 9.852733065866120521e-04 9.999147628208951977e-01 1.302110754179810342e-02 -1.678942888975143433e-02 4.443511832505464554e-03 -1.302536261936493300e-02 9.999052890586668241e-01 7.143468260765075684e-01
9.999833107043478719e-01 -6.607879086273808289e-04 -5.738932824191111601e-03 -9.458026885986328125e-01 7.361650171534353526e-04 9.999133307205693155e-01 1.314217226715871240e-02 -1.656648144125938416e-02 5.729751661419868469e-03 -1.314617844621351894e-02 9.998971834044070306e-01 7.075183391571044922e-01
9.999985098844135223e-01 -1.084291699260422383e-03 -1.346214566143430187e-03 -9.618951678276062012e-01 1.100287021811599542e-03 9.999281343551430501e-01 1.193837023003021386e-02 -1.790813356637954712e-02 1.333173131570219994e-03 -1.193983344151605674e-02 9.999278188389126854e-01 7.058917880058288574e-01
9.999971985835856003e-01 -1.526944331998274923e-03 1.803182180557907563e-03 -9.576898217201232910e-01 1.506980438238519904e-03 9.999381002280817166e-01 1.102143081050135920e-02 -1.860394328832626343e-02 -1.819899771362543106e-03 -1.101868250825255302e-02 9.999375940382861927e-01 6.896489262580871582e-01
9.999874830336956677e-01 -1.286782452031312975e-03 4.838950337575200281e-03 -9.417298436164855957e-01 1.236565675769830952e-03 9.999455188396938476e-01 1.036633029444931214e-02 -1.866300776600837708e-02 -4.852025769650936127e-03 -1.036021707286066684e-02 9.999346143345775317e-01 6.649971604347229004e-01
9.999960660941162871e-01 -6.490646345663073557e-04 2.724672033647790748e-03 -9.154220819473266602e-01 6.260024159669697053e-04 9.999640439559907001e-01 8.456552746349295727e-03 -1.814945228397846222e-02 -2.730062929913401604e-03 -8.454813538178618249e-03 9.999604822548064931e-01 6.381306648254394531e-01
9.999978542330296705e-01 -4.192875628255419355e-04 -2.026532874905143718e-03 -9.164032936096191406e-01 4.364569790360414703e-04 9.999639466814623789e-01 8.479306407657469236e-03 -1.697832718491554260e-02 2.022904576733708382e-03 -8.480173113854516664e-03 9.999620319141158120e-01 6.259719729423522949e-01
9.999879002592422239e-01 -5.858961653522604509e-04 -4.885840862142928030e-03 -9.203218221664428711e-01 6.318966966363248616e-04 9.999554447886126463e-01 9.418846273084570397e-03 -1.639752462506294250e-02 4.880104679614305496e-03 -9.421819261532071721e-03 9.999436741400415940e-01 6.129714846611022949e-01
9.999917149553496643e-01 -3.994090905143164575e-04 -4.051751330006723474e-03 -9.436142444610595703e-01 4.386999327201206167e-04 9.999528103564928605e-01 9.700995095064333593e-03 -1.682501658797264099e-02 4.047685768455266953e-03 -9.702692670837009814e-03 9.999447468788034143e-01 6.162256002426147461e-01
9.999987483025307711e-01 -2.336612818608743464e-04 -1.544375770851477659e-03 -9.779633283615112305e-01 2.473297025240989155e-04 9.999607239197151332e-01 8.856193048160911074e-03 -1.805059239268302917e-02 1.542245852760970592e-03 -8.856564446896308951e-03 9.999595880975959972e-01 6.293317079544067383e-01
9.999998807907104492e-01 -4.967382467358980296e-04 1.800420887142604065e-05 -1.005055069923400879e+00 4.965572734363377094e-04 9.999598859791087868e-01 8.946729658973568908e-03 -1.961974799633026123e-02 -2.244766801595687866e-05 -8.946719579398632050e-03 9.999600052833557129e-01 6.357518434524536133e-01
9.999997019767974393e-01 -4.588865218057554892e-04 6.064664823314928378e-04 -1.009257435798645020e+00 4.538335549774969585e-04 9.999653674052216834e-01 8.305873074512941032e-03 -1.974170282483100891e-02 -6.102569750510156155e-04 -8.305595633876838857e-03 9.999653101029117863e-01 6.296592354774475098e-01
9.999999403953552246e-01 -3.516849748808841382e-04 -9.999266140116129780e-05 -1.009516119956970215e+00 3.525473293848335743e-04 9.999615553056576678e-01 8.758975897590913495e-03 -1.960230246186256409e-02 9.690842125564813614e-05 -8.759010583162307739e-03 9.999616146087646484e-01 6.164245009422302246e-01
9.999998211860727793e-01 -4.892962187080837199e-04 -4.218742574118923452e-04 -1.015347480773925781e+00 4.932631560891458100e-04 9.999551792583400989e-01 9.454829450244926076e-03 -1.984055340290069580e-02 4.172291373834013939e-04 -9.455035808382250551e-03 9.999552369144382169e-01 6.041539907455444336e-01
9.999998807907104492e-01 -2.226765901050950177e-04 -4.842709142405953620e-04 -1.020314812660217285e+00 2.274588061359425484e-04 9.999510060672232026e-01 9.897548030463800689e-03 -1.964380219578742981e-02 4.820432222913950682e-04 -9.897656490187922707e-03 9.999508857785457394e-01 5.904138684272766113e-01
9.999998211860727793e-01 -4.539256137434735119e-04 3.843876825367756106e-04 -1.035025119781494141e+00 4.499481315289790423e-04 9.999470096767446581e-01 1.028519647925819208e-02 -2.002613618969917297e-02 -3.890360239893198013e-04 -1.028502205550535509e-02 9.999470710785907102e-01 5.818145275115966797e-01
9.999997019767974393e-01 -6.462259870570280723e-04 4.831878200404486796e-04 -1.052795171737670898e+00 6.411155154343733953e-04 9.999446836004908246e-01 1.050293747494813676e-02 -2.031161077320575714e-02 -4.899483174085617065e-04 -1.050262400476631441e-02 9.999447465008657332e-01 5.757746100425720215e-01
9.999995231628666659e-01 -9.177128963775736193e-04 3.794323746738694262e-04 -1.066551566123962402e+00 9.137106863991474592e-04 9.999453388612743465e-01 1.041684479298342694e-02 -2.052653022110462189e-02 -3.889712970703840256e-04 -1.041649313023723655e-02 9.999457001718425886e-01 5.698856115341186523e-01
9.999995827674865723e-01 -9.234367201125856907e-04 5.880542825110684851e-06 -1.062010884284973145e+00 9.233313030563294888e-04 9.999492763280624086e-01 1.002955950609270806e-02 -2.016509696841239929e-02 -1.514190807938575745e-05 -1.002954971045255661e-02 9.999496936798095703e-01 5.575124621391296387e-01
9.999991655350584097e-01 -1.202080210216908236e-03 4.282057289211958339e-04 -1.056331753730773926e+00 1.197681852333903896e-03 9.999480194452234905e-01 1.012776465525285982e-02 -2.032430469989776611e-02 -4.403578350320458412e-04 -1.012724330994552169e-02 9.999486208023142808e-01 5.432629585266113281e-01
9.999985694885253906e-01 -1.704639409831094606e-03 -6.051199426669625465e-05 -1.060530185699462891e+00 1.705200527794659138e-03 9.999384292699264876e-01 1.096673458864806140e-02 -2.108213864266872406e-02 4.181393887847661972e-05 -1.096682157367467880e-02 9.999398589134216309e-01 5.318135023117065430e-01
9.999972581867986321e-01 -2.251445134360058591e-03 -6.344396523694424174e-04 -1.078371524810791016e+00 2.259122502290086820e-03 9.999209217870159705e-01 1.237199807641109657e-02 -2.222383022308349609e-02 6.065345951355993748e-04 -1.237339770822526441e-02 9.999232888358591254e-01 5.231915116310119629e-01
9.999971389779460651e-01 -2.219013835245160944e-03 -8.969307347238523890e-04 -1.094547271728515625e+00 2.229968918200236905e-03 9.999205712498392407e-01 1.240325185034245326e-02 -2.273651957511901855e-02 8.693365380167961121e-04 -1.240521691403817517e-02 9.999226928032456385e-01 5.142279267311096191e-01
9.999970197684149298e-01 -2.339762958787766634e-03 -7.076267306244639690e-04 -1.099456191062927246e+00 2.348944916082507106e-03 9.999092434509330163e-01 1.326583492510565072e-02 -2.250494249165058136e-02 6.765236030332744122e-04 -1.326745711595767041e-02 9.999117255420770789e-01 4.965375959873199463e-01
9.999975562095642090e-01 -2.217157559810898574e-03 8.122109935769503196e-05 -1.125146031379699707e+00 2.215868094936013222e-03 9.999074905118967571e-01 1.341908032330768434e-02 -2.283315919339656830e-02 -1.109658041968941689e-04 -1.341886725276708603e-02 9.999099373817443848e-01 4.903842508792877197e-01
9.999983906746834350e-01 -1.754758999610086037e-03 -4.054093883422507931e-04 -1.148570775985717773e+00 1.759867544629117875e-03 9.999144165906151960e-01 1.296434780710499501e-02 -2.290922775864601135e-02 3.826253814622759819e-04 -1.296504043996088429e-02 9.999158978512312501e-01 4.839410483837127686e-01
9.999987483027439339e-01 -1.350722022742561470e-03 -7.545652886549001227e-04 -1.177676677703857422e+00 1.360007156429421382e-03 9.999216324511656095e-01 1.244342707217199230e-02 -2.288740687072277069e-02 7.376985740847885609e-04 -1.244443842934306321e-02 9.999222755662877660e-01 4.812721312046051025e-01
9.999995231628844294e-01 -8.064754286136905119e-04 -4.975692908434924165e-04 -1.193883180618286133e+00 8.119428144500659417e-04 9.999381944041177972e-01 1.108765956153380007e-02 -2.195398882031440735e-02 4.885966191068291664e-04 -1.108805889331576644e-02 9.999384284092727171e-01 4.752663373947143555e-01
9.999998807907104492e-01 -4.834754018072499361e-04 -3.138513354014813559e-05 -1.194586753845214844e+00 4.837767046410590410e-04 9.999454022848932588e-01 1.043999193626164376e-02 -2.193555422127246857e-02 2.633593976497650146e-05 -1.044000592082738876e-02 9.999455213546752930e-01 4.621203243732452393e-01
9.999989867211453998e-01 -4.999668525569773980e-04 1.342279621262544922e-03 -1.192435503005981445e+00 4.865602256280982668e-04 9.999501639881988035e-01 9.969780705362748380e-03 -2.178413048386573792e-02 -1.347197336144745350e-03 -9.969117520040482461e-03 9.999493957010301415e-01 4.497301280498504639e-01
9.999982714656567850e-01 -7.209626619672371154e-04 1.705578425306491976e-03 -1.194198369979858398e+00 7.049526293520930187e-04 9.999558812659307128e-01 9.368901716908581770e-03 -2.153126522898674011e-02 -1.712257741019129753e-03 -9.367682981942682119e-03 9.999546409306958594e-01 4.392531514167785645e-01
9.999990463258789930e-01 -8.175476092051393081e-04 1.155542229868736746e-03 -1.188752532005310059e+00 8.063823867649096144e-04 9.999533205437861616e-01 9.630008754229476414e-03 -2.070775814354419708e-02 -1.163361244834959507e-03 -9.629067239474708995e-03 9.999529719656763405e-01 4.229722321033477783e-01
9.999997615814208984e-01 -7.076179220407753396e-04 5.608634995616047704e-05 -1.206766843795776367e+00 7.070555584505200386e-04 9.999549980838662311e-01 9.461979602781958598e-03 -2.048169635236263275e-02 -6.277929060161113739e-05 -9.461937472224235535e-03 9.999552369117736816e-01 4.158781766891479492e-01
9.999996423721597694e-01 -6.855726749573925636e-04 -4.323436391176172996e-04 -1.223069310188293457e+00 6.893443984574698646e-04 9.999611999671941254e-01 8.785035668161186168e-03 -2.060877159237861633e-02 4.263040609657764435e-04 -8.785330574472949294e-03 9.999613165901379830e-01 4.107200205326080322e-01
9.999998211860656738e-01 -5.467983110757236977e-04 -1.188413668834608771e-04 -1.238797426223754883e+00 5.476883961819112301e-04 9.999707346033808175e-01 7.623185034738852624e-03 -2.071530930697917938e-02 1.146695576608181000e-04 -7.623249199241399765e-03 9.999709129333496094e-01 4.080890417098999023e-01
9.999997615814208984e-01 -7.139987266106492293e-04 1.482414709509870222e-04 -1.233577966690063477e+00 7.129241712391376495e-04 9.999743692298181941e-01 7.126479915489525134e-03 -2.105654031038284302e-02 -1.533259637653827667e-04 -7.126372307538986206e-03 9.999746084213256836e-01 3.984399735927581787e-01
9.999995231628666659e-01 -9.181855956173904428e-04 2.922030913933931729e-04 -1.221537947654724121e+00 9.162392270385157078e-04 9.999778252796669431e-01 6.592885553756573300e-03 -2.112737856805324554e-02 -2.982501173391938210e-04 -6.592614648931321986e-03 9.999781847013089475e-01 3.876165449619293213e-01
9.999995231628666659e-01 -9.317415991389837960e-04 -3.439073719229624381e-04 -1.240246057510375977e+00 9.339867417931975446e-04 9.999778887639009239e-01 6.586961287638436191e-03 -2.137118205428123474e-02 3.377624088898301125e-04 -6.587279102219373295e-03 9.999782443059501702e-01 3.850946426391601562e-01
9.999994039535522461e-01 -1.100146404203461046e-03 -8.664667791730178625e-05 -1.242694735527038574e+00 1.100673805922269821e-03 9.999793177563983670e-01 6.342452288377794026e-03 -2.148170396685600281e-02 7.966725388541817665e-05 -6.342543754726648331e-03 9.999799132347106934e-01 3.777821362018585205e-01
9.999988079073709457e-01 -1.355958658800696928e-03 7.699556262973479776e-04 -1.249037981033325195e+00 1.350629672220327038e-03 9.999754356673904443e-01 6.880020706354045279e-03 -2.188985794782638550e-02 -7.792657124809920788e-04 -6.878972331740146329e-03 9.999760389398524296e-01 3.694375455379486084e-01
9.999986290934899102e-01 -1.451570507956787860e-03 7.407586691095711332e-04 -1.259779214859008789e+00 1.446088577854928725e-03 9.999719182580718568e-01 7.348058027890617093e-03 -2.228849008679389954e-02 -7.514041499234735966e-04 -7.346977152830558300e-03 9.999727010807397676e-01 3.623963594436645508e-01
9.999989867210388184e-01 -1.405080532799550530e-03 1.387615718086002473e-04 -1.314328074455261230e+00 1.403783913701772690e-03 9.999590497506332110e-01 8.939601802074290809e-03 -2.336227707564830780e-02 -1.513167517259716988e-04 -8.939398452639579773e-03 9.999600648880004883e-01 3.642021417617797852e-01
9.999986290933193800e-01 -1.595120020998685648e-03 4.266509970751996834e-04 -1.315361857414245605e+00 1.590498533487472166e-03 9.999423548862637068e-01 1.062133740921293590e-02 -2.353275008499622345e-02 -4.435686860233545303e-04 -1.062064398132023246e-02 9.999434948034746640e-01 3.466964960098266602e-01
9.999991655349731445e-01 -1.295932097075203418e-03 -1.170066983071170030e-04 -1.327316522598266602e+00 1.297318260185420513e-03 9.999179261335016111e-01 1.274656283242069435e-02 -2.421608939766883850e-02 1.004784135147929192e-04 -1.274670381098985672e-02 9.999187588691711426e-01 3.291035890579223633e-01
9.999992251397671339e-01 -9.060591278330879395e-04 -8.595488786829611535e-04 -1.353400111198425293e+00 9.177784296432109357e-04 9.999052989354005883e-01 1.373329034027235586e-02 -2.423284575343132019e-02 8.470242610201239586e-04 -1.373406846645830459e-02 9.999053478578190379e-01 3.135805130004882812e-01
9.999997019767903339e-01 -6.770508663233422778e-04 -2.555021462736460354e-04 -1.361889958381652832e+00 6.806118939452210359e-04 9.998988533188361005e-01 1.420466854008206603e-02 -2.448379620909690857e-02 2.458590315654873848e-04 -1.420483839781050417e-02 9.998990297377652325e-01 2.948430180549621582e-01
9.999997615814315566e-01 -6.337527104314115206e-04 3.338124718296762495e-04 -1.371675252914428711e+00 6.289083601439954263e-04 9.998972981282051586e-01 1.431772648380958378e-02 -2.445059642195701599e-02 -3.428520867601037025e-04 -1.431751259013930300e-02 9.998974204124522203e-01 2.769933044910430908e-01
9.999992847443905930e-01 -8.320735094293551593e-04 8.172471207848197583e-04 -1.368424296379089355e+00 8.200005373169491629e-04 9.998921056594997081e-01 1.466361015758345376e-02 -2.443606220185756683e-02 -8.293602149933576584e-04 -1.466293015464470439e-02 9.998921156314111158e-01 2.561095654964447021e-01
9.999989271166676019e-01 -9.488601078341065993e-04 1.154353698202308359e-03 -1.359444499015808105e+00 9.317670776839807878e-04 9.998912651529194839e-01 1.471895727560051589e-02 -2.434024214744567871e-02 -1.168194343335926533e-03 -1.471786539872732558e-02 9.998910427803586742e-01 2.333967387676239014e-01
9.999995827674865723e-01 -8.893657689868684655e-04 6.440157234333371945e-05 -1.361121416091918945e+00 8.883636328391730785e-04 9.998991480134211685e-01 1.417346120963273656e-02 -2.396243810653686523e-02 -7.700046990066766739e-05 -1.417339872568845749e-02 9.998995661735534668e-01 2.140803039073944092e-01
9.999993443489714195e-01 -1.018983812766286346e-03 -4.820827905212548442e-04 -1.358270764350891113e+00 1.025754137619822037e-03 9.998977849265865414e-01 1.425851688916487253e-02 -2.362739667296409607e-02 4.675043455790728331e-04 -1.425900233429622244e-02 9.998981952788454919e-01 1.920465528964996338e-01
9.999991059303283691e-01 -1.350911342539271465e-03 -1.327387968009010320e-04 -1.346294164657592773e+00 1.352563500404357910e-03 9.999099395329901219e-01 1.335407107590947696e-02 -2.296818420290946960e-02 1.146866707131266594e-04 -1.335423812270164490e-02 9.999108314514160156e-01 1.716887205839157104e-01
9.999989867210956618e-01 -1.369408328270021319e-03 2.982916623779694842e-04 -1.359168171882629395e+00 1.365680631805615830e-03 9.999251314080630504e-01 1.215771987034353595e-02 -2.268201485276222229e-02 -3.149182302877306938e-04 -1.215730069385162482e-02 9.999260306402391052e-01 1.583561152219772339e-01
9.999995827674865723e-01 -9.309403066809220865e-04 1.922217691510016733e-05 -1.348109126091003418e+00 9.306645370088517666e-04 9.999361035356556515e-01 1.126966685117639609e-02 -2.273769676685333252e-02 -2.971233334392309189e-05 -1.126964390277862549e-02 9.999365210533142090e-01 1.437431275844573975e-01
9.999993443489429978e-01 -1.070390761919000171e-03 2.588009362207913241e-04 -1.362751245498657227e+00 1.067520986943182315e-03 9.999405710737025998e-01 1.084559874462012567e-02 -2.310813404619693756e-02 -2.703946083784103394e-04 -1.084531592754622853e-02 9.999411106144684425e-01 1.327334493398666382e-01
9.999995827674865723e-01 -9.285138468441842463e-04 -1.174214598079915132e-04 -1.370662450790405273e+00 9.296589414589107037e-04 9.999479661865842139e-01 1.016003514183336232e-02 -2.364237233996391296e-02 1.079816138371825218e-04 -1.016013976186513901e-02 9.999483823776245117e-01 1.214609667658805847e-01
