0.000000000000000000e+00 0.000000000000000000e+00 0.000000000000000000e+00 0.000000000000000000e+00 0.000000000000000000e+00 0.000000000000000000e+00 0.000000000000000000e+00 0.000000000000000000e+00 0.000000000000000000e+00 0.000000000000000000e+00 0.000000000000000000e+00 0.000000000000000000e+00
9.999998211860727793e-01 -5.065905836557344335e-04 -3.629488734106856083e-04 4.348849412053823471e-03 5.033889019704501644e-04 9.999614341779951010e-01 -8.767768219784036893e-03 -1.017822045832872391e-02 3.673765459097921848e-04 8.767583816195467783e-03 9.999614954017665980e-01 4.594346284866333008e-01
9.999992847442626953e-01 -7.982981224143025371e-05 -1.219553186590834970e-03 -3.789386944845318794e-03 7.935695029219480556e-05 9.999999403578344603e-01 -3.877780814214856287e-04 -9.470010176301002502e-03 1.219584024511277676e-03 3.876810215979464846e-04 9.999992251396605525e-01 4.055375456809997559e-01
9.999983310699462891e-01 2.157911449556153358e-04 -1.812766680930930291e-03 -1.565080136060714722e-02 -2.063795157403597313e-04 9.999865274074073440e-01 5.190440401506755952e-03 -9.408969432115554810e-03 1.813862239941954613e-03 -5.190057400056735659e-03 9.999848604427086229e-01 3.746945559978485107e-01
9.999980926514773216e-01 3.962253602908809465e-04 -1.912361486565334907e-03 -2.975175902247428894e-02 -3.776240053517641859e-04 9.999527264887070332e-01 9.717479603296212687e-03 -9.540097787976264954e-03 1.916121342219412327e-03 -9.716738687786108386e-03 9.999509454645760798e-01 3.692756295204162598e-01
9.999982118607597670e-01 3.174802615261153012e-04 -1.856230102575445913e-03 -4.556929692625999451e-02 -2.920521846508684904e-04 9.999062940698162372e-01 1.368303827117211408e-02 -9.726380929350852966e-03 1.860400428995490074e-03 -1.368247215197215816e-02 9.999046327302174575e-01 3.718698322772979736e-01
9.999985694886071030e-01 3.962582363152636084e-04 -1.642762939549101365e-03 -6.302038580179214478e-02 -3.664775500486668058e-04 9.998363147194401224e-01 1.808924589563933732e-02 -9.955452755093574524e-03 1.649662037380039692e-03 -1.808861770994796281e-02 9.998350145675622969e-01 3.798803985118865967e-01
9.999982714654933602e-01 4.673195991767061918e-04 -1.792401225164214854e-03 -8.091910183429718018e-02 -4.283508260814299085e-04 9.997648429692151950e-01 2.168020595929763886e-02 -1.028008665889501572e-02 1.802111393772065639e-03 -2.167940189869443923e-02 9.997633699384671502e-01 3.996920287609100342e-01
9.999981522563103908e-01 6.627682783123693471e-04 -1.795807613628681030e-03 -9.811246395111083984e-02 -6.186457037786474711e-04 9.997006381172842682e-01 2.445989684284852542e-02 -1.058303751051425934e-02 1.811481197364628315e-03 -2.445874006474824114e-02 9.996991758570885622e-01 4.243769943714141846e-01
9.999983906745910645e-01 2.657189811962725259e-04 -1.800584754875118616e-03 -1.154198050498962402e-01 -2.188150509139369371e-04 9.996619717800689919e-01 2.599958925161717158e-02 -1.069423742592334747e-02 1.806884538382291794e-03 -2.599915216992865208e-02 9.996603732780506846e-01 4.481405019760131836e-01
9.999983906745910645e-01 -1.916604481842000031e-04 -1.805143732201821031e-03 -1.322727352380752563e-01 2.400827572088017059e-04 9.996391054805553456e-01 2.686272218769382089e-02 -1.077779382467269897e-02 1.799343735910952091e-03 -2.686311079232939214e-02 9.996374851312914700e-01 4.671144485473632812e-01
9.999989271165539151e-01 -5.493511702717204489e-04 -1.332234624044436851e-03 -1.461407393217086792e-01 5.842709230253588515e-04 9.996524656627687744e-01 2.635425404993079965e-02 -1.131281442940235138e-02 1.317293965257704258e-03 -2.635500458923445422e-02 9.996517303711556224e-01 4.873726367950439453e-01
9.999993443490140521e-01 -7.324117064366532934e-04 -8.570064999463492938e-04 -1.588778346776962280e-01 7.527399211635504850e-04 9.997124824185251724e-01 2.396515033881701021e-02 -1.198284327983856201e-02 8.392077870666980743e-04 -2.396578043432628924e-02 9.997124076916819035e-01 5.272012948989868164e-01
9.999997019767903339e-01 -7.215181027410258506e-04 -3.433368722826406704e-04 -1.710100173950195312e-01 7.288502676911466638e-04 9.997608714392951512e-01 2.185758406066087497e-02 -1.233080495148897171e-02 3.274841001257300377e-04 -2.185782659901214231e-02 9.997610449933347354e-01 5.607313513755798340e-01
9.999997019767903339e-01 -7.211774914833450536e-04 2.994190252235629716e-04 -1.754835397005081177e-01 7.149453314426318373e-04 9.997933461846449932e-01 2.031710166826746627e-02 -1.253118272870779037e-02 -3.140093758702278137e-04 -2.031688084799754268e-02 9.997935295228010943e-01 5.501043200492858887e-01
9.999988675119624304e-01 -7.346440067086604372e-04 1.322996940149595221e-03 -1.768878549337387085e-01 7.096468529090398103e-04 9.998230756287361798e-01 1.879671537027166606e-02 -1.314791198819875717e-02 -1.336571760475635529e-03 -1.879575471958083721e-02 9.998224379211677615e-01 5.282370448112487793e-01
9.999978542335092868e-01 -9.252113113298914482e-04 1.835967175972238498e-03 -1.759786456823348999e-01 8.933666086836794529e-04 9.998504234417828762e-01 1.727058385368505228e-02 -1.349756214767694473e-02 -1.851671608164906502e-03 -1.726890723114160586e-02 9.998491409018512854e-01 4.981431066989898682e-01
9.999964237232283892e-01 -1.171684497521051360e-03 2.410205238087279826e-03 -1.799524277448654175e-01 1.134235824482576760e-03 9.998794964653089368e-01 1.548068674927986950e-02 -1.368585415184497833e-02 -2.428053412586450577e-03 -1.547789802883753341e-02 9.998772743863142409e-01 4.913299977779388428e-01
9.999972581866529708e-01 -4.610094407215641326e-04 2.283103203729554796e-03 -1.864545196294784546e-01 4.283615678834368223e-04 9.998979428569412242e-01 1.427967762684765468e-02 -1.380933821201324463e-02 -2.289453288540244102e-03 -1.427866126520971335e-02 9.998954537203701420e-01 4.911316931247711182e-01
9.999974966049194336e-01 -9.939182716725211697e-05 2.249036518880281887e-03 -1.903540343046188354e-01 6.908830421992889770e-05 9.999092796366065850e-01 1.347007128385252668e-02 -1.340450253337621689e-02 -2.250171266496181488e-03 -1.346988211652844214e-02 9.999067785626749583e-01 4.817580580711364746e-01
9.999968409538269043e-01 -1.152073548043653414e-04 2.521577035466295372e-03 -2.134777009487152100e-01 8.031822746592739981e-05 9.999043317422969812e-01 1.383196428410947074e-02 -1.386649347841739655e-02 -2.522929338738322258e-03 -1.383171797046850449e-02 9.999011758011739914e-01 5.215973258018493652e-01
9.999968409540116454e-01 -4.472881590028620962e-04 2.495894017240161793e-03 -2.242628782987594604e-01 4.137495397937146491e-04 9.999098638909484915e-01 1.342189725287623245e-02 -1.366930641233921051e-02 -2.501672366634011269e-03 -1.342082147986412011e-02 9.999068382193598836e-01 5.309453010559082031e-01
9.999957084665425100e-01 -7.084671074063924332e-04 2.828778501209992021e-03 -2.329047620296478271e-01 6.704256122893742509e-04 9.999096138372193243e-01 1.342640108135833600e-02 -1.361695211380720139e-02 -2.838035114109516144e-03 -1.342444734328274158e-02 9.999058250265306924e-01 5.329642891883850098e-01
9.999962449078125815e-01 -5.678554960619865491e-04 2.686718341560095143e-03 -2.632704973220825195e-01 5.291498933837797403e-04 9.998963866306181947e-01 1.438512187714634412e-02 -1.406487729400396347e-02 -2.694608643651008606e-03 -1.438364558484728217e-02 9.998928908295567908e-01 5.844326615333557129e-01
9.999960660938995716e-01 -4.845923689803357040e-04 2.758764189640323765e-03 -2.690976560115814209e-01 4.439519488400600622e-04 9.998916207056549599e-01 1.471299055049679790e-02 -1.353909820318222046e-02 -2.765595214441418648e-03 -1.471170852017777975e-02 9.998879436807328602e-01 5.711901783943176270e-01
9.999953508385068801e-01 -6.163228594034730673e-04 2.982130724207915796e-03 -2.718314528465270996e-01 5.716900395933005585e-04 9.998881561550805319e-01 1.494452818942801006e-02 -1.325899269431829453e-02 -2.991007873788475990e-03 -1.494275431563951706e-02 9.998838906510449931e-01 5.517540574073791504e-01
9.999949336080860007e-01 -1.167757609813694719e-03 2.962043851997489194e-03 -2.942251563072204590e-01 1.124511402370881319e-03 9.998933186004466123e-01 1.456002612625197784e-02 -1.362894289195537567e-02 -2.978730713948607445e-03 -1.455662218810360731e-02 9.998896126653136207e-01 5.837298631668090820e-01
9.999949336087254892e-01 -1.342789983989422543e-03 2.879191881826745868e-03 -3.311611115932464600e-01 1.298239781310286944e-03 9.998802559421452463e-01 1.541959366377717959e-02 -1.380528043955564499e-02 -2.899552462622523308e-03 -1.541577740610672320e-02 9.998769169115107047e-01 6.371659040451049805e-01
9.999967217450915768e-01 -6.448914490638516179e-04 2.474429324909797629e-03 -3.115790486335754395e-01 6.125002625331360528e-04 9.999144474794759985e-01 1.306885863758803536e-02 -1.306502614170312881e-02 -2.482645446434617043e-03 -1.306729997684330513e-02 9.999115469717025917e-01 5.830244421958923340e-01
9.999960064890345279e-01 -3.874360379291411191e-04 2.808931593620442053e-03 -2.988529503345489502e-01 3.561603911897068264e-04 9.999380596312258396e-01 1.112632081966839596e-02 -1.235788036137819290e-02 -2.813068218529224396e-03 -1.112527587139033880e-02 9.999341967155572775e-01 5.498601794242858887e-01
9.999946355825954925e-01 -5.575918604257639171e-04 3.227336196812266491e-03 -3.068021237850189209e-01 5.254914079949879469e-04 9.999505112699372811e-01 9.938733357187786235e-03 -1.251825224608182907e-02 -3.232717979699373245e-03 -9.936983729353254802e-03 9.999454024042506717e-01 5.592086911201477051e-01
9.999871850028867470e-01 -5.646207887542737530e-04 5.036726542500835971e-03 -3.112095892429351807e-01 5.178554593629688951e-04 9.999568220161849652e-01 9.281342995314282099e-03 -1.317728124558925629e-02 -5.041749216616153717e-03 -9.278615482438246076e-03 9.999442702034926356e-01 5.634518265724182129e-01
9.999849796405548830e-01 -1.298956650670959802e-03 5.321366040804379957e-03 -3.426763117313385010e-01 1.248123853863740418e-03 9.999536833356580390e-01 9.544785714632589291e-03 -1.440326683223247528e-02 -5.333517678081989288e-03 -9.538000547015368369e-03 9.999402767937972669e-01 6.105439066886901855e-01
9.999811053436999941e-01 -1.390740131553768431e-03 5.988372570404661491e-03 -3.417032659053802490e-01 1.338160606628488458e-03 9.999605905710317044e-01 8.775344985546072729e-03 -1.436187978833913803e-02 -6.000340916216373444e-03 -8.767165751354832892e-03 9.999435550934308026e-01 5.991116166114807129e-01
9.999805093109017662e-01 -1.889856176521877065e-03 5.955093237197688419e-03 -3.665160834789276123e-01 1.833094792694674180e-03 9.999529870769040540e-01 9.522660391320230192e-03 -1.444903388619422913e-02 -5.972809623926877975e-03 -9.511558323703761531e-03 9.999369390920840317e-01 6.286589503288269043e-01
9.999883771098794227e-01 -1.816228796294802042e-03 4.472136747915852334e-03 -3.879619836807250977e-01 1.775198894790691595e-03 9.999564753415073337e-01 9.161506970242897993e-03 -1.435428857803344727e-02 -4.488581325858831406e-03 -9.153461079269342715e-03 9.999480251718431134e-01 6.514523625373840332e-01
9.999933838906400752e-01 -1.524013821001775088e-03 3.301096831799280821e-03 -4.179310202598571777e-01 1.490457308608333920e-03 9.999474382493026559e-01 1.014397652343864038e-02 -1.460542250424623489e-02 -3.316382877528667450e-03 -1.013898970680426892e-02 9.999431374506286829e-01 6.833724379539489746e-01
9.999971985829105847e-01 -1.054615232351404893e-03 2.113403950734860440e-03 -4.341280162334442139e-01 1.034659784009406280e-03 9.999550970340667089e-01 9.421265041509477994e-03 -1.473678275942802429e-02 -2.123244805261492729e-03 -9.419052016747753164e-03 9.999533892682279657e-01 6.993078589439392090e-01
9.999989867211880323e-01 -5.574274487032512999e-04 1.301352803520742108e-03 -4.459781348705291748e-01 5.460000348124285918e-04 9.999614295511248807e-01 8.765080998265182069e-03 -1.482268609106540680e-02 -1.306188525632023811e-03 -8.764362099696887398e-03 9.999607801757690595e-01 7.081301212310791016e-01
9.999998211860727793e-01 -2.813249639689489401e-04 5.147903858055788862e-04 -4.577525854110717773e-01 2.772887488892636365e-04 9.999693620928689075e-01 7.823840172150282185e-03 -1.481948699802160263e-02 -5.169756477698683739e-04 -7.823696358657206140e-03 9.999693036115857581e-01 7.200056314468383789e-01
1.000000000000000000e+00 -9.400443966264661138e-05 -1.662502846269192040e-04 -4.641329348087310791e-01 9.528128430247306824e-05 9.999703766129370841e-01 7.696988588552295535e-03 -1.436864212155342102e-02 1.655218075029551983e-04 -7.697004359215497971e-03 9.999703764915466309e-01 7.203351855278015137e-01
9.999993443489074707e-01 -2.258549079823100490e-04 -1.144761874107650193e-03 -4.731036126613616943e-01 2.347000034256738199e-04 9.999700805426560146e-01 7.732340571395406557e-03 -1.454062573611736298e-02 1.142981229349970818e-03 -7.732603751349625965e-03 9.999694228368483095e-01 7.234726548194885254e-01
9.999981522561185443e-01 -3.745111191950892975e-04 -1.880960190350827428e-03 -4.814432263374328613e-01 3.896533761771209248e-04 9.999674617614706662e-01 8.056375968161699416e-03 -1.455160696059465408e-02 1.877881819382309914e-03 -8.057093741700382949e-03 9.999657273873410190e-01 7.242045998573303223e-01
9.999948143962100744e-01 -2.508163136408695748e-04 -3.204968976388090918e-03 -4.963161647319793701e-01 2.795724652011541411e-04 9.999596556946098724e-01 8.975068180406362700e-03 -1.439868658781051636e-02 3.202588763087987900e-03 -8.975918028777396529e-03 9.999545814672217148e-01 7.290449738502502441e-01
9.999881982810343573e-01 -2.759268608670978904e-04 -4.855363123585696924e-03 -5.124564170837402344e-01 3.293071971704301937e-04 9.999394592579631258e-01 1.099673169129849852e-02 -1.447563432157039642e-02 4.852035082876682281e-03 -1.099820093536224563e-02 9.999277598809150902e-01 7.280482649803161621e-01
9.999846816072022193e-01 -2.527209490797894826e-04 -5.528333760218004725e-03 -5.301742553710937500e-01 3.252310993451246190e-04 9.999138948688566231e-01 1.311913137147925797e-02 -1.447859033942222595e-02 5.524542182683944702e-03 -1.312072856975987634e-02 9.998986734171921853e-01 7.250702977180480957e-01
9.999818205854964503e-01 -4.142951127681272099e-04 -6.017976164340490403e-03 -5.476334095001220703e-01 5.009377823575224264e-04 9.998961524983936977e-01 1.440294463452999885e-02 -1.468436419963836670e-02 6.011384073644876480e-03 -1.440569724857215794e-02 9.998781699802172795e-01 7.211313247680664062e-01
9.999871254012049349e-01 -7.581346723046783346e-04 -5.010853133413593549e-03 -5.621904730796813965e-01 8.323497609972821398e-04 9.998897335480377846e-01 1.482541853208486742e-02 -1.484235469251871109e-02 4.999061115086078644e-03 -1.482939877583244748e-02 9.998775138314854871e-01 7.155063152313232422e-01
9.999935627024569840e-01 -1.155361257883928553e-03 -3.399941504024450722e-03 -5.861641764640808105e-01 1.203494710555474967e-03 9.998986107577561011e-01 1.418931558342722936e-02 -1.551056932657957077e-02 3.383202943950891495e-03 -1.419331580006399918e-02 9.998935466808234196e-01 7.295475602149963379e-01
9.999975562110563487e-01 -1.553405367149643043e-03 -1.564174336080872973e-03 -6.115398406982421875e-01 1.572667608953137730e-03 9.999220077223324177e-01 1.238966353445164134e-02 -1.648050174117088318e-02 1.544806174933910370e-03 -1.239209355609616203e-02 9.999220372161516934e-01 7.510841488838195801e-01
9.999976754195571971e-01 -1.973010492350358702e-03 -8.627269643571110593e-04 -6.245165467262268066e-01 1.982726378955690372e-03 9.999329639121726787e-01 1.140994147714864682e-02 -1.691860146820545197e-02 8.401571540161967278e-04 -1.141162553609742503e-02 9.999345541233140011e-01 7.547724843025207520e-01
9.999970793731876029e-01 -2.278027755627438401e-03 -7.630347630709090855e-04 -6.343618035316467285e-01 2.285699610203417720e-03 9.999452407329183501e-01 1.020914673952280464e-02 -1.761007867753505707e-02 7.397363078780472279e-04 -1.021086120281688991e-02 9.999475479281407786e-01 7.559855580329895020e-01
9.999971389782977838e-01 -2.143302747176624532e-03 -1.029641093870669677e-03 -6.412971019744873047e-01 2.153049465122486295e-03 9.999519795383696730e-01 9.560240784709300374e-03 -1.787805743515491486e-02 1.009101164527237415e-03 -9.562430430238244572e-03 9.999537468201786794e-01 7.523139119148254395e-01
9.999932050796367378e-01 -1.873990014213654416e-03 -3.164811709679379078e-03 -6.425687670707702637e-01 1.907389255145705564e-03 9.999421279086414538e-01 1.058346465361621747e-02 -1.787691935896873474e-02 3.144795540720224380e-03 -1.058942987459732255e-02 9.999389651212275965e-01 7.356915473937988281e-01
9.999853372756071224e-01 -1.596381061272385618e-03 -5.176296411144365450e-03 -6.446301341056823730e-01 1.661708027858095627e-03 9.999187481413007728e-01 1.264076956238067463e-02 -1.781190559267997742e-02 5.155696067959070206e-03 -1.264918546045712411e-02 9.999067197941329255e-01 7.143226861953735352e-01
9.999907612875205132e-01 -1.298105316591083129e-03 -4.107395274067027549e-03 -6.511461734771728516e-01 1.350710771540641897e-03 9.999168033052453497e-01 1.283074892382719129e-02 -1.723374053835868835e-02 4.090397618710994720e-03 -1.283617782116586170e-02 9.999092824180308980e-01 7.029611468315124512e-01
9.999967813507453229e-01 -1.086492233697339575e-03 -2.299285664441260563e-03 -6.611776947975158691e-01 1.111926039502081354e-03 9.999379202045999282e-01 1.108940267094729419e-02 -1.749487407505512238e-02 2.287094248458743095e-03 -1.109192312235252054e-02 9.999358655635433024e-01 7.021481394767761230e-01
9.999982714657917882e-01 -8.000154639336705094e-04 -1.657353449844076133e-03 -6.773035526275634766e-01 8.166436901305244855e-04 9.999490515933397994e-01 1.005673135004655182e-02 -1.798339374363422394e-02 1.649223617278039455e-03 -1.005806792015556672e-02 9.999480248191296994e-01 7.080105543136596680e-01
9.999974370008288815e-01 -6.561430057670970687e-04 -2.174678230047092254e-03 -7.032091021537780762e-01 6.773712199903136888e-04 9.999519730262593775e-01 9.775212610961672016e-03 -1.836323738098144531e-02 2.168159931898117065e-03 -9.776660797556790961e-03 9.999498726048656749e-01 7.234344482421875000e-01
9.999989271165929949e-01 -6.727103983957107101e-04 -1.288362239124543228e-03 -7.235767841339111328e-01 6.830759350801365870e-04 9.999672841234518161e-01 8.062062811793791958e-03 -1.859235391020774841e-02 1.282896613702178001e-03 -8.062934293974977074e-03 9.999666810306777620e-01 7.383162379264831543e-01
9.999994039536375112e-01 -8.416111055481213798e-04 -6.592550663714305710e-04 -7.404645681381225586e-01 8.464436124175633847e-04 9.999725263396446184e-01 7.364634578712496438e-03 -1.886645145714282990e-02 6.530387909151613712e-04 -7.365188202365646752e-03 9.999726414745140346e-01 7.472733855247497559e-01
9.999991655349731445e-01 -1.272288181441590376e-03 -1.983368355637029782e-05 -7.609351277351379395e-01 1.272414461709558964e-03 9.999594093663971561e-01 8.914472919103109266e-03 -1.910438202321529388e-02 8.491100743412971497e-06 -8.914491161704063416e-03 9.999602437019348145e-01 7.528046369552612305e-01
9.999995827675078885e-01 -8.065614401045866902e-04 -3.942443715838085108e-04 -7.802091836929321289e-01 8.099319046962587254e-04 9.999624517925814748e-01 8.625099347393548610e-03 -1.906495541334152222e-02 3.872729139402508736e-04 -8.625415571009154014e-03 9.999627470992322742e-01 7.565459012985229492e-01
9.999992847442626953e-01 -2.034313362911427305e-04 -1.221356133131815732e-03 -7.809588313102722168e-01 2.124851097458219096e-04 9.999724645766961961e-01 7.417328378121867960e-03 -1.826209574937820435e-02 1.219813595525920391e-03 -7.417582257923438505e-03 9.999717474180727095e-01 7.477354407310485840e-01
9.999985694885253906e-01 -8.628390724722129201e-05 -1.679961871769809984e-03 -7.928065657615661621e-01 9.741067222970856143e-05 9.999780665743952524e-01 6.624271491036430419e-03 -1.801275461912155151e-02 1.679353415966033936e-03 -6.624425598297012385e-03 9.999766350106256141e-01 7.496824860572814941e-01
9.999985098838806152e-01 -2.276498507051414374e-04 -1.725264222021940554e-03 -8.163688778877258301e-01 2.377895238215056717e-04 9.999827170632336060e-01 5.879247425120332805e-03 -1.802232488989830017e-02 1.723895897157490253e-03 -5.879648581657792583e-03 9.999812245626529261e-01 7.651166915893554688e-01
9.999993443489429978e-01 -2.623396199041797970e-04 -1.093785854781477050e-03 -8.296424150466918945e-01 2.676290610966261529e-04 9.999882593004906228e-01 4.838569319813544600e-03 -1.841185614466667175e-02 1.092503662221133709e-03 -4.838859106533532906e-03 9.999877214501395883e-01 7.737264633178710938e-01
9.999994635582609703e-01 -6.055738392218098674e-04 -8.740155402623753234e-04 -8.537878394126892090e-01 6.095874271526413590e-04 9.999892736086735123e-01 4.599191596847553021e-03 -1.926684379577636719e-02 8.712209528312087059e-04 -4.599721854278981947e-03 9.999890923537790854e-01 7.904183864593505859e-01
9.999976754192374528e-01 -5.719337919680316830e-04 -2.084924557923851802e-03 -8.751473426818847656e-01 5.832882887692181217e-04 9.999849862508114473e-01 5.449462822873341050e-03 -1.959823444485664368e-02 2.081776503473520279e-03 -5.450666362082356997e-03 9.999830127080855391e-01 8.007022738456726074e-01
9.999943971652669461e-01 -8.271451540603332259e-04 -3.244720917694897920e-03 -8.959982991218566895e-01 8.488355966590754864e-04 9.999772494330649852e-01 6.689163627215535292e-03 -1.954756677150726318e-02 3.239114303141832352e-03 -6.691880348261625144e-03 9.999723435623764090e-01 8.079859614372253418e-01
9.999908804929802386e-01 -8.523733098142162934e-04 -4.180826481137283127e-03 -9.076427221298217773e-01 8.867680108804246175e-04 9.999656982193320109e-01 8.231825579517380170e-03 -1.915612816810607910e-02 4.173666704446077347e-03 -8.235458328582079268e-03 9.999573829741237319e-01 8.016355633735656738e-01
9.999949932122369489e-01 -1.016110500309537479e-03 -3.000847197873341039e-03 -9.154145717620849609e-01 1.046106199424523542e-03 9.999493674077104544e-01 1.001115356256353749e-02 -1.911620423197746277e-02 2.990522654727101326e-03 -1.001424242874743298e-02 9.999454023694731575e-01 7.890902161598205566e-01
9.999988675119197978e-01 -1.388262761026070853e-03 -6.163909895522966297e-04 -9.127156138420104980e-01 1.394513977927405723e-03 9.999464240899568201e-01 1.025978379439371722e-02 -1.906962879002094269e-02 6.021146546117961407e-04 -1.026063135821225769e-02 9.999471902941401424e-01 7.671838402748107910e-01
9.999987483025947199e-01 -1.510150990905630153e-03 4.350756740966754969e-04 -9.046304225921630859e-01 1.505450049696835380e-03 9.999425935865098314e-01 1.060975641199934059e-02 -1.864626631140708923e-02 -4.510730213951319456e-04 -1.060908813219196833e-02 9.999436140127500039e-01 7.394509911537170410e-01
9.999991655350584097e-01 -1.210560405132878265e-03 -4.817961243738225945e-04 -9.112784266471862793e-01 1.215740311318283529e-03 9.999398651656955517e-01 1.090022548567625739e-02 -1.802264153957366943e-02 4.685717576649039984e-04 -1.090080161085094090e-02 9.999404549669534958e-01 7.256078124046325684e-01
9.999896287965270858e-01 -9.273181103188565897e-04 -4.455967499529682289e-03 -9.292491674423217773e-01 9.852707454748727001e-04 9.999147628206650484e-01 1.302108613185104340e-02 -1.678938046097755432e-02 4.443512763828039169e-03 -1.302534119915765842e-02 9.999052890586668241e-01 7.143466472625732422e-01
9.999833107043478719e-01 -6.607512165102257667e-04 -5.738918400212676338e-03 -9.458026289939880371e-01 7.361283469281415526e-04 9.999133307178250663e-01 1.314220880910774159e-02 -1.656650751829147339e-02 5.729737691581249237e-03 -1.314621476719857185e-02 9.998971834044070306e-01 7.075182199478149414e-01
9.999985098844135223e-01 -1.084313388941661590e-03 -1.346232277230670652e-03 -9.618952274322509766e-01 1.100308907872535324e-03 9.999281343557058221e-01 1.193835993709957410e-02 -1.790809631347656250e-02 1.333190593868494034e-03 -1.193982319697689531e-02 9.999278188389126854e-01 7.058916687965393066e-01
9.999971985835856003e-01 -1.526903417902277914e-03 1.803250091096971494e-03 -9.576898813247680664e-01 1.506938761622861334e-03 9.999381598324846854e-01 1.102139172071120096e-02 -1.860401779413223267e-02 -1.819967059418559074e-03 -1.101864339276970028e-02 9.999376536428314921e-01 6.896488666534423828e-01
9.999874830336956677e-01 -1.286788012159116893e-03 4.838967036926953257e-03 -9.417298436164855957e-01 1.236571030811754734e-03 9.999455188391708216e-01 1.036633686041276564e-02 -1.866302266716957092e-02 -4.852042533457279205e-03 -1.036022359204213927e-02 9.999346143345775317e-01 6.649969816207885742e-01
9.999960660941162871e-01 -6.490675232694762768e-04 2.724716699696532775e-03 -9.154222011566162109e-01 6.260048606795479142e-04 9.999640439556563010e-01 8.456576995389614854e-03 -1.814944297075271606e-02 -2.730107633396983147e-03 -8.454837752474630985e-03 9.999604822548064931e-01 6.381306648254394531e-01
9.999978542330296705e-01 -4.193062988219938285e-04 -2.026502539069843355e-03 -9.164034128189086914e-01 4.364754890347002925e-04 9.999639466816809819e-01 8.479322216009065744e-03 -1.697829738259315491e-02 2.022874075919389725e-03 -8.480188946306199682e-03 9.999620319141158120e-01 6.259718537330627441e-01
9.999879002592422239e-01 -5.859348665404071153e-04 -4.885857561652317931e-03 -9.203219413757324219e-01 6.319358117181650414e-04 9.999554447906718879e-01 9.418899157283290233e-03 -1.639747805893421173e-02 4.880120977759361267e-03 -9.421872346285997679e-03 9.999436741400415940e-01 6.129713058471679688e-01
9.999917149553496643e-01 -3.994373553580729281e-04 -4.051715270297295834e-03 -9.436146020889282227e-01 4.387277557548370510e-04 9.999528103573912530e-01 9.700972646645353997e-03 -1.682503521442413330e-02 4.047649446874856949e-03 -9.702670319277739708e-03 9.999447468788034143e-01 6.162255406379699707e-01
9.999987483025307711e-01 -2.336566281147408296e-04 -1.544369083491835271e-03 -9.779635071754455566e-01 2.473249295015939042e-04 9.999607239196204311e-01 8.856153941617107492e-03 -1.805057749152183533e-02 1.542239217087626457e-03 -8.856525331394804468e-03 9.999595880975959972e-01 6.293315887451171875e-01
9.999998807907104492e-01 -4.967350786441249513e-04 1.794940525947721853e-05 -1.005055069923400879e+00 4.965545958839356899e-04 9.999598859793530359e-01 8.946725906397810096e-03 -1.961975730955600739e-02 -2.239283639937639236e-05 -8.946715854108333588e-03 9.999600052833557129e-01 6.357517242431640625e-01
9.999997019767974393e-01 -4.588698380701314544e-04 6.064611429276202392e-04 -1.009257674217224121e+00 4.538169075894524923e-04 9.999653674053228247e-01 8.305887031708076781e-03 -1.974172145128250122e-02 -6.102515035308897495e-04 -8.305609603712960087e-03 9.999653101029117863e-01 6.296591758728027344e-01
9.999999403953552246e-01 -3.516573803064841782e-04 -9.997984240549097150e-05 -1.009516000747680664e+00 3.525196225382387638e-04 9.999615553055949402e-01 8.758964728837616287e-03 -1.960229128599166870e-02 9.689584840089082718e-05 -8.758999407291412354e-03 9.999616146087646484e-01 6.164242625236511230e-01
9.999998211860727793e-01 -4.892936848146973734e-04 -4.218713234030383851e-04 -1.015347599983215332e+00 4.932605949522182731e-04 9.999551792583166732e-01 9.454830384071436986e-03 -1.984054967761039734e-02 4.172262270003557205e-04 -9.455036739704769655e-03 9.999552369144382169e-01 6.041538119316101074e-01
9.999998807907104492e-01 -2.226667565635083196e-04 -4.842052744660529429e-04 -1.020314812660217285e+00 2.274483287582271251e-04 9.999510060670269151e-01 9.897559226291648832e-03 -1.964378543198108673e-02 4.819776804652065039e-04 -9.897667666057485825e-03 9.999508857785457394e-01 5.904136300086975098e-01
9.999998211860727793e-01 -4.539170543537152927e-04 3.844048899298593250e-04 -1.035025238990783691e+00 4.499394003803624392e-04 9.999470096767025806e-01 1.028518437636904287e-02 -2.002614364027976990e-02 -3.890531370416283607e-04 -1.028500994831260673e-02 9.999470710785907102e-01 5.818143486976623535e-01
9.999997019767974393e-01 -6.461990697406951771e-04 4.832064808074988714e-04 -1.052795410156250000e+00 6.410883906676212440e-04 9.999446836004983741e-01 1.050296355047784791e-02 -2.031160891056060791e-02 -4.899667110294103622e-04 -1.050265008179529502e-02 9.999447465008657332e-01 5.757745504379272461e-01
9.999995231628666659e-01 -9.177008007545512346e-04 3.794335484690043009e-04 -1.066551566123962402e+00 9.136985792063991030e-04 9.999453388613134264e-01 1.041684478923159650e-02 -2.052650228142738342e-02 -3.889723448082804680e-04 -1.041649313023723655e-02 9.999457001718425886e-01 5.698854923248291016e-01
9.999995827674865723e-01 -9.234162721887172404e-04 5.931145370888119017e-06 -1.062010765075683594e+00 9.233103482984006405e-04 9.999492763275986684e-01 1.002957352214795331e-02 -2.016508206725120544e-02 -1.519231591373682022e-05 -1.002956368029117584e-02 9.999496936798095703e-01 5.575122237205505371e-01
9.999991655350584097e-01 -1.202043933252680942e-03 4.282556750931726061e-04 -1.056331992149353027e+00 1.197645065096591965e-03 9.999480194447787351e-01 1.012777866827445535e-02 -2.032426558434963226e-02 -4.404074279591441154e-04 -1.012725727978247559e-02 9.999486208023142808e-01 5.432628393173217773e-01
9.999985694885253906e-01 -1.704590778937420175e-03 -6.050897633116815146e-05 -1.060530304908752441e+00 1.705151866190135479e-03 9.999384292698568766e-01 1.096671131181998528e-02 -2.108213491737842560e-02 4.181149415671825409e-05 -1.096679829061031342e-02 9.999398589134216309e-01 5.318132638931274414e-01
9.999972581867986321e-01 -2.251433154870002406e-03 -6.344107887426180589e-04 -1.078371882438659668e+00 2.259110162268179733e-03 9.999209217861110277e-01 1.237199069815700034e-02 -2.222379297018051147e-02 6.065058987587690353e-04 -1.237339025764599976e-02 9.999232888358591254e-01 5.231914520263671875e-01
9.999971389779460651e-01 -2.218997547782430857e-03 -8.969483517895519755e-04 -1.094547629356384277e+00 2.229952852891570192e-03 9.999205712501640919e-01 1.240325461855241139e-02 -2.273652702569961548e-02 8.693543495610356331e-04 -1.240521970800489981e-02 9.999226928032456385e-01 5.142278671264648438e-01
9.999970197684149298e-01 -2.339800165235345758e-03 -7.076463971003797400e-04 -1.099456071853637695e+00 2.348982401807198084e-03 9.999092434519177841e-01 1.326586838242556007e-02 -2.250496670603752136e-02 6.765426951460540295e-04 -1.326749064356236296e-02 9.999117255420770789e-01 4.965372383594512939e-01
9.999975562095642090e-01 -2.217152874635765301e-03 8.121864099226377780e-05 -1.125146150588989258e+00 2.215863438323140144e-03 9.999074905119679224e-01 1.341911477622537499e-02 -2.283314429223537445e-02 -1.109633594751358032e-04 -1.341890171170234680e-02 9.999099373817443848e-01 4.903840124607086182e-01
9.999983906746834350e-01 -1.754715282442460486e-03 -4.054223563758693077e-04 -1.148570895195007324e+00 1.759824005301349747e-03 9.999144165907186688e-01 1.296436456378023336e-02 -2.290923707187175751e-02 3.826388856396079063e-04 -1.296505720376622817e-02 9.999158978512312501e-01 4.839406311511993408e-01
9.999987483027439339e-01 -1.350685529201394851e-03 -7.545781246915808432e-04 -1.177676677703857422e+00 1.359970834859836053e-03 9.999216324510697973e-01 1.244344011942065224e-02 -2.288745157420635223e-02 7.377118454314768314e-04 -1.244445146785522205e-02 9.999222755662877660e-01 4.812717735767364502e-01
9.999995231628844294e-01 -8.064575701740542453e-04 -4.975845648209930618e-04 -1.193883299827575684e+00 8.119251193232576713e-04 9.999381944041554338e-01 1.108764465645272444e-02 -2.195402793586254120e-02 4.886121023446321487e-04 -1.108804399215634895e-02 9.999384284092727171e-01 4.752660691738128662e-01
9.999998807907104492e-01 -4.834318254422641692e-04 -3.136611743768801680e-05 -1.194586992263793945e+00 4.837329324800521135e-04 9.999454022847876766e-01 1.044000871020028809e-02 -2.193552069365978241e-02 2.631737152114510536e-05 -1.044002268463373184e-02 9.999455213546752930e-01 4.621201455593109131e-01
9.999989867211453998e-01 -4.999512359256277731e-04 1.342280016846587442e-03 -1.192435860633850098e+00 4.865446259889206343e-04 9.999501639884169624e-01 9.969765783301842016e-03 -2.178411372005939484e-02 -1.347197568975389004e-03 -9.969102618892611289e-03 9.999493957010301415e-01 4.497299492359161377e-01
9.999982714656567850e-01 -7.209465373044485247e-04 1.705551536034378155e-03 -1.194198846817016602e+00 7.049366804767684402e-04 9.999558812663108531e-01 9.368946374035704711e-03 -2.153122797608375549e-02 -1.712230732664465904e-03 -9.367727685359650280e-03 9.999546409306958594e-01 4.392529428005218506e-01
9.999990463258789930e-01 -8.175425789501772822e-04 1.155516673163049703e-03 -1.188752412796020508e+00 8.063776137398441513e-04 9.999533205440471750e-01 9.629999414802515451e-03 -2.070779167115688324e-02 -1.163335633464157581e-03 -9.629057926255069066e-03 9.999529719656763405e-01 4.229717552661895752e-01
9.999997615814208984e-01 -7.076058709722724254e-04 5.609253693406244233e-05 -1.206766963005065918e+00 7.070434512570500374e-04 9.999549980838341456e-01 9.461952597953652774e-03 -2.048170566558837891e-02 -6.278534419834613800e-05 -9.461910463869571686e-03 9.999552369117736816e-01 4.158778190612792969e-01
9.999996423721597694e-01 -6.855730360705221968e-04 -4.323955616436859551e-04 -1.223069429397583008e+00 6.893452133646255087e-04 9.999611999675099838e-01 8.785030044089408435e-03 -2.060878835618495941e-02 4.263559821993112564e-04 -8.785324986538167735e-03 9.999613165901379830e-01 4.107197523117065430e-01
9.999998211860656738e-01 -5.467994140381094012e-04 -1.188693090796459270e-04 -1.238797545433044434e+00 5.476896767504513264e-04 9.999707942081311751e-01 7.623160804903832306e-03 -2.071532048285007477e-02 1.146974973380565643e-04 -7.623224984854459763e-03 9.999709725379943848e-01 4.080888330936431885e-01
9.999997615814208984e-01 -7.139829387574663433e-04 1.482793849230168491e-04 -1.233577966690063477e+00 7.129081059247255325e-04 9.999743692296382269e-01 7.126528368760870827e-03 -2.105650492012500763e-02 -1.533637987449765205e-04 -7.126420736312866211e-03 9.999746084213256836e-01 3.984397053718566895e-01
9.999995231628666659e-01 -9.181848144511925262e-04 2.922443241971808630e-04 -1.221538066864013672e+00 9.162381793006817154e-04 9.999778252794246924e-01 6.592868361741944551e-03 -2.112735435366630554e-02 -2.982913283631205559e-04 -6.592597419464718556e-03 9.999781847013089475e-01 3.876162469387054443e-01
9.999995231628666659e-01 -9.317355154710453471e-04 -3.439119872513726880e-04 -1.240246772766113281e+00 9.339806881968233665e-04 9.999778887639156899e-01 6.586959888350697560e-03 -2.137112431228160858e-02 3.377670655027031898e-04 -6.587277705235594638e-03 9.999782443059501702e-01 3.850945234298706055e-01
9.999994039535522461e-01 -1.100169311037418060e-03 -8.659631977153712590e-05 -1.242695093154907227e+00 1.100696390494704247e-03 9.999793177560546420e-01 6.342419280193561243e-03 -2.148169279098510742e-02 7.961678784340620041e-05 -6.342510692775249481e-03 9.999799132347106934e-01 3.777818977832794189e-01
9.999988079073709457e-01 -1.355968124999747896e-03 7.699412091924105793e-04 -1.249038338661193848e+00 1.350639218273871900e-03 9.999754356674468436e-01 6.880044908818609001e-03 -2.188981883227825165e-02 -7.792513933964073658e-04 -6.878996546119869882e-03 9.999760389398524296e-01 3.694373369216918945e-01
9.999986290934899102e-01 -1.451573311439882186e-03 7.407272008027112080e-04 -1.259779572486877441e+00 1.446091604652394169e-03 9.999719182583779453e-01 7.348068229249698352e-03 -2.228850498795509338e-02 -7.513727177865803242e-04 -7.346987397375825957e-03 9.999727010807397676e-01 3.623962402343750000e-01
9.999989867210388184e-01 -1.405111596306883983e-03 1.387726116514381356e-04 -1.314328312873840332e+00 1.403814880177378654e-03 9.999590497504534659e-01 8.939584127500508834e-03 -2.336231246590614319e-02 -1.513280440121889114e-04 -8.939380757510662079e-03 9.999600648880004883e-01 3.642018735408782959e-01
9.999986290933193800e-01 -1.595061377753050893e-03 4.266314509180197897e-04 -1.315362334251403809e+00 1.590440093002881694e-03 9.999423548868667799e-01 1.062135504636937088e-02 -2.353281155228614807e-02 -4.435485461726784706e-04 -1.062066167644704073e-02 9.999434948034746640e-01 3.466962277889251709e-01
9.999991655349731445e-01 -1.295924512480537772e-03 -1.169987198150193374e-04 -1.327316880226135254e+00 1.297310576774179935e-03 9.999179261333643876e-01 1.274658985179376487e-02 -2.421606704592704773e-02 1.004704972729086876e-04 -1.274673081934452057e-02 9.999187588691711426e-01 3.291032910346984863e-01
9.999992251397671339e-01 -9.060714494087438809e-04 -8.595529657341197073e-04 -1.353400349617004395e+00 9.177907696629114542e-04 9.999052989355600163e-01 1.373324655404591262e-02 -2.423284202814102173e-02 8.470282191410660744e-04 -1.373402469431295181e-02 9.999053478578190379e-01 3.135801851749420166e-01
9.999997019767903339e-01 -6.770549443647971496e-04 -2.555099536138883852e-04 -1.361890196800231934e+00 6.806160848965570054e-04 9.998988533189272498e-01 1.420467877832912520e-02 -2.448383904993534088e-02 2.458667731843888760e-04 -1.420484864235821432e-02 9.998990297377652325e-01 2.948426306247711182e-01
9.999997615814315566e-01 -6.337950459162456718e-04 3.338258415460441638e-04 -1.371675252914428711e+00 6.289505024879848971e-04 9.998972981278740901e-01 1.431771905646286522e-02 -2.445059455931186676e-02 -3.428660565987229347e-04 -1.431750513955915016e-02 9.998974204124522203e-01 2.769929766654968262e-01
9.999992847443905930e-01 -8.320719063862745029e-04 8.171866183913584301e-04 -1.368424415588378906e+00 8.199998388252680015e-04 9.998921056602499968e-01 1.466358961828073681e-02 -2.443611808121204376e-02 -8.292996790260076523e-04 -1.466290966555539033e-02 9.998921156314111158e-01 2.561092376708984375e-01
9.999989271166676019e-01 -9.489189326628750826e-04 1.154286256025244435e-03 -1.359444618225097656e+00 9.318269151201673262e-04 9.998912651528282236e-01 1.471893493171901220e-02 -2.434018068015575409e-02 -1.168127753771841526e-03 -1.471784304700018975e-02 9.998910427803586742e-01 2.333964556455612183e-01
9.999995827674865723e-01 -8.893460169982889043e-04 6.439599957568162140e-05 -1.361121416091918945e+00 8.883439586497843266e-04 9.998991480135135390e-01 1.417349659319071427e-02 -2.396246418356895447e-02 -7.699464913457632065e-05 -1.417343411594629288e-02 9.998995661735534668e-01 2.140799909830093384e-01
9.999993443489714195e-01 -1.018960621874824817e-03 -4.820939389775757132e-04 -1.358270287513732910e+00 1.025731087388848106e-03 9.998977849265796580e-01 1.425847125333771538e-02 -2.362738549709320068e-02 4.675158706959336996e-04 -1.425895669949550637e-02 9.998981952788454919e-01 1.920461207628250122e-01
9.999991059303283691e-01 -1.350886347593723913e-03 -1.327623113145304159e-04 -1.346294283866882324e+00 1.352538820356130600e-03 9.999099395333812534e-01 1.335405707663791727e-02 -2.296821027994155884e-02 1.147105358541011810e-04 -1.335422415286302567e-02 9.999108314514160156e-01 1.716884523630142212e-01
9.999989867210956618e-01 -1.369412808466780474e-03 2.982792570982823149e-04 -1.359168291091918945e+00 1.365685288418211352e-03 9.999251314082856501e-01 1.215764162377789941e-02 -2.268204465508460999e-02 -3.149057738482952118e-04 -1.215722246276002005e-02 9.999260306402391052e-01 1.583559066057205200e-01
9.999995827674865723e-01 -9.309580651159440629e-04 1.923797102497211198e-05 -1.348108887672424316e+00 9.306821157224476337e-04 9.999361035354814575e-01 1.126968176775022638e-02 -2.273774147033691406e-02 -2.972834045067429543e-05 -1.126965880393981934e-02 9.999365210533142090e-01 1.437429338693618774e-01
9.999993443489429978e-01 -1.070341010815867994e-03 2.587869359453997945e-04 -1.362751364707946777e+00 1.067471394019040010e-03 9.999405710740200126e-01 1.084558660849216025e-02 -2.310814708471298218e-02 -2.703800564631819725e-04 -1.084530382035348017e-02 9.999411106144684425e-01 1.327333003282546997e-01
9.999995827674865723e-01 -9.285067487779762041e-04 -1.174441897884960853e-04 -1.370662093162536621e+00 9.296520729549229145e-04 9.999479661867903824e-01 1.016001742624231090e-02 -2.364234253764152527e-02 1.080044312402606010e-04 -1.016012206673622131e-02 9.999483823776245117e-01 1.214608028531074524e-01
