0.000000000000000000e+00 0.000000000000000000e+00 0.000000000000000000e+00 0.000000000000000000e+00 0.000000000000000000e+00 0.000000000000000000e+00 0.000000000000000000e+00 0.000000000000000000e+00 0.000000000000000000e+00 0.000000000000000000e+00 0.000000000000000000e+00 0.000000000000000000e+00
9.999986277230842324e-01 -1.125299074342335417e-03 -1.215834668739390742e-03 1.765717193484306335e-02 1.107613653230131575e-03 9.998949804060743851e-01 -1.444996023286232618e-02 -1.939848065376281738e-02 1.231967509150522569e-03 1.444859372843630002e-02 9.998948546698933626e-01 1.132174134254455566e+00
9.999936457904303744e-01 -1.801467749356945158e-03 -3.076214022378373318e-03 6.644004583358764648e-02 1.704238780240521561e-03 9.995078917834715471e-01 -3.132203430079447126e-02 -3.855960071086883545e-02 3.131125826819293814e-03 3.131659267079111436e-02 9.995046108320604361e-01 2.254440546035766602e+00
9.999790897544881263e-01 -2.665652849239166094e-03 -5.891888379177688886e-03 1.482704877853393555e-01 2.359799546917602017e-03 9.986793799488214995e-01 -5.132180249305148823e-02 -5.825067311525344849e-02 6.020913542288533656e-03 5.130682566603356892e-02 9.986647877241849880e-01 3.397299766540527344e+00
9.999471025695362281e-01 -4.045559194918277486e-03 -9.456506415687293554e-03 2.672509998083114624e-01 3.316957823936007247e-03 9.971150916945107356e-01 -7.583199658351062744e-02 -7.774043083190917969e-02 9.736008092835198718e-03 7.579661843280180444e-02 9.970757658175072313e-01 4.535262227058410645e+00
9.998917741469079967e-01 -5.807565665856787018e-03 -1.351710673130536791e-02 4.229173511266708374e-01 4.399013626598737535e-03 9.947751314444300830e-01 -1.019955221508758308e-01 -9.738663956522941589e-02 1.403882731789724871e-02 1.019250216617762772e-01 9.946930186176962119e-01 5.698580145835876465e+00
9.998232156064889020e-01 -7.815505548063752736e-03 -1.710132764813041342e-02 6.146800816059112549e-01 5.548511815454707993e-03 9.916543241517140617e-01 -1.288057273875705677e-01 -1.177099980413913727e-01 1.796528738802373112e-02 1.286880696266579638e-01 9.915223795683233421e-01 6.874779939651489258e+00
9.997494359042222722e-01 -9.782866259821084223e-03 -2.013357735058143513e-02 8.380506634712219238e-01 6.482676635778668144e-03 9.874353837772550380e-01 -1.578902712908585304e-01 -1.374501567333936691e-01 2.142522608574577020e-02 1.577201901863151678e-01 9.872513870817135606e-01 7.998126983642578125e+00
9.996431229028673870e-01 -1.174337025540818716e-02 -2.399416779234848571e-02 1.091182589530944824e+00 7.073621346850135841e-03 9.824944169958039764e-01 -1.861576870642649706e-01 -1.571692600846290588e-01 2.576025454152899505e-02 1.859215259918006735e-01 9.822268553948400038e-01 9.119148015975952148e+00
9.994677859124924124e-01 -1.402094986664086280e-02 -2.945433564040243063e-02 1.367745995521545410e+00 7.464311087539038034e-03 9.772599038497042923e-01 -2.119135776387514603e-01 -1.759209185838699341e-01 3.175577086403003763e-02 2.115809379233012377e-01 9.768444490932666202e-01 1.023531639575958252e+01
9.992356966942784746e-01 -1.670992579709439096e-02 -3.533837619013636966e-02 1.666281402111053467e+00 7.782707899909100183e-03 9.709727012709087335e-01 -2.390636794756144934e-01 -1.935175824910402298e-01 3.830733493268215911e-02 2.386059340555683750e-01 9.703606320970699084e-01 1.130528140068054199e+01
9.989537775150661991e-01 -1.976656996815499487e-02 -4.123873300761884964e-02 1.984432041645050049e+00 7.938330174669341877e-03 9.630232729861730734e-01 -2.693012413655695991e-01 -2.099846415221691132e-01 4.503702146476355750e-02 2.686921256730328000e-01 9.621726499432882163e-01 1.230149829387664795e+01
9.986652946224626737e-01 -2.300365926107059492e-02 -4.624349659390283168e-02 2.324557244777679443e+00 7.821846475996485637e-03 9.523729241054648131e-01 -3.048354181333141066e-01 -2.247027652338147163e-01 5.105338416144108299e-02 3.040668431305970087e-01 9.512817179333666884e-01 1.320985436439514160e+01
9.983840456577812716e-01 -2.657145373632225499e-02 -5.023201391881127603e-02 2.694480448961257935e+00 7.693955116933070583e-03 9.390137634846150716e-01 -3.437934773103149544e-01 -2.380800629034638405e-01 5.630364491451493592e-02 3.428514398873044322e-01 9.377007996885479146e-01 1.406426584720611572e+01
9.981291583373930187e-01 -3.000539942897931939e-02 -5.327156166093370560e-02 3.074571549892425537e+00 7.174691719361572448e-03 9.227565915161974885e-01 -3.853164888921075115e-01 -2.495167050510644913e-01 6.071825981876768918e-02 3.842134157190725818e-01 9.212455395311630602e-01 1.480822324752807617e+01
9.978979491822167480e-01 -3.355658127814738212e-02 -5.544040828537589310e-02 3.463277161121368408e+00 6.622205392782497431e-03 9.038199868779351887e-01 -4.278616338440558442e-01 -2.590906582772731781e-01 6.446572278088480434e-02 4.265951091760103453e-01 9.021423299088929815e-01 1.546259903907775879e+01
9.976935186816490164e-01 -3.673827703260163641e-02 -5.707838278460361514e-02 3.858025312423706055e+00 5.581832904960702842e-03 8.824319285459134576e-01 -4.704069882815953285e-01 -2.672900911420583725e-01 6.764972965246067449e-02 4.690034013559130632e-01 8.806016827116180945e-01 1.604020631313323975e+01
9.975035241782108653e-01 -3.944693332494710047e-02 -5.857182516625671076e-02 4.260477691888809204e+00 3.998800798881363243e-03 8.596552160679569177e-01 -5.108590011728531000e-01 -2.748461617156863213e-01 7.050339597650763512e-02 5.093494369668150057e-01 8.576668480344615819e-01 1.656474906206130981e+01
9.973282238777865238e-01 -4.181602295340287184e-02 -5.989853154410669511e-02 4.673983812332153320e+00 1.985746072710687770e-03 8.351733450020577543e-01 -5.499832184808991498e-01 -2.824990507215261459e-01 7.302376783838653018e-02 5.483948431763688847e-01 8.330249848043281835e-01 1.704511961340904236e+01
9.971497262181832077e-01 -4.422710851511217622e-02 -6.112598772531203928e-02 5.099753111600875854e+00 -1.703634589838763863e-04 8.088501831682104459e-01 -5.880147550572555337e-01 -2.901348373852670193e-01 7.544795874836077165e-02 5.863491656522969997e-01 8.065372040145207810e-01 1.748988962173461914e+01
9.969921245339052884e-01 -4.685598411679678388e-02 -6.173508216416722511e-02 5.538582473993301392e+00 -1.995279509211681911e-03 7.807700202377032550e-01 -6.248153282032192779e-01 -2.983171963132917881e-01 7.747723844491433143e-02 6.230591402511185262e-01 7.783280704641757364e-01 1.790441274642944336e+01
9.968701637645549507e-01 -4.996525970360942565e-02 -6.126458535549095946e-02 5.998396217823028564e+00 -2.880389094643878798e-03 7.514801449914869647e-01 -6.597494183720340466e-01 -3.073381674475967884e-01 7.900367051405161878e-02 6.578609765796452624e-01 7.489842158143138473e-01 1.830678728222846985e+01
9.967786961329224704e-01 -5.269877931031173579e-02 -6.045717157421564431e-02 6.481917619705200195e+00 -3.844740160736388745e-03 7.215540063337515519e-01 -6.923474806170734075e-01 -3.168683187104761600e-01 8.010898144807178378e-02 6.903496611159560814e-01 7.190270485096071917e-01 1.870015645027160645e+01
9.967246564158925848e-01 -5.470497762260477514e-02 -5.955942172260587225e-02 6.983743011951446533e+00 -5.285125261924206175e-03 6.908450794513292248e-01 -7.229835016436075845e-01 -3.265655976720154285e-01 8.069712971095487075e-02 7.209302612744153960e-01 6.882932017935499136e-01 1.907542479038238525e+01
9.967070185257110859e-01 -5.642085123205688169e-02 -5.823922018569587661e-02 7.501534879207611084e+00 -6.583203217573127194e-03 6.595551740515771533e-01 -7.516273237563879661e-01 -3.364811544306576252e-01 8.081943242181297005e-02 7.495356295254042012e-01 6.570118411527847702e-01 1.942873096466064453e+01
9.967654831979616548e-01 -5.738726534727840722e-02 -5.626076146920798438e-02 8.039838969707489014e+00 -7.569456530416041398e-03 6.299107773022318835e-01 -7.766306174535820839e-01 -3.472441448830068111e-01 8.000796730931364342e-02 7.745444560607603890e-01 6.274389298988171104e-01 1.977289050817489624e+01
9.968734676340976764e-01 -5.773184132006479313e-02 -5.394741907602666059e-02 8.597130179405212402e+00 -8.244210296715336408e-03 6.030309099792807714e-01 -7.976752187489242196e-01 -3.590727685950696468e-01 7.858322037021082951e-02 7.956260152278553655e-01 6.006695608809318188e-01 2.011122894287109375e+01
9.969679623136024071e-01 -5.820398931593696173e-02 -5.164472623582964245e-02 9.176710546016693115e+00 -8.458653058264861690e-03 5.787046991144494390e-01 -8.154933000407144084e-01 -3.722323826514184475e-01 7.735200907994181641e-02 8.134575384435041023e-01 5.764577173052085612e-01 2.044902142882347107e+01
9.970522266091993435e-01 -5.844526023664399494e-02 -4.970924430635488556e-02 9.777340352535247803e+00 -8.486113234488888366e-03 5.599037089046877691e-01 -8.285142259713746959e-01 -3.866571499966084957e-01 7.625511980063599815e-02 8.264937920581411079e-01 5.577572665537805507e-01 2.079791906476020813e+01
9.970632742902307832e-01 -5.900156192062334937e-02 -4.882256396965337086e-02 1.039082145690917969e+01 -8.760200836164485846e-03 5.454631786420873762e-01 -8.380890045973519165e-01 -4.013468795455992222e-01 7.607947123208802509e-02 8.360554625361866776e-01 5.433444373695646146e-01 2.115373209118843079e+01
9.970394962725662724e-01 -5.943081438320079596e-02 -4.878751043348055622e-02 1.102020478248596191e+01 -9.500044887089165169e-03 5.344265710438004247e-01 -8.451615166993282635e-01 -4.161703255958855152e-01 7.630197913351088879e-02 8.431228964179037222e-01 5.322798037838689655e-01 2.151856893301010132e+01
9.969893042035243846e-01 -5.982206667110558790e-02 -4.933201438184064286e-02 1.166691845655441284e+01 -1.053279285266421963e-02 5.258384827264026562e-01 -8.505192239795156262e-01 -4.307459075935184956e-01 7.682048931434373729e-02 8.484781732155474154e-01 5.236252495805681084e-01 2.189340338110923767e+01
9.969110538905202601e-01 -6.034820522933168063e-02 -5.026375191418482741e-02 1.233357536792755127e+01 -1.165291944519837412e-02 5.192478532262817525e-01 -8.545442506905662761e-01 -4.448495381511747837e-01 7.766955709475864555e-02 8.524903290040869441e-01 5.169406918160029951e-01 2.227984991669654846e+01
9.968257372903631675e-01 -6.091674629038357214e-02 -5.126011604470954303e-02 1.303215724229812622e+01 -1.271144694046417653e-02 5.138176457269766351e-01 -8.578052494921368787e-01 -4.589424286969006062e-01 7.859305689565594666e-02 8.557339405218075123e-01 5.114123135463360947e-01 2.268460363149642944e+01
9.967020461803017817e-01 -6.174109903740588462e-02 -5.265992622149186231e-02 1.374962425231933594e+01 -1.396766737500995149e-02 5.087212453274997381e-01 -8.608179823984505319e-01 -4.727565520443022251e-01 7.993707155069423864e-02 8.587145807787889273e-01 5.061811270185881950e-01 2.309649583697319031e+01
9.966126977613851690e-01 -6.222326188186783763e-02 -5.377170577129231077e-02 1.447847104072570801e+01 -1.510301234653976116e-02 5.042493143884834161e-01 -8.634260408146169352e-01 -4.867986445315182209e-01 8.083953042190562821e-02 8.613134705898456422e-01 5.016015108645914822e-01 2.351197445392608643e+01
9.965203579709871473e-01 -6.265958611135319378e-02 -5.496319148056668519e-02 1.521283042430877686e+01 -1.629346202872231780e-02 5.002598824443093006e-01 -8.657219952801963325e-01 -5.008367192931473255e-01 8.174166162058434104e-02 8.636051333133445418e-01 4.974982155448863241e-01 2.392740184068679810e+01
9.963621005953632315e-01 -6.376101277620001284e-02 -5.654288414069978674e-02 1.596314477920532227e+01 -1.749135412040603993e-02 4.963571224230005630e-01 -8.679421982776232003e-01 -5.145268295891582966e-01 8.340633685895751381e-02 8.657737234807439952e-01 4.934361586893064588e-01 2.434778356552124023e+01
9.961632611349188204e-01 -6.540876678417072154e-02 -5.814164078194936774e-02 1.672356557846069336e+01 -1.846315810177633424e-02 4.923359096405988677e-01 -8.702094367859227741e-01 -5.281778215430676937e-01 8.554454370649296202e-02 8.679441487250997289e-01 4.892392929190274020e-01 2.476924094557762146e+01
9.959672413794006252e-01 -6.726688867571110897e-02 -5.936682395914711502e-02 1.748790973424911499e+01 -1.904080141740161283e-02 4.881529450928454583e-01 -8.725503710838501403e-01 -5.416415459476411343e-01 8.767383863211392070e-02 8.701619779587425052e-01 4.849035266261106369e-01 2.518829682469367981e+01
9.958563158538779048e-01 -6.848674031042180366e-02 -5.983113383176173056e-02 1.826731896400451660e+01 -1.928853202500324659e-02 4.838759733148216835e-01 -8.749239938308667197e-01 -5.555825796909630299e-01 8.887154047422471392e-02 8.724526398895741108e-01 4.805499354317420146e-01 2.561115616559982300e+01
9.958177703255638447e-01 -6.917289866683438981e-02 -5.968314999939506454e-02 1.906371468305587769e+01 -1.927968237083530628e-02 4.794446573784791887e-01 -8.773603104534146713e-01 -5.697208414785563946e-01 8.930432325202478094e-02 8.748416603027432403e-01 4.761058781901745807e-01 2.603830558061599731e+01
9.958505493248304141e-01 -6.943636423809469715e-02 -5.882409991515473446e-02 1.986593890190124512e+01 -1.894850598226559962e-02 4.740135503856062194e-01 -8.803136419321652140e-01 -5.840945704840123653e-01 8.900919913398562533e-02 8.777754527054325573e-01 4.707309391757668049e-01 2.646087267994880676e+01
9.959537151888278039e-01 -6.939219747707989217e-02 -5.710446682067187724e-02 2.066934663057327271e+01 -1.812913547872312126e-02 4.672259089731131687e-01 -8.839520826555261612e-01 -5.991039345972239971e-01 8.802006389662171693e-02 8.814106153851052339e-01 4.640773593250208662e-01 2.687285020947456360e+01
9.960846264105076564e-01 -6.940918655848579699e-02 -5.475200315904923953e-02 2.145549869537353516e+01 -1.712385550089810110e-02 4.561206148577462982e-01 -8.897532007666933973e-01 -6.144753689877688885e-01 8.673056324862410404e-02 8.872070499737255700e-01 4.531461793676469507e-01 2.725302851200103760e+01
9.962017624849892616e-01 -6.960542485801479717e-02 -5.231761894559477932e-02 2.223162561655044556e+01 -1.616884841457603278e-02 4.425139427026708594e-01 -8.966158479832284645e-01 -6.303933965973556042e-01 8.556060286573291540e-02 8.940562036830081993e-01 4.397077300812208267e-01 2.760496264696121216e+01
9.962865584395551588e-01 -7.020030868026592985e-02 -4.984987596636564211e-02 2.298785978555679321e+01 -1.544790453942839967e-02 4.238408016127364064e-01 -9.056049564427161025e-01 -6.459475955925881863e-01 8.470215887453735881e-02 9.030121214853477074e-01 4.211824458978842833e-01 2.791467353701591492e+01
9.962968320690510637e-01 -7.151980586113096394e-02 -4.772357675991228954e-02 2.373847508430480957e+01 -1.512755974920860884e-02 4.005841781702222382e-01 -9.161350736303691678e-01 -6.602894305251538754e-01 8.463911238432990369e-02 9.134644128641651317e-01 3.980188275515606500e-01 2.818868270516395569e+01
9.963425941392853868e-01 -7.241069261154002568e-02 -4.536658130514328868e-02 2.450500249862670898e+01 -1.493484345271103506e-02 3.751791114603303390e-01 -9.268320154024028978e-01 -6.743823098950088024e-01 8.413314183389401790e-02 9.241197573471492399e-01 3.727254868208019212e-01 2.843897068500518799e+01
9.964564857130667752e-01 -7.242522661013127416e-02 -4.276749502643417689e-02 2.529038238525390625e+01 -1.478370170580463674e-02 3.497432564052140314e-01 -9.367289345178522186e-01 -6.890150005929172039e-01 8.280044833356113576e-02 9.340418840445796622e-01 3.474332232332040804e-01 2.867219905555248260e+01
9.965403512181487677e-01 -7.250110903294748610e-02 -4.063148511931662793e-02 2.608389216661453247e+01 -1.488254905406421330e-02 3.253132232275244284e-01 -9.454891942941348049e-01 -7.044676295481622219e-01 8.176697455367881728e-02 9.428228338252693241e-01 3.231087524194083405e-01 2.888725550472736359e+01
9.966713828284315957e-01 -7.187756707301573567e-02 -3.846777875737086849e-02 2.688776940107345581e+01 -1.505624592119998890e-02 3.014516527779571020e-01 -9.533625808139305491e-01 -7.208478800021111965e-01 8.012155833246291381e-02 9.507683820937158359e-01 2.993660293040538711e-01 2.908603224158287048e+01
9.969084698947001666e-01 -6.991483615541060903e-02 -3.585273124282063739e-02 2.769057267904281616e+01 -1.505661358251851253e-02 2.778609288250185050e-01 -9.605033069281566638e-01 -7.375641777180135250e-01 7.711550453465604305e-02 9.580737027587492571e-01 2.759492327267922818e-01 2.926312513649463654e+01
9.971969710065309300e-01 -6.712584502336070569e-02 -3.305029417871868658e-02 2.850678849220275879e+01 -1.512775148395230362e-02 2.517187409066330428e-01 -9.676821929804325650e-01 -7.542959651909768581e-01 7.327586335513122662e-02 9.654697283738516989e-01 2.499977028760084763e-01 2.941624851524829865e+01
9.973459577059770043e-01 -6.604904512474869815e-02 -3.063599656705503355e-02 2.936121207475662231e+01 -1.499176318651891660e-02 2.254636624853484095e-01 -9.741362245267610742e-01 -7.710183723829686642e-01 7.124807144131715952e-02 9.720101133922434133e-01 2.238750807461410142e-01 2.955698226392269135e+01
9.974081598791108005e-01 -6.607702669378141824e-02 -2.847435951650906932e-02 3.023460960388183594e+01 -1.470814224677590917e-02 2.001459210737066285e-01 -9.796556950425012733e-01 -7.877058046869933605e-01 7.043176242445391144e-02 9.775353890375871879e-01 1.986553045375793192e-01 2.968160104751586914e+01
9.974390692656460722e-01 -6.648639156493589553e-02 -2.636025112087828776e-02 3.113324809074401855e+01 -1.426571047801349947e-02 1.762143892982087345e-01 -9.842484333280987485e-01 -8.044112897478044033e-01 7.008418228843965592e-02 9.821038889755672185e-01 1.748146408400262919e-01 2.979235334694385529e+01
9.977570881318766904e-01 -6.273695969579502763e-02 -2.334238571197757781e-02 3.207366347312927246e+01 -1.357006772555184419e-02 1.518995111963654387e-01 -9.883027834425182068e-01 -8.225154611282050610e-01 6.554880887188173355e-02 9.864028651552232407e-01 1.507074691879738138e-01 2.988916008174419403e+01
9.982671271634533383e-01 -5.517063979821255904e-02 -2.046810516588464315e-02 3.303607648611068726e+01 -1.323807232037235715e-02 1.283624445382437473e-01 -9.916389646808998481e-01 -8.416629019193351269e-01 5.733669214444115508e-02 9.901915387117899980e-01 1.274096558252607592e-01 2.996673849970102310e+01
9.989025941162168465e-01 -4.352327301305352475e-02 -1.730121886237008522e-02 3.398091495037078857e+01 -1.263662950601917613e-02 1.052532789086905035e-01 -9.943651557017154641e-01 -8.615358038805425167e-01 4.509903616065457505e-02 9.934925626219859307e-01 1.045877858651733661e-01 3.002075753733515739e+01
9.994209491558857517e-01 -3.094104274321123060e-02 -1.415691570615706593e-02 3.494012045860290527e+01 -1.156852669207305943e-02 8.228951980975804381e-02 -9.965413208290232472e-01 -8.821547753177583218e-01 3.199899339859386960e-02 9.961280473932265789e-01 8.188392771499504452e-02 3.005371674150228500e+01
9.997735104849644339e-01 -1.801777401979415619e-02 -1.132640949032642959e-02 3.592942607402801514e+01 -1.022522612078943620e-02 6.007667305394952945e-02 -9.981413918406287777e-01 -9.039327162317931652e-01 1.866473903781274910e-02 9.980311383790291258e-01 5.987883050385890693e-02 3.006720366608351469e+01
9.998826676043749417e-01 -1.170229415263626151e-02 -9.884702116107826897e-03 3.695657908916473389e+01 -9.407423311880545522e-03 4.016052403690279632e-02 -9.991489542083865638e-01 -9.259568261913955212e-01 1.208930978137700944e-02 9.991247112451210333e-01 4.004572347159399137e-02 3.006866035156417638e+01
9.998855432430850954e-01 -1.220163067880442043e-02 -8.945424655014563853e-03 3.800769400596618652e+01 -8.678536993761799129e-03 2.175342289203981150e-02 -9.997256981733179115e-01 -9.468910559080541134e-01 1.239287735469013670e-02 9.996889060108939962e-01 2.164504076257356760e-02 3.005750978656578809e+01
9.998241211838123643e-01 -1.703010714726320776e-02 -7.855071582733699764e-03 3.909527444839477539e+01 -7.779325323808539139e-03 4.509479365865633194e-03 -9.999595725294874171e-01 -9.668951905332505703e-01 1.706484094632842313e-02 9.998448079809194589e-01 4.376203500175264438e-03 3.003462584794033319e+01
9.997288936407878746e-01 -2.244140610155834908e-02 -6.206650622618981733e-03 4.020455837249755859e+01 -6.451020969610073673e-03 -1.083331445884348244e-02 -9.999205086537057419e-01 -9.867739058099687099e-01 2.237238360604358947e-02 9.996894630784205482e-01 -1.097514745975103172e-02 3.000002050504554063e+01
9.996555790708634426e-01 -2.585868125704759990e-02 -4.477927661650330481e-03 4.130812871456146240e+01 -5.083437510000392290e-03 -2.339805363668294100e-02 -9.997133037771862574e-01 -1.006018124055117369e+00 2.574649287919578144e-02 9.993917448576714602e-01 -2.352144584757062673e-02 2.995637036964762956e+01
9.996776832505731569e-01 -2.523609144914125413e-02 -2.769349948504356163e-03 4.238811051845550537e+01 -3.625717353791430703e-03 -3.395191410269383231e-02 -9.994168908430723919e-01 -1.025492071639746428e+00 2.512735132156027756e-02 9.991048029196606395e-01 -3.403246976681245650e-02 2.990373051271308213e+01
9.997297930769043495e-01 -2.321537983480120859e-02 -1.177698406239850379e-03 4.346040523052215576e+01 -2.167722724356606779e-03 -4.266627541352856906e-02 -9.990870282015112958e-01 -1.045591689180582762e+00 2.314393684316612410e-02 9.988196208933137754e-01 -4.270507119695159115e-02 2.984434597671497613e+01
9.997795725632550035e-01 -2.099330530378774873e-02 -2.956647716651680780e-04 4.452333021163940430e+01 -1.328784119297297906e-03 -4.921497484461507393e-02 -9.987873250015782967e-01 -1.065085028763860464e+00 2.095329611301166919e-02 9.985675577463278829e-01 -4.923202208455983858e-02 2.978189283341635019e+01
9.997669134791781209e-01 -2.158302696762039868e-02 5.400548421015342188e-04 4.560438537597656250e+01 -6.553678336176510522e-04 -5.534173472113949888e-02 -9.984672567946620836e-01 -1.083929473068565130e+00 2.157983330149160217e-02 9.982341736010492683e-01 -5.534298013036378222e-02 2.971280575275886804e+01
9.997522304683021943e-01 -2.220362181999470386e-02 1.573801680431199772e-03 4.665444934368133545e+01 2.195301562554511580e-04 -6.086431030455340119e-02 -9.981460251574724163e-01 -1.102137149777263403e+00 2.225824521756302951e-02 9.978990604811819320e-01 -6.084435561832455402e-02 2.964053399593103677e+01
9.997789213662159336e-01 -2.085607950350008150e-02 2.670644032701545260e-03 4.765156245231628418e+01 1.289241512199671780e-03 -6.596962165493451546e-02 -9.978207989789690258e-01 -1.119411782827228308e+00 2.098681129016367886e-02 9.976036452251206832e-01 -6.592814865763015064e-02 2.956635607511270791e+01
9.998264723728822467e-01 -1.826544687319306068e-02 3.660408846123545772e-03 4.862754708528518677e+01 2.371519528162804175e-03 -7.009341233305277363e-02 -9.975376130465639646e-01 -1.136511312332004309e+00 1.847704082167271958e-02 9.973731934426708357e-01 -7.003793232558362669e-02 2.949073999852407724e+01
9.998514204669380900e-01 -1.660787308811275190e-02 4.616875754777002502e-03 4.958020371198654175e+01 3.398773144880835526e-03 -7.263930455307925083e-02 -9.973524852203230484e-01 -1.153067297767847776e+00 1.689927014268794922e-02 9.972199907670995511e-01 -7.257206544608135745e-02 2.941791021556127816e+01
9.998471045849074423e-01 -1.657876564704111044e-02 5.559854566245796270e-03 5.050861358642578125e+01 4.327389160074981977e-03 -7.347041342966560695e-02 -9.972880085780292392e-01 -1.169121324550360441e+00 1.694228899041036462e-02 9.971595874683724103e-01 -7.338743736955882779e-02 2.934953595430124551e+01
9.998384872090562148e-01 -1.689769715050319643e-02 6.121055996787113165e-03 5.142960959672927856e+01 4.877235758508463234e-03 -7.269280365566185842e-02 -9.973424531564046847e-01 -1.184954478871077299e+00 1.729774745051660539e-02 9.972112234264560726e-01 -7.259864878528302090e-02 2.928653698891866952e+01
9.998297116694460085e-01 -1.728483036109080412e-02 6.463923141604157110e-03 5.235290998220443726e+01 5.236492146305815262e-03 -7.013753313489907992e-02 -9.975235864859299806e-01 -1.200749303679913282e+00 1.769538959712188900e-02 9.973875681424644313e-01 -7.003507765303629284e-02 2.922970810637343675e+01
9.998325460782391261e-01 -1.708406471257574444e-02 6.558546759957307321e-03 5.328404855728149414e+01 5.416560442624647823e-03 -6.605414663417509546e-02 -9.978013382359248729e-01 -1.216572273056954145e+00 1.747972184210652702e-02 9.976697772536399222e-01 -6.595054873915125182e-02 2.917964531958568841e+01
9.998395751515010144e-01 -1.675436837324937797e-02 6.333648338785895053e-03 5.423087489604949951e+01 5.295026710488555562e-03 -6.132497749295765660e-02 -9.981038071401308054e-01 -1.232641338836401701e+00 1.711100970139275632e-02 9.979772233252127700e-01 -6.122642461468041919e-02 2.913531245768535882e+01
9.998467341645116413e-01 -1.651989794522927199e-02 5.796650104991058795e-03 5.521154665946960449e+01 4.856251165424946975e-03 -5.640746302214763586e-02 -9.983960210958492398e-01 -1.249043963383883238e+00 1.682037470387601208e-02 9.982711510843556013e-01 -5.631859291155054403e-02 2.909448748931754380e+01
9.998470450042702407e-01 -1.664840362763126205e-02 5.358848092672181818e-03 5.621758210659027100e+01 4.484164704776408793e-03 -5.213872179887057978e-02 -9.986297842324153295e-01 -1.265988777857273817e+00 1.690499521234181332e-02 9.985010687755078163e-01 -5.205609273696258643e-02 2.905529813573230058e+01
9.998371279849578297e-01 -1.725680726008787039e-02 5.283947953872609148e-03 5.727189981937408447e+01 4.432636570486626904e-03 -4.900288966447402528e-02 -9.987888007669917245e-01 -1.283739642705768347e+00 1.749483454694672133e-02 9.986495478433461415e-01 -4.891841531014057970e-02 2.901492783159483224e+01
9.998229209032604148e-01 -1.792893654522324798e-02 5.716648566262220663e-03 5.836139869689941406e+01 4.874888154371617016e-03 -4.664708858331804292e-02 -9.988995367864490493e-01 -1.302309730555862188e+00 1.817587142216726959e-02 9.987505205811196829e-01 -4.655142679862139116e-02 2.897394975752104074e+01
9.998123659227121651e-01 -1.831024961182965011e-02 6.322001833364591580e-03 5.946435022354125977e+01 5.499062075179455417e-03 -4.465098178126046535e-02 -9.989875125056683070e-01 -1.321597938891500235e+00 1.857399430176224012e-02 9.988348334860583932e-01 -4.454191453626646369e-02 2.893334118754137307e+01
9.998090770383012416e-01 -1.826284377553290955e-02 6.948237837800417052e-03 6.060783576965332031e+01 6.165462726369882671e-03 -4.257388640892160320e-02 -9.990742971698401975e-01 -1.341500853653997183e+00 1.854175129781181902e-02 9.989263900474703028e-01 -4.245315919386181969e-02 2.889245327294338495e+01
9.998024745154208137e-01 -1.842068610687415744e-02 7.462591787921591009e-03 6.175372779369354248e+01 6.711540999401642386e-03 -4.050254852029729763e-02 -9.991568939765036461e-01 -1.361774766352027655e+00 1.870740950143798612e-02 9.990096205175968969e-01 -4.037091704473073916e-02 2.885336203232873231e+01
9.997962055002266313e-01 -1.852183988606192697e-02 8.030499024564562160e-03 6.291506636142730713e+01 7.310473783675462689e-03 -3.861978078098116107e-02 -9.992272361707755790e-01 -1.382380663882941008e+00 1.881766299003786308e-02 9.990823059086092472e-01 -3.847650685716305641e-02 2.881607435748446733e+01
9.997803850339651577e-01 -1.917982839066885783e-02 8.444873251914793155e-03 6.403460192680358887e+01 7.732194227431871472e-03 -3.693270965415779844e-02 -9.992878404794242053e-01 -1.402090619783848524e+00 1.947806134515656443e-02 9.991336793144879325e-01 -3.677629652001605798e-02 2.878145428106654435e+01
9.997655897624575516e-01 -1.976487215416561707e-02 8.838289181437745945e-03 6.515825641155242920e+01 8.138837787393656681e-03 -3.519330616498417275e-02 -9.993473823053964367e-01 -1.421967206057161093e+00 2.006302186600323820e-02 9.991850584500887589e-01 -3.502419340537481218e-02 2.874839932576287538e+01
9.997509732606697508e-01 -2.025431191376958484e-02 9.367727218669076941e-03 6.631829440593719482e+01 8.694149964387255791e-03 -3.309208665335159477e-02 -9.994144913684831488e-01 -1.442664980422705412e+00 2.055245048018379539e-02 9.992470548617228276e-01 -3.290775181371088931e-02 2.871784409054089338e+01
9.997305350453455919e-01 -2.085322974754294512e-02 1.019804427540604332e-02 6.750007474422454834e+01 9.559777751670720664e-03 -3.048149474757116950e-02 -9.994896143168734426e-01 -1.463449608068913221e+00 2.115343819064913547e-02 9.993177779300486119e-01 -3.027392881118018061e-02 2.869003962457645684e+01
9.997141605065140713e-01 -2.120996084359039885e-02 1.103335142960890775e-02 6.869876646995544434e+01 1.045492587907982662e-02 -2.719151987314324254e-02 -9.995755678145856749e-01 -1.485141621436923742e+00 2.150097224822258846e-02 9.994052025119750660e-01 -2.696199889435766869e-02 2.866615768068004400e+01
9.997043831138203718e-01 -2.130589378630918726e-02 1.171346545571237685e-02 6.987668466567993164e+01 1.122353013705820225e-02 -2.297131097812465245e-02 -9.996731221970553971e-01 -1.506072761025279760e+00 2.156800302017323687e-02 9.995090683740257553e-01 -2.272539292969423877e-02 2.864978231780696660e+01
9.997087067178929143e-01 -2.063243746959581015e-02 1.252214983543307146e-02 7.104920661449432373e+01 1.215307751469085588e-02 -1.791728946570633058e-02 -9.997656092530509131e-01 -1.526908820029348135e+00 2.085196440050033143e-02 9.996265669049945179e-01 -1.766132266776639440e-02 2.864109245699364692e+01
9.997174605177943096e-01 -1.974454132788019955e-02 1.323450881611447881e-02 7.219316291809082031e+01 1.297708070326106765e-02 -1.310958954239308319e-02 -9.998298525441470241e-01 -1.546943049412220716e+00 1.991468082278072607e-02 9.997191064242902936e-01 -1.284965905949107291e-02 2.863800808566156775e+01
9.997266720279038843e-01 -1.888877394723798356e-02 1.377662711922321946e-02 7.330420279502868652e+01 1.360277258633636396e-02 -9.301917985877037817e-03 -9.998642102304433621e-01 -1.566371384542435408e+00 1.901435810056150560e-02 9.997783196991992805e-01 -9.042435815058360790e-03 2.863841455813962966e+01
9.997535934821304426e-01 -1.707259055560913716e-02 1.418728202608425699e-02 7.438922405242919922e+01 1.408076754697134246e-02 -6.343039856829206513e-03 -9.998807418040728257e-01 -1.585527665447443724e+00 1.716054500461119958e-02 9.998341324925326123e-01 -6.101081711427226544e-03 2.864003466418944299e+01
9.997788046325131184e-01 -1.510353725235100142e-02 1.463642613652513767e-02 7.542007970809936523e+01 1.456566654047483124e-02 -4.784390095467622867e-03 -9.998824685780054455e-01 -1.603726021479815245e+00 1.517178848438122118e-02 9.998744885103736380e-01 -4.563338723342871828e-03 2.863982036923698615e+01
9.997824633503966663e-01 -1.419901544174364746e-02 1.527789047931328061e-02 7.641798317432403564e+01 1.521544276157402696e-02 -4.495708156299831754e-03 -9.998741315334358504e-01 -1.621163427364081144e+00 1.426591317028218057e-02 9.998890821329425860e-01 -4.278685868285360232e-03 2.863785194842785131e+01
9.997553081726785473e-01 -1.531263623592303905e-02 1.596392658648812177e-02 7.743215107917785645e+01 1.587554398950520584e-02 -5.876174268658969704e-03 -9.998567085732842363e-01 -1.638157326262444258e+00 1.540424888106429850e-02 9.998654878269729318e-01 -5.631639986680824633e-03 2.863212696420669090e+01
9.997120965508200507e-01 -1.729668129567343837e-02 1.662975724777124992e-02 7.847447335720062256e+01 1.649484540366593505e-02 -7.913513107508885966e-03 -9.998326341870455991e-01 -1.655193782877177000e+00 1.742538622450190075e-02 9.998190841979629484e-01 -7.625928695821489536e-03 2.862262782226025593e+01
9.996714855154730239e-01 -1.884004313937371819e-02 1.737739398742217667e-02 7.953723037242889404e+01 1.720016596434754616e-02 -9.528577360294401832e-03 -9.998066615622681619e-01 -1.673131722491234541e+00 1.900198247779582086e-02 9.997771046528298733e-01 -9.201395215841913153e-03 2.861278928494721185e+01
9.996684812185515634e-01 -1.795183933177112515e-02 1.845695323721834383e-02 8.056979286670684814e+01 1.827009933804118330e-02 -1.051753234864082238e-02 -9.997777677981609656e-01 -1.690969001036137342e+00 1.814197145771916098e-02 9.997835330599827985e-01 -1.018606370124074123e-02 2.860145411784469616e+01
9.996680784173774814e-01 -1.702623559708495854e-02 1.933495008270729246e-02 8.157336020469665527e+01 1.915021719594912561e-02 -1.094691897826124971e-02 -9.997566874726226960e-01 -1.708093894179910421e+00 1.723375103267423339e-02 9.997951151442360240e-01 -1.061722934987556662e-02 2.859098834502219688e+01
9.996674011166895024e-01 -1.611990831921041728e-02 2.013046696885212317e-02 8.253126811981201172e+01 1.995443386479260964e-02 -1.100762442287060022e-02 -9.997402926628998765e-01 -1.724865979980677366e+00 1.633731048059666388e-02 9.998094722297569126e-01 -1.068229965481744606e-02 2.858139206985651981e+01
9.996558992359497742e-01 -1.588914029592119331e-02 2.087147199938359579e-02 8.345346891880035400e+01 2.070268369275329867e-02 -1.071427382890344226e-02 -9.997282646920796489e-01 -1.740803190972656012e+00 1.610844532170398191e-02 9.998163529153619722e-01 -1.038163919339643755e-02 2.857306450190662872e+01
9.996332113428382238e-01 -1.646294938105729785e-02 2.150381543078562843e-02 8.434709334373474121e+01 2.134070914805441532e-02 -1.001988227907055738e-02 -9.997220494178227224e-01 -1.755956247914582491e+00 1.667383919385981295e-02 9.998142693804636938e-01 -9.664876085444211798e-03 2.856713059455796611e+01
9.994884060744697596e-01 -2.304947738319546718e-02 2.217313047535817566e-02 8.521668004989624023e+01 2.196175686533683585e-02 -9.383500307586077616e-03 -9.997147749020044438e-01 -1.770309305284172297e+00 2.325096467038577017e-02 9.996902877963450562e-01 -8.872492747665687227e-03 2.856594219738326501e+01
9.992363349499834291e-01 -3.190257061740325167e-02 2.256042782675193523e-02 8.607284188270568848e+01 2.228536126936852060e-02 -8.951570336448185991e-03 -9.997115744361496636e-01 -1.782748573925346136e+00 3.209532035699619312e-02 9.994508969311663993e-01 -8.233774023409102041e-03 2.856595861529240210e+01
9.990828342192298317e-01 -3.638419113656049531e-02 2.257611578215244427e-02 8.692804163694381714e+01 2.225522332605633924e-02 -9.200610463864491648e-03 -9.997099848465050842e-01 -1.794887231197208166e+00 3.658135321688192609e-02 9.992955215562763227e-01 -8.382433679502764717e-03 2.856251865894773800e+01
9.991756295741348604e-01 -3.406192909315367001e-02 2.208724182835435784e-02 8.778431272506713867e+01 2.180750116867015073e-02 -8.562510434287790365e-03 -9.997255204844183174e-01 -1.807888661045581102e+00 3.424170202997632584e-02 9.993830438833329888e-01 -7.812646195408494421e-03 2.855758442207479675e+01
9.994222753586941010e-01 -2.615166466995829525e-02 2.170727877557811214e-02 8.864598709344863892e+01 2.150091596208553169e-02 -8.146549322532095974e-03 -9.997356372296263283e-01 -1.822471850086003542e+00 2.632159056063945735e-02 9.996247916939263733e-01 -7.579558115909441895e-03 2.854926689564490516e+01
9.994947227943964396e-01 -2.346595792971594222e-02 2.143940121816523617e-02 8.950204890966415405e+01 2.124582227299968984e-02 -8.467835929558296601e-03 -9.997384211835684820e-01 -1.837398555595427752e+00 2.364136506415764893e-02 9.996887738556990977e-01 -7.965003753441867937e-03 2.854010082072818477e+01
9.994980235596879758e-01 -2.343805447696242078e-02 2.131568677318066915e-02 9.035813432931900024e+01 2.110975231607120639e-02 -8.998949426493820306e-03 -9.997366639602518479e-01 -1.852307601366192102e+00 2.362370117977988931e-02 9.996847885766565467e-01 -8.499660641114899912e-03 2.853015505093389947e+01
9.994240304796130347e-01 -2.624728203602728904e-02 2.151017167776131389e-02 9.120935422182083130e+01 2.126874510436482443e-02 -9.442948969034270848e-03 -9.997291989316174909e-01 -1.866722283419221640e+00 2.644329369747806802e-02 9.996108797429574810e-01 -8.879263366938899490e-03 2.852087797633612354e+01
9.992463945216216725e-01 -3.189357678568727206e-02 2.212335407109565846e-02 9.206428372859954834e+01 2.185423395471493627e-02 -8.762150909231786883e-03 -9.997227701566552271e-01 -1.880157441366463900e+00 3.207858310138057834e-02 9.994528625559383483e-01 -8.058538015577137309e-03 2.851589105221682985e+01
9.989912179274241799e-01 -3.862770057353128589e-02 2.290081335418536757e-02 9.291356688737869263e+01 2.265284701521014243e-02 -6.844956832771257466e-03 -9.997199583323636007e-01 -1.893082699272781610e+00 3.877363828669046913e-02 9.992302273822379899e-01 -5.963024371389253481e-03 2.851616737489712250e+01
9.988435095024974508e-01 -4.189767930492782622e-02 2.358448629069018546e-02 9.375505679845809937e+01 2.339248076494291825e-02 -5.067157724974468563e-03 -9.997135168418260776e-01 -1.906677876133471727e+00 4.200518263733781649e-02 9.991090573012796350e-01 -4.081206947979918072e-03 2.851708177487489593e+01
9.987016633049525804e-01 -4.488981186757033670e-02 2.408095725703861614e-02 9.460229754447937012e+01 2.394475770394498618e-02 -3.569407854169162619e-03 -9.997069110024547900e-01 -1.920715736690908670e+00 4.496260991557925885e-02 9.989855675224065257e-01 -2.489897892427857772e-03 2.851891910399899643e+01
9.985693167259096503e-01 -4.729552250234305560e-02 2.494901290192495791e-02 9.545031821727752686e+01 2.488490566492323683e-02 -1.943870337062746090e-03 -9.996884328820457855e-01 -1.934889325406402349e+00 4.732928441882390536e-02 9.988790491943172478e-01 -7.641446584404488866e-04 2.852211351644837123e+01
9.984872782705329630e-01 -4.846340909080926185e-02 2.597023510097541676e-02 9.630202549695968628e+01 2.596214586266657950e-02 -7.964901234397610838e-04 -9.996626093766280974e-01 -1.949935118202120066e+00 4.846774302676671448e-02 9.988246410570676970e-01 4.629288402949436904e-04 2.852508395536460739e+01
9.984526058070819499e-01 -4.866422624549502501e-02 2.691072353124310257e-02 9.715733516216278076e+01 2.697349583638315729e-02 6.335366053889034772e-04 -9.996359483100506482e-01 -1.965172002557665110e+00 4.862946102325572950e-02 9.988149937377275300e-01 1.945200578538391683e-03 2.852946479431011539e+01
9.984119569845453235e-01 -4.905964972049506323e-02 2.768961754146254464e-02 9.801619017124176025e+01 2.788273151444540729e-02 3.256189998927602573e-03 -9.996058975966398696e-01 -1.980378817301243544e+00 4.895015253891957241e-02 9.987905426044006996e-01 4.618936070492112717e-03 2.853778171817430120e+01
9.983976859455485631e-01 -4.891908828320457731e-02 2.844263525262317321e-02 9.887407523393630981e+01 2.877481378922736380e-02 6.099441072883732620e-03 -9.995673098446115068e-01 -1.995898446533828974e+00 4.872443729761295750e-02 9.987841206287465523e-01 7.497305508816339004e-03 2.854922532940872770e+01
9.983937582877268069e-01 -4.885433080348444007e-02 2.869072626915528459e-02 9.974249815940856934e+01 2.919275131826348790e-02 9.593484525019091783e-03 -9.995277626585157282e-01 -2.011403423268347979e+00 4.855601592571111291e-02 9.987598407106744736e-01 1.100426739997526111e-02 2.856432260851033789e+01
9.983561120398972699e-01 -4.966010584167785541e-02 2.861725773678042151e-02 1.006083071231842041e+02 2.933205854806962901e-02 1.372514785157004022e-02 -9.994754877723540654e-01 -2.026851544622331858e+00 4.924128241539391104e-02 9.986718651310078076e-01 1.515921837831764492e-02 2.858429339433678251e+01
9.982626899848625612e-01 -5.168334381233287422e-02 2.829193801354823803e-02 1.014984577894210815e+02 2.932267873701071073e-02 1.929505622670322357e-02 -9.993837507768947859e-01 -2.042888181749731302e+00 5.110559945712721958e-02 9.984771067869230299e-01 2.077702881894143497e-02 2.861227134148248297e+01
9.982087377898968272e-01 -5.297112555480441159e-02 2.780963245636609849e-02 1.024234372973442078e+02 2.919185184035487379e-02 2.550122590208539833e-02 -9.992484792400844196e-01 -2.059661692474037409e+00 5.222213693475013380e-02 9.982703778711197184e-01 2.700187176882837617e-02 2.864732357392676931e+01
9.981371142150604614e-01 -5.467165422101518540e-02 2.707972398620958274e-02 1.033614766001701355e+02 2.887512806203680962e-02 3.232129700387323390e-02 -9.990603388881916791e-01 -2.076483460608869791e+00 5.374502959188427742e-02 9.979811340825663901e-01 3.383973713612910966e-02 2.869137963185676199e+01
9.980874655793101624e-01 -5.583658552724562324e-02 2.652709501863976735e-02 1.042909501194953918e+02 2.873522784846505029e-02 3.912213516234493843e-02 -9.988211777995278373e-01 -2.093524763826280832e+00 5.473296752384394781e-02 9.976731600363907271e-01 4.065178973964178599e-02 2.874223066771992308e+01
