0.000000000000000000e+00 0.000000000000000000e+00 0.000000000000000000e+00 0.000000000000000000e+00 0.000000000000000000e+00 0.000000000000000000e+00 0.000000000000000000e+00 0.000000000000000000e+00 0.000000000000000000e+00 0.000000000000000000e+00 0.000000000000000000e+00 0.000000000000000000e+00
9.999986277231905918e-01 -1.125291919289214031e-03 -1.215841203497398893e-03 1.765715144574642181e-02 1.107606435481346208e-03 9.998949807774480947e-01 -1.444993508810909870e-02 -1.939846016466617584e-02 1.231973911988364090e-03 1.444856858525676163e-02 9.998948550253258238e-01 1.132174134254455566e+00
9.999936457043510085e-01 -1.801489640728913154e-03 -3.076229184453652642e-03 6.644005142152309418e-02 1.704260200439140739e-03 9.995078918898926412e-01 -3.132202973933637807e-02 -3.855962306261062622e-02 3.131141659225451183e-03 3.131658801493258926e-02 9.995046109283401981e-01 2.254440665245056152e+00
9.999790897160815151e-01 -2.665709504218136475e-03 -5.891869265020968811e-03 1.482705157250165939e-01 2.359857404354288694e-03 9.986793823298106831e-01 -5.132175350062550406e-02 -5.825071781873703003e-02 6.020897244438894354e-03 5.130677637687806186e-02 9.986647903546940208e-01 3.397300004959106445e+00
9.999471024915758122e-01 -4.045637691992219967e-03 -9.456481077403355515e-03 2.672510202974081039e-01 3.317038728936448546e-03 9.971150969514015472e-01 -7.583192392170834406e-02 -7.774049229919910431e-02 9.735988535988091691e-03 7.579654508790066580e-02 9.970757715840682378e-01 4.535262703895568848e+00
9.998917736363809317e-01 -5.807642186906040137e-03 -1.351711161902907632e-02 4.229173120111227036e-01 4.399091033661515354e-03 9.947751440031207260e-01 -1.019953963257553414e-01 -9.738667309284210205e-02 1.403883942389756376e-02 1.019248947303808550e-01 9.946930314533377615e-01 5.698580622673034668e+00
9.998232144279282085e-01 -7.815554694391524046e-03 -1.710137409169592074e-02 6.146798785775899887e-01 5.548556855066417472e-03 9.916543401971583682e-01 -1.288056019160835342e-01 -1.177100408822298050e-01 1.796533906808467015e-02 1.286879429976152123e-01 9.915223950669047603e-01 6.874780297279357910e+00
9.997494339746867409e-01 -9.782882517897309796e-03 -2.013366526329599462e-02 8.380502071231603622e-01 6.482681860864034258e-03 9.874354061336695354e-01 -1.578901312607157159e-01 -1.374501977115869522e-01 2.142531454108100031e-02 1.577200492114944619e-01 9.872514076837467512e-01 7.998126983642578125e+00
9.996431211976171127e-01 -1.174339492392007314e-02 -2.399422676284893030e-02 1.091181864961981773e+00 7.073638558964740093e-03 9.824944453191165605e-01 -1.861575369267080005e-01 -1.571692861616611481e-01 2.576031598842092735e-02 1.859213747602528333e-01 9.822268824092702522e-01 9.119147777557373047e+00
9.994677837744989635e-01 -1.402096356831245873e-02 -2.945440166609122890e-02 1.367745181545615196e+00 7.464316191405438727e-03 9.772599417638473396e-01 -2.119134026141729077e-01 -1.759209446609020233e-01 3.175583695458372713e-02 2.115807618956361269e-01 9.768444850716904160e-01 1.023531627655029297e+01
9.992356935005378693e-01 -1.670996797900941092e-02 -3.533844655102521409e-02 1.666280260309576988e+00 7.782740041219680244e-03 9.709727506854431978e-01 -2.390634777288137836e-01 -1.935176122933626175e-01 3.830741171039857285e-02 2.386057300160344397e-01 9.703606792381713753e-01 1.130528151988983154e+01
9.989537743734162589e-01 -1.976658390261314471e-02 -4.123880243080053909e-02 1.984430750831961632e+00 7.938334918039396254e-03 9.630233326873657296e-01 -2.693010277337392622e-01 -2.099846862256526947e-01 4.503709031270428792e-02 2.686919106719443118e-01 9.621727067609147088e-01 1.230149847269058228e+01
9.986652883893183397e-01 -2.300372276278703568e-02 -4.624359961478213821e-02 2.324555745348334312e+00 7.821886481183254816e-03 9.523729884876714902e-01 -3.048352159625537516e-01 -2.247028425335884094e-01 5.105349995989430512e-02 3.040666366737957982e-01 9.512817777103326211e-01 1.320985466241836548e+01
9.983840376728075894e-01 -2.657152614838120472e-02 -5.023213431945634799e-02 2.694478800520300865e+00 7.693994400641018631e-03 9.390138398813957510e-01 -3.437932677661962866e-01 -2.380801308900117874e-01 5.630378113683764257e-02 3.428512250369575853e-01 9.377008700648371553e-01 1.406426626443862915e+01
9.981291513587037256e-01 -3.000549356978021026e-02 -5.327163939271857551e-02 3.074569782242178917e+00 7.174761798028308352e-03 9.227566734442707030e-01 -3.853162913856682525e-01 -2.495167832821607590e-01 6.071836625845198482e-02 3.842132116022268784e-01 9.212456176445057432e-01 1.480822366476058960e+01
9.978979415817951226e-01 -3.355667886504996172e-02 -5.544048602207727466e-02 3.463275155052542686e+00 6.622274060286885769e-03 9.038200763017077977e-01 -4.278614438813639897e-01 -2.590907672420144081e-01 6.446583337774117184e-02 4.265949120389541660e-01 9.021424152257726536e-01 1.546259927749633789e+01
9.976935107060083130e-01 -3.673840280328109775e-02 -5.707844124171562727e-02 3.858023157343268394e+00 5.581935246957875699e-03 8.824320572331449952e-01 -4.704067456639819955e-01 -2.672901907935738564e-01 6.764983883217227933e-02 4.690031493782780281e-01 8.806018085259862405e-01 1.604020661115646362e+01
9.975035173935974386e-01 -3.944704132871949126e-02 -5.857186797269850476e-02 4.260475387796759605e+00 3.998888040792405833e-03 8.596553318499126073e-01 -5.108588056561754742e-01 -2.748462650924921036e-01 7.050348701899881998e-02 5.093492331911643189e-01 8.576669615682620540e-01 1.656474947929382324e+01
9.973282176159018464e-01 -4.181613054269382734e-02 -5.989856069660495774e-02 4.673981389030814171e+00 1.985834009587745218e-03 8.351734493001804482e-01 -5.499830597821403488e-01 -2.824991745874285698e-01 7.302385096921994168e-02 5.483946761325052544e-01 8.330250874848547094e-01 1.704512000083923340e+01
9.971497216288891519e-01 -4.422719474840815235e-02 -6.112600019725928507e-02 5.099750598892569542e+00 -1.702864367914791682e-04 8.088502953083592795e-01 -5.880146008239163224e-01 -2.901349514722824097e-01 7.544801957611881049e-02 5.863490044540593527e-01 8.065373155147721462e-01 1.748989015817642212e+01
9.969921192493629292e-01 -4.685606549960414507e-02 -6.173510573863857931e-02 5.538580080494284630e+00 -1.995215952706991258e-03 7.807701377925602149e-01 -6.248151815094513672e-01 -2.983173439279198647e-01 7.747730808414901582e-02 6.230589868200950843e-01 7.783281863550557400e-01 1.790441358089447021e+01
9.968701574453339154e-01 -4.996537954931559028e-02 -6.126459043695704765e-02 5.998393794521689415e+00 -2.880287472921029632e-03 7.514802672470118905e-01 -6.597492795618901118e-01 -3.073383467271924019e-01 7.900375395504057041e-02 6.578608278236761642e-01 7.489843376707946421e-01 1.830678823590278625e+01
9.967786868533347056e-01 -5.269894344726241964e-02 -6.045718149636125638e-02 6.481914868578314781e+00 -3.844612072554576352e-03 7.215541462580112864e-01 -6.923473355013970432e-01 -3.168684653937816620e-01 8.010910305922352981e-02 6.903495023373412698e-01 7.190271874064513291e-01 1.870015725493431091e+01
9.967246485661310773e-01 -5.470515945878052372e-02 -5.955938607232300064e-02 6.983740201219916344e+00 -5.284957952557321932e-03 6.908452181444286744e-01 -7.229833703387764654e-01 -3.265657480806112289e-01 8.069723762411157297e-02 7.209301145711461967e-01 6.882933428010701293e-01 1.907542559504508972e+01
9.967070105694768589e-01 -5.642106717022719181e-02 -5.823914715231749695e-02 7.501531949266791344e+00 -6.582990411129569994e-03 6.595553130836918632e-01 -7.516272036191345984e-01 -3.364813094958662987e-01 8.081954787613919444e-02 7.495354909291792600e-01 6.570119850646946036e-01 1.942873185873031616e+01
9.967654780542667403e-01 -5.738746073596719816e-02 -5.626065329808197651e-02 8.039836158975958824e+00 -7.569232349537971007e-03 6.299109377687551747e-01 -7.766304894870702524e-01 -3.472442915663123131e-01 8.000805260027184229e-02 7.745443110820485755e-01 6.274390979924241440e-01 1.977289164066314697e+01
9.968734625528465898e-01 -5.773204162436596648e-02 -5.394729861430409834e-02 8.597127130255103111e+00 -8.243974016024634144e-03 6.030311011834886825e-01 -7.976750766432734174e-01 -3.590729013085365295e-01 7.858330961674706017e-02 7.956258557734983139e-01 6.006697604127969603e-01 2.011123007535934448e+01
9.969679592498981169e-01 -5.820419693616035728e-02 -5.164455138841123755e-02 9.176707616075873375e+00 -8.458373069742208469e-03 5.787048738876717779e-01 -8.154931789191538494e-01 -3.722325069829821587e-01 7.735207918412179140e-02 8.134573992519034125e-01 5.764579043158509775e-01 2.044902274012565613e+01
9.970522233293495074e-01 -5.844546162363689623e-02 -4.970907331263760970e-02 9.777337362989783287e+00 -8.485844596149429500e-03 5.599038564843609178e-01 -8.285141289896208461e-01 -3.866573143750429153e-01 7.625519258051347005e-02 8.264936778400304718e-01 5.577574258537205676e-01 2.079792058467864990e+01
9.970632689844093344e-01 -5.900177399515722093e-02 -4.882241603554458159e-02 1.039081846736371517e+01 -8.759949355066441040e-03 5.454633026440516286e-01 -8.380889265202949856e-01 -4.013470467180013657e-01 7.607956972420443220e-02 8.360553666678232076e-01 5.433445710932537365e-01 2.115373373031616211e+01
9.970394876108139570e-01 -5.943104357643884395e-02 -4.878740825439629308e-02 1.102020161412656307e+01 -9.499827500531996677e-03 5.344266607601841912e-01 -8.451614624118749530e-01 -4.161704573780298233e-01 7.630211938226778845e-02 8.431228233941567840e-01 5.322798993477395602e-01 2.151857063174247742e+01
9.969892959940687138e-01 -5.982231130709141087e-02 -4.933188363653746855e-02 1.166691534779965878e+01 -1.053254621672238163e-02 5.258385523675132012e-01 -8.505191839777811458e-01 -4.307460794225335121e-01 7.682062967357164429e-02 8.484781128078175971e-01 5.236253268727940613e-01 2.189340525865554810e+01
9.969110423298097601e-01 -6.034850712846358961e-02 -5.026361873420869680e-02 1.233357213996350765e+01 -1.165263957756550173e-02 5.192479496174011722e-01 -8.545441959366408824e-01 -4.448496801778674126e-01 7.766974746815821784e-02 8.524902489210598455e-01 5.169407952780877835e-01 2.227985179424285889e+01
9.968257258500244911e-01 -6.091701272269608308e-02 -5.126002189342863946e-02 1.303215383552014828e+01 -1.271121304035718359e-02 5.138178183904005270e-01 -8.578051495343054222e-01 -4.589425921440124512e-01 7.859323982770116679e-02 8.557338178811635387e-01 5.114124906451866792e-01 2.268460556864738464e+01
9.967020345994802577e-01 -6.174138850855934862e-02 -5.265980602215993706e-02 1.374962084554135799e+01 -1.396739912757347969e-02 5.087214286517670603e-01 -8.608178784110585013e-01 -4.727567192167043686e-01 7.993726281820912050e-02 8.587144513606023155e-01 5.061813163655809467e-01 2.309649801254272461e+01
9.966126870144266237e-01 -6.222355420179382507e-02 -5.377156669077880202e-02 1.447846769355237484e+01 -1.510272949164777681e-02 5.042494728611268684e-01 -8.634259532126525860e-01 -4.867988619953393936e-01 8.083971575770514117e-02 8.613133566953272702e-01 5.016016765666172494e-01 2.351197677850723267e+01
9.965203504053263828e-01 -6.265985791895441193e-02 -5.496301878192234869e-02 1.521282671950757504e+01 -1.629315625236801846e-02 5.002600907518488516e-01 -8.657218806639278563e-01 -5.008369442075490952e-01 8.174181480357174678e-02 8.636049929258911018e-01 4.974984340740080668e-01 2.392740416526794434e+01
9.963620952775762429e-01 -6.376125760761652828e-02 -5.654270176046772428e-02 1.596314083598554134e+01 -1.749105281950438448e-02 4.963573390984951650e-01 -8.679420804375870269e-01 -5.145270805805921555e-01 8.340646357053717319e-02 8.657735812274226506e-01 4.934363868659262242e-01 2.434778600931167603e+01
9.961632552375585536e-01 -6.540903861846736334e-02 -5.814143601183761889e-02 1.672356163524091244e+01 -1.846282481605334563e-02 4.923361181817382803e-01 -8.702093258713958779e-01 -5.281780911609530449e-01 8.554468431365264136e-02 8.679440099457713664e-01 4.892395145375444954e-01 2.476924374699592590e+01
9.959672330260193052e-01 -6.726718145990608078e-02 -5.936663235299009800e-02 1.748790537379682064e+01 -1.904046929940901925e-02 4.881531566615341933e-01 -8.725502599680077243e-01 -5.416418286040425301e-01 8.767400565363306364e-02 8.701618366371969282e-01 4.849037500296600189e-01 2.518829965591430664e+01
9.958563083658312776e-01 -6.848705448525405082e-02 -5.983089883924645747e-02 1.826731448434293270e+01 -1.928814915776960390e-02 4.838762126216528126e-01 -8.749238699229736627e-01 -5.555828865617513657e-01 8.887170747794785608e-02 8.724524825036942266e-01 4.805501902851513907e-01 2.561115920543670654e+01
9.958177653179212108e-01 -6.917316865831259209e-02 -5.968292063053054486e-02 1.906371032260358334e+01 -1.927932444259016984e-02 4.794449158789838572e-01 -8.773601770577642567e-01 -5.697211418300867081e-01 8.930445636282051403e-02 8.748414972871159101e-01 4.761061527623627887e-01 2.603830903768539429e+01
9.958505462436820777e-01 -6.943661040834263332e-02 -5.882386149480570148e-02 1.986593424342572689e+01 -1.894815046261303856e-02 4.740138271138800152e-01 -8.803135005774357369e-01 -5.840948689728975296e-01 8.900930928956934940e-02 8.777752837941228403e-01 4.707312333167846252e-01 2.646087640523910522e+01
9.959537141650740555e-01 -6.939241979779181557e-02 -5.710421451522814523e-02 2.066934203170239925e+01 -1.812878014712154817e-02 4.672261844280058973e-01 -8.839519443472164673e-01 -5.991042666137218475e-01 8.802014866592473841e-02 8.814104518664696020e-01 4.640776538138574048e-01 2.687285432219505310e+01
9.960846251714181587e-01 -6.940938630251493324e-02 -5.475177248476749414e-02 2.145549409650266171e+01 -1.712353342286156502e-02 4.561208695535208246e-01 -8.897530763986468694e-01 -6.144756609573960304e-01 8.673064106895343739e-02 8.872069034057661341e-01 4.531464514358686246e-01 2.725303295254707336e+01
9.962017600726420508e-01 -6.960560719234495930e-02 -5.231742229463422905e-02 2.223162089847028255e+01 -1.616856555840511314e-02 4.425142055425874688e-01 -8.966157233624648670e-01 -6.303937016054987907e-01 8.556068440559408406e-02 8.940560593947102230e-01 4.397080075955505096e-01 2.760496741533279419e+01
9.962865595904895066e-01 -7.020045224127101358e-02 -4.984965079583950076e-02 2.298785512708127499e+01 -1.544761278984917510e-02 4.238410810271899809e-01 -9.056048306478923227e-01 -6.459479434415698051e-01 8.470219854549823624e-02 9.030119791779198657e-01 4.211827430257975569e-01 2.791467860341072083e+01
9.962968342727606119e-01 -7.151992829159135867e-02 -4.772334727616238392e-02 2.373847066424787045e+01 -1.512727442472035916e-02 4.005844506925541060e-01 -9.161349591800457270e-01 -6.602898109704256058e-01 8.463913743980834570e-02 9.134642837683968342e-01 3.980191185017811217e-01 2.818868812918663025e+01
9.963425985280978114e-01 -7.241076302931086228e-02 -4.536637252184251567e-02 2.450499819777905941e+01 -1.493459640525809061e-02 3.751794015472521004e-01 -9.268319019567992090e-01 -6.743826754391193390e-01 8.413313371371383687e-02 9.241196340583608393e-01 3.727257943305662402e-01 2.843897649645805359e+01
9.964564952120406049e-01 -7.242522670472061053e-02 -4.276727354538878423e-02 2.529037790559232235e+01 -1.478346561303962511e-02 3.497435706187107529e-01 -9.367288209270294708e-01 -6.890154005959630013e-01 8.280037617187716026e-02 9.340417663828768369e-01 3.474335567531595115e-01 2.867220507562160492e+01
9.965403612621644980e-01 -7.250110360338238302e-02 -4.063124846428280146e-02 2.608388738892972469e+01 -1.488229658837807515e-02 3.253135656813029297e-01 -9.454890804403678350e-01 -7.044680397957563400e-01 8.176689809287264465e-02 9.428227160818772878e-01 3.231091153407182337e-01 2.888726173341274261e+01
9.966713928041025516e-01 -7.187754662580621290e-02 -3.846755850044531605e-02 2.688776426576077938e+01 -1.505601349908270749e-02 3.014519837906005639e-01 -9.533624798187869676e-01 -7.208482734858989716e-01 8.012147791600930657e-02 9.507682786882230008e-01 2.993663792358585152e-01 2.908603864908218384e+01
9.969084820088353061e-01 -6.991476807116452086e-02 -3.585252716887341734e-02 2.769056730531156063e+01 -1.505640655929981093e-02 2.778612927894139051e-01 -9.605032048832093938e-01 -7.375645376741886139e-01 7.711538834993056368e-02 9.580736021699746141e-01 2.759496144311285315e-01 2.926313173770904541e+01
9.971969811219700830e-01 -6.712580318539494717e-02 -3.305007394764376133e-02 2.850678329728543758e+01 -1.512751940595934326e-02 2.517191213997109211e-01 -9.676820976324714829e-01 -7.542963139712810516e-01 7.327577360800376083e-02 9.654696320798874520e-01 2.499981010601387832e-01 2.941625554859638214e+01
9.973459646907268938e-01 -6.604903219162805428e-02 -3.063579706279339482e-02 2.936120664142072201e+01 -1.499154409125637299e-02 2.254640327901918651e-01 -9.741361421915025742e-01 -7.710186708718538284e-01 7.124801976815423044e-02 9.720100283765248372e-01 2.238754663079099705e-01 2.955698953568935394e+01
9.974081664602222341e-01 -6.607701852315528424e-02 -2.847414795122268222e-02 3.023460440896451473e+01 -1.470790838212656867e-02 2.001463054692511623e-01 -9.796556200206439913e-01 -7.877061031758785248e-01 7.043171806423932646e-02 9.775353108865683094e-01 1.986557048272707127e-01 2.968160875886678696e+01
9.974390752937254412e-01 -6.648639464221602069e-02 -2.636001526322094904e-02 3.113324289582669735e+01 -1.426544988588236869e-02 1.762147720418753838e-01 -9.842483685807069671e-01 -8.044115751981735229e-01 7.008414954004302255e-02 9.821038200932268314e-01 1.748150409476812994e-01 2.979236144572496414e+01
9.977570942787927777e-01 -6.273697349002045620e-02 -2.334208588907002099e-02 3.207365821860730648e+01 -1.356974257528571585e-02 1.518999036696380978e-01 -9.883027275848201842e-01 -8.225156851112842560e-01 6.554878261860191957e-02 9.864028038395203923e-01 1.507078819264345559e-01 2.988916848599910736e+01
9.982671339448733194e-01 -5.517063907132142841e-02 -2.046777638021194182e-02 3.303607117198407650e+01 -1.323771900074531029e-02 1.283629075392399010e-01 -9.916389094643927038e-01 -8.416631426662206650e-01 5.733665565016577564e-02 9.901914787315303501e-01 1.274101383969100942e-01 2.996674737334251404e+01
9.989025995905714828e-01 -4.352329185395048539e-02 -1.730085539487156987e-02 3.398090969584882259e+01 -1.263624407844832903e-02 1.052537555458902679e-01 -9.943651101477142262e-01 -8.615360278636217117e-01 4.509902290281120329e-02 9.934925113002521790e-01 1.045882790924962530e-01 3.002076688781380653e+01
9.994209535201432626e-01 -3.094107890599239949e-02 -1.415652856532289249e-02 3.494011490605771542e+01 -1.156812197215425879e-02 8.229000949844725299e-02 -9.965412850909804998e-01 -8.821549732238054276e-01 3.199900340518455760e-02 9.961280058169625917e-01 8.188442958338522371e-02 3.005372648313641548e+01
9.997735153851269319e-01 -1.801778210883056563e-02 -1.132596408012324397e-02 3.592942034266889095e+01 -1.022477121709103147e-02 6.007719365785681859e-02 -9.981413651661544817e-01 -9.039328638464212418e-01 1.866472576877794762e-02 9.980311068950080688e-01 5.987935939788636280e-02 3.006721387710422277e+01
9.998826719761976234e-01 -1.170229676483894136e-02 -9.884256783753181397e-03 3.695657335780560970e+01 -9.406971499965097183e-03 4.016107790343667605e-02 -9.991489361996203078e-01 -9.259569589048624039e-01 1.208929977039097103e-02 9.991246889513148988e-01 4.004628271138152562e-02 3.006867107353173196e+01
9.998855471755145885e-01 -1.220164111887392551e-02 -8.944970851157483041e-03 3.800768851302564144e+01 -8.678076099464054893e-03 2.175398247294540663e-02 -9.997256899979006795e-01 -9.468911886215209961e-01 1.239288282579007958e-02 9.996888937067236469e-01 2.164560589803963056e-02 3.005752105428837240e+01
9.998241246322350229e-01 -1.703012964174270907e-02 -7.854583869970680615e-03 3.909526883624494076e+01 -7.778827208737544054e-03 4.510079205229771716e-03 -9.999595736992666906e-01 -9.668953344225883484e-01 1.706486597197797231e-02 9.998448048922132791e-01 4.376811557565387506e-03 3.003463779180310667e+01
9.997288967252834224e-01 -2.244139862777576322e-02 -6.206180796321491763e-03 4.020455299876630306e+01 -6.450538500543690282e-03 -1.083275721918419351e-02 -9.999205178033317987e-01 -9.867740869522094727e-01 2.237238488629161165e-02 9.996894692846670649e-01 -1.097457952908238027e-02 3.000003315298818052e+01
9.996555821889252513e-01 -2.585864117946457680e-02 -4.477462995124682071e-03 4.130812357924878597e+01 -5.082956941933256673e-03 -2.339747404966364963e-02 -9.997133197856382658e-01 -1.006018325686454773e+00 2.574646669443138303e-02 9.993917594639486479e-01 -2.352085390255890390e-02 2.995638366206549108e+01
9.996776859915610380e-01 -2.523603160445554716e-02 -2.768905815799089631e-03 4.238810562156140804e+01 -3.625255163222746053e-03 -3.395127251673815683e-02 -9.994169143152900059e-01 -1.025492286309599876e+00 2.512730895976272166e-02 9.991048262336404973e-01 -3.403181659987498942e-02 2.990374439372681081e+01
9.997297953594977971e-01 -2.321530403023706196e-02 -1.177254959705907166e-03 4.346040021441876888e+01 -2.167261439685300942e-03 -4.266563305380173532e-02 -9.990870566341905068e-01 -1.045591924339532852e+00 2.314388144431583222e-02 9.988196500945012435e-01 -4.270441823499594725e-02 2.984436054318211973e+01
9.997795742620135817e-01 -2.099323121315945298e-02 -2.951807880234583658e-04 4.452332543395459652e+01 -1.328284052494038301e-03 -4.921435939047016928e-02 -9.987873559928868161e-01 -1.065085288137197495e+00 2.095324676375192111e-02 9.985675896367839366e-01 -4.923139625321275303e-02 2.978190802573226392e+01
9.997669148353774959e-01 -2.158295209323797537e-02 5.405363003837859769e-04 4.560438071750104427e+01 -6.548700420165167813e-04 -5.534114199678336066e-02 -9.984672899738478158e-01 -1.083929717540740967e+00 2.157978558232466135e-02 9.982342080801643869e-01 -5.534237682633478400e-02 2.971282163052819669e+01
9.997522302493179192e-01 -2.220359583977379175e-02 1.574307244079239292e-03 4.665444480441510677e+01 2.200488907632411134e-04 -6.086375430789840030e-02 -9.981460589463013733e-01 -1.102137403562664986e+00 2.225824993121548745e-02 9.978990949706947333e-01 -6.084378823403245595e-02 2.964055048464797437e+01
9.997789207693489333e-01 -2.085603889599517771e-02 2.671184539561874838e-03 4.765155791305005550e+01 1.289794246487816626e-03 -6.596911742058125805e-02 -9.978208316013206236e-01 -1.119412016123533249e+00 2.098680576165379980e-02 9.976036794179932166e-01 -6.592763301988260882e-02 2.956637313752435148e+01
9.998264710722847282e-01 -1.826539901551560083e-02 3.661002860664975059e-03 4.862754284404218197e+01 2.372125365088905390e-03 -7.009288175925429409e-02 -9.975376488874669878e-01 -1.136511556804180145e+00 1.847703343056177061e-02 9.973732316066474812e-01 -7.003739080033397069e-02 2.949075758247636259e+01
9.998514187389693220e-01 -1.660780919546658158e-02 4.617479766854162490e-03 4.958019953034818172e+01 3.399389939268224452e-03 -7.263873488528332922e-02 -9.973525246081780260e-01 -1.153067488223314285e+00 1.689924831793218618e-02 9.972200333266437733e-01 -7.257148571096203038e-02 2.941792830615304410e+01
9.998471019223887923e-01 -1.657871970362864711e-02 5.560470338801230643e-03 5.050860946439206600e+01 4.328016368350139954e-03 -7.346984610461841647e-02 -9.972880476510680436e-01 -1.169121539220213890e+00 1.694228590584712785e-02 9.971596300323996021e-01 -7.338685973614303415e-02 2.934955452173016965e+01
9.998384841640065579e-01 -1.689764705934819478e-02 6.121691635435279333e-03 5.142960553430020809e+01 4.877882865501529004e-03 -7.269226073523325782e-02 -9.973424895631145537e-01 -1.184954682365059853e+00 1.729774099043292906e-02 9.972112638518773053e-01 -7.259809504091227494e-02 2.928655613004229963e+01
9.998297090185979119e-01 -1.728474632090470572e-02 6.464557866381183925e-03 5.235290615819394588e+01 5.237141026022136547e-03 -7.013698463169508457e-02 -9.975236216454459459e-01 -1.200749475508928299e+00 1.769534734497674525e-02 9.973876081701613661e-01 -7.003451828166797066e-02 2.922972775041125715e+01
9.998325428328213027e-01 -1.708400527718907311e-02 6.559196303173089708e-03 5.328404449485242367e+01 5.417222009244423118e-03 -6.605360886433354894e-02 -9.978013702444491484e-01 -1.216572437435388565e+00 1.747970246191683438e-02 9.976698138761573853e-01 -6.594999986471755671e-02 2.917966550379060209e+01
9.998395720566345402e-01 -1.675428986211048923e-02 6.334344545607310632e-03 5.423087101243436337e+01 5.295736122452981455e-03 -6.132441726622654687e-02 -9.981038377973902032e-01 -1.232641540467739105e+00 1.711097099896525739e-02 9.979772590686493139e-01 -6.122585281805761198e-02 2.913533312245272100e+01
9.998467321456033785e-01 -1.651977767786072526e-02 5.797341048450487672e-03 5.521154253743588924e+01 4.856956861085439878e-03 -5.640693009336725933e-02 -9.983960477723714533e-01 -1.249044168740510941e+00 1.682029095490174958e-02 9.982711831876727171e-01 -5.631804887668265952e-02 2.909450867562554777e+01
9.998470424723403527e-01 -1.664832169808974291e-02 5.359574978585028744e-03 5.621757786534726620e+01 4.484904501811061948e-03 -5.213815890758936172e-02 -9.986298102987596348e-01 -1.265988975763320923e+00 1.690494871106668767e-02 9.985010995338782225e-01 -5.205551785077476568e-02 2.905531987338326871e+01
9.998371252469184789e-01 -1.725674156062681139e-02 5.284680566291859692e-03 5.727189569734036922e+01 4.433381131404796893e-03 -4.900234727911265131e-02 -9.987888240728772793e-01 -1.283739840611815453e+00 1.749480236303661146e-02 9.986495755928839202e-01 -4.891786032147473623e-02 2.901495015784166753e+01
9.998229175318581463e-01 -1.792888181068448897e-02 5.717409824547973855e-03 5.836139457486569881e+01 4.875660493373542952e-03 -4.664658112791223582e-02 -9.988995567142026077e-01 -1.302309956401586533e+00 1.817584971429636598e-02 9.987505452644797055e-01 -4.655090569546100482e-02 2.897397266491316259e+01
9.998123620545306123e-01 -1.831019422246900341e-02 6.322773954180088522e-03 5.946434610150754452e+01 5.499846104092188936e-03 -4.465043987379382212e-02 -9.989875324106443077e-01 -1.321598162874579430e+00 1.857397038254065061e-02 9.988348587262121381e-01 -4.454135850663198254e-02 2.893336474313400686e+01
9.998090725089907593e-01 -1.826278828127838455e-02 6.949035393841372817e-03 6.060783152841031551e+01 6.166272243202368386e-03 -4.257333741549929745e-02 -9.990743155681305332e-01 -1.341501042246818542e+00 1.854172633101813794e-02 9.989264144597934658e-01 -4.245259567054034122e-02 2.889247753261588514e+01
9.998024698446644765e-01 -1.842061801042389757e-02 7.463385600573258123e-03 6.175372367165982723e+01 6.712348185208325164e-03 -4.050195385449913144e-02 -9.991569126597726891e-01 -1.361774986609816551e+00 1.870736951977289633e-02 9.990096458824019310e-01 -4.037030789539017284e-02 2.885338698490522802e+01
9.997961998797710859e-01 -1.852179521401442833e-02 8.031301763659634899e-03 6.291506223939359188e+01 7.311288992909611290e-03 -3.861918574072722293e-02 -9.992272532041874822e-01 -1.382380915805697441e+00 1.881764489066070287e-02 9.990823297380319046e-01 -3.847589694855297476e-02 2.881610002159141004e+01
9.997803791543368179e-01 -1.917977709404444439e-02 8.445685800054170134e-03 6.403459780476987362e+01 7.733020249459799343e-03 -3.693209477684778613e-02 -9.992878568126479788e-01 -1.402090849354863167e+00 1.947803521487506684e-02 9.991337030277862574e-01 -3.677566611431240529e-02 2.878148069768212736e+01
9.997655844015602700e-01 -1.976478079216529432e-02 8.839099866179159215e-03 6.515825240872800350e+01 8.139663687967559763e-03 -3.519269091520377951e-02 -9.993473972454192111e-01 -1.421967381611466408e+00 2.006295395133570608e-02 9.991850819274598061e-01 -3.502356253098756755e-02 2.874842641293071210e+01
9.997509675100713089e-01 -2.025421309290013558e-02 9.368554566412376494e-03 6.631829040311276913e+01 8.694993197119030987e-03 -3.309145896930875547e-02 -9.994145048159871481e-01 -1.442665150389075279e+00 2.055237348771443359e-02 9.992470776516036990e-01 -3.290710787583048941e-02 2.871787192462943494e+01
9.997305275383940870e-01 -2.085317894505272704e-02 1.019888404139065313e-02 6.750007121823728085e+01 9.560631143247401778e-03 -3.048091418347743942e-02 -9.994896238594387361e-01 -1.463449774309992790e+00 2.115340728929718250e-02 9.993177966985403726e-01 -3.027333086444264007e-02 2.869006822048686445e+01
9.997141530013765598e-01 -2.120986025077810366e-02 1.103422479754390118e-02 6.869876318238675594e+01 1.045581523126038782e-02 -2.719089739024101171e-02 -9.995755754453802266e-01 -1.485141798853874207e+00 2.150088873953848873e-02 9.994052215829452024e-01 -2.696135857396914082e-02 2.866618695645593107e+01
9.997043743795740456e-01 -2.130583125347523116e-02 1.171432460464640578e-02 6.987668125890195370e+01 1.122440492635102573e-02 -2.297065080916554924e-02 -9.996731275449253218e-01 -1.506072949618101120e+00 2.156795262406455138e-02 9.995090848791730043e-01 -2.272471481898699283e-02 2.864981229766272008e+01
9.997086972213808931e-01 -2.063235905803813275e-02 1.252303715676079780e-02 7.104920332692563534e+01 1.215398047786289681e-02 -1.791660844436758146e-02 -9.997656104809741207e-01 -1.526908988133072853e+00 2.085189340259410024e-02 9.996265807298000405e-01 -1.766062399734065480e-02 2.864112331694923341e+01
9.997174507322780235e-01 -1.974445226474453446e-02 1.323538084531702963e-02 7.219315963052213192e+01 1.297796884020898170e-02 -1.310884332329710633e-02 -9.998298508003788942e-01 -1.546943191438913345e+00 1.991459329582015783e-02 9.997191179683874163e-01 -1.284889654295657754e-02 2.863803980848751962e+01
9.997266614865196743e-01 -1.888869157549210448e-02 1.377750498397813106e-02 7.330419962666928768e+01 1.360366492041806784e-02 -9.301202711276504442e-03 -9.998642047442526382e-01 -1.566371547058224678e+00 1.901427394750047906e-02 9.997783279100870280e-01 -9.041704903375706939e-03 2.863844707937096246e+01
9.997535823063630200e-01 -1.707248674215808976e-02 1.418819445993987557e-02 7.438922148011624813e+01 1.408169307969182188e-02 -6.342320340672535570e-03 -9.998807333340840042e-01 -1.585527839139103889e+00 1.716043663790615265e-02 9.998341388296035914e-01 -6.100347962311701566e-03 2.864006800579954870e+01
9.997787913519228242e-01 -1.510348238968381787e-02 1.463738988319823221e-02 7.542007677815854549e+01 1.456664149116915045e-02 -4.783674796980445093e-03 -9.998824577974675387e-01 -1.603726193308830261e+00 1.517172760617565598e-02 9.998744927615370592e-01 -4.562609593507052988e-03 2.863985445511934813e+01
9.997824483961250674e-01 -1.419897796025391783e-02 1.527890388522069702e-02 7.641798024438321590e+01 1.521646671214535104e-02 -4.494986840435313651e-03 -9.998741191940626605e-01 -1.621163602918386459e+00 1.426586905336513569e-02 9.998890859081263072e-01 -4.277950673360090758e-03 2.863788679869321641e+01
9.997552923332542196e-01 -1.531256019500034163e-02 1.596499144765903266e-02 7.743214814923703671e+01 1.587662128618114524e-02 -5.875401908732364245e-03 -9.998566960064557696e-01 -1.638157557696104050e+00 1.540416658519748287e-02 9.998654935303474822e-01 -5.630852433702211723e-03 2.863216260702756699e+01
9.997120801761754105e-01 -1.729656943418031445e-02 1.663085793435545301e-02 7.847447018884122372e+01 1.649596014188935492e-02 -7.912763434467728896e-03 -9.998326217291708673e-01 -1.655194027349352837e+00 1.742527040884394099e-02 9.998190920664792314e-01 -7.625161673036053196e-03 2.862266420734522399e+01
9.996714680642172501e-01 -1.883991834407205274e-02 1.737853316944088650e-02 7.953722720406949520e+01 1.720132035005325633e-02 -9.527845966275195339e-03 -9.998066486723609092e-01 -1.673131925985217094e+00 1.900185560800585552e-02 9.997771139749257463e-01 -9.200644293790827613e-03 2.861282642533478793e+01
9.996684618612587947e-01 -1.795173092402024134e-02 1.845810707457990613e-02 8.056978969834744930e+01 1.827126744764254532e-02 -1.051681364261628296e-02 -9.997777540116919992e-01 -1.690969135612249374e+00 1.814186169613800706e-02 9.997835425669089338e-01 -1.018532604093483167e-02 2.860149202471075114e+01
9.996680585604285074e-01 -1.702611712284624046e-02 1.933608103372847636e-02 8.157335703633725643e+01 1.915136098530884415e-02 -1.094625298392887594e-02 -9.997566728549613924e-01 -1.708094019442796707e+00 1.723363184108858345e-02 9.997951244536708026e-01 -1.061654615375770029e-02 2.859102690381405409e+01
9.996673814672212277e-01 -1.611975080477654615e-02 2.013156885245293362e-02 8.253126495145261288e+01 1.995554868821820121e-02 -1.100694044261595582e-02 -9.997402779415485163e-01 -1.724866088479757309e+00 1.633715112929117960e-02 9.998094822995452491e-01 -1.068160085820888706e-02 2.858143124984053429e+01
9.996558778946265100e-01 -1.588897637555640105e-02 2.087261891715308515e-02 8.345346575044095516e+01 2.070384307838632476e-02 -1.071361077385132171e-02 -9.997282477883537855e-01 -1.740803331136703491e+00 1.610827962599485283e-02 9.998163626256191261e-01 -1.038096110999996331e-02 2.857310436641273554e+01
9.996331899915684716e-01 -1.646278784274372853e-02 2.150493161406607026e-02 8.434709047339856625e+01 2.134183761365136822e-02 -1.001924537870684667e-02 -9.997220317114722254e-01 -1.755956348031759262e+00 1.667367489647631970e-02 9.998142784229910873e-01 -9.664224074417174584e-03 2.856717107699660119e+01
9.994883869046404801e-01 -2.304924740161723440e-02 2.217423362776529613e-02 8.521667706035077572e+01 2.196287661804090935e-02 -9.382885083273593413e-03 -9.997147560770396346e-01 -1.770309373736381531e+00 2.325073102980609180e-02 9.996902988734727158e-01 -8.871856899572318558e-03 2.856598325828963425e+01
9.992363180044382398e-01 -3.190233786233511587e-02 2.256150748178630677e-02 8.607283871434628963e+01 2.228646281781275496e-02 -8.950964298989649501e-03 -9.997115553064236382e-01 -1.782748625613749027e+00 3.209508305026689823e-02 9.994509097884876070e-01 -8.233138342141363072e-03 2.856600024147519434e+01
9.990828163765197445e-01 -3.638398018570577347e-02 2.257724533700909350e-02 8.692803828977048397e+01 2.225637681646664215e-02 -9.200024348906184549e-03 -9.997099645612136376e-01 -1.794887260533869267e+00 3.658113874887952699e-02 9.992955346331864330e-01 -8.381810664141826558e-03 2.856256079177001084e+01
9.991756120038197686e-01 -3.406170790955079242e-02 2.208837773754826483e-02 8.778430961631238461e+01 2.180865976144761784e-02 -8.561917122933245666e-03 -9.997255002922499356e-01 -1.807888692244887352e+00 3.424147684025308225e-02 9.993830565050944026e-01 -7.812018582539608132e-03 2.855762705594861472e+01
9.994222563034860229e-01 -2.615143772441435449e-02 2.170842947325640065e-02 8.864598410390317440e+01 2.150208539139217973e-02 -8.145917012546396996e-03 -9.997356172307987343e-01 -1.822471905499696732e+00 2.632135879985203833e-02 9.996248027840100026e-01 -7.578900313282038725e-03 2.854931004547142948e+01
9.994947035861033724e-01 -2.346572552080078422e-02 2.144055104491755792e-02 8.950204597972333431e+01 2.124698793440325459e-02 -8.467256521088789567e-03 -9.997384013184256180e-01 -1.837398652918636799e+00 2.364112956359317244e-02 9.996887842187629492e-01 -7.964402059720668281e-03 2.854014453679883445e+01
9.994980040936172205e-01 -2.343784978256817017e-02 2.131682458635024771e-02 9.035813151858747005e+01 2.111090650550359257e-02 -8.998341587741074538e-03 -9.997366450596808507e-01 -1.852307752706110477e+00 2.362349337823140688e-02 9.996847988472367108e-01 -8.499030201649961785e-03 2.853019932486677135e+01
9.994240110414743805e-01 -2.624708978589744904e-02 2.151130938696840453e-02 9.120935111306607723e+01 2.126990061046162006e-02 -9.442353912170147259e-03 -9.997291799685643632e-01 -1.866722409613430500e+00 2.644309894456248894e-02 9.996108904120484251e-01 -8.878642229514345854e-03 2.852092278298550809e+01
9.992463749937500195e-01 -3.189340794771274024e-02 2.212447945897894064e-02 9.206428050063550472e+01 2.185537914599041884e-02 -8.761593054129261648e-03 -9.997227500109912013e-01 -1.880157602950930595e+00 3.207841118626380411e-02 9.994528728342495505e-01 -8.057947575554077688e-03 2.851593638552913035e+01
9.989912005641511383e-01 -3.862749520372934370e-02 2.290191716171212366e-02 9.291356377862393856e+01 2.265397459287516249e-02 -6.844396610289319068e-03 -9.997199366173440405e-01 -1.893082828260958195e+00 3.877342686094981117e-02 9.992302391587871702e-01 -5.962425691918441309e-03 2.851621311493545363e+01
9.988434940144457208e-01 -4.189742753447162071e-02 2.358558947763884570e-02 9.375505368970334530e+01 2.339361022333911327e-02 -5.066580183366176625e-03 -9.997134933399488554e-01 -1.906677954830229282e+00 4.200492192270439962e-02 9.991090707881894462e-01 -4.080588563955798304e-03 2.851712797021355073e+01
9.987016467801850261e-01 -4.488956829542963683e-02 2.408209660300543453e-02 9.460229449532926083e+01 2.394592329346763304e-02 -3.568863749871513651e-03 -9.997068850263851614e-01 -1.920715851709246635e+00 4.496235621239051683e-02 9.989855804113414450e-01 -2.489307945051552270e-03 2.851896586325347016e+01
9.985693002786385497e-01 -4.729526380211614839e-02 2.495016158101082127e-02 9.545031516812741756e+01 2.488608259768862463e-02 -1.943305393772335908e-03 -9.996884046827229087e-01 -1.934889437630772591e+00 4.732901260296189239e-02 9.988790625426258174e-01 -7.635312658280099052e-04 2.852216084869905899e+01
9.984872629910748199e-01 -4.846311830300913115e-02 2.597136517283660587e-02 9.630202214978635311e+01 2.596330579365404082e-02 -7.958994143156572802e-04 -9.996625797219718113e-01 -1.949935251846909523e+00 4.846743645848725079e-02 9.988246556370496965e-01 4.635673323988181212e-04 2.852513185711904953e+01
9.984525883270503055e-01 -4.866395681539455870e-02 2.691185928328379204e-02 9.715733181498944759e+01 2.697466315894117908e-02 6.341681884238679293e-04 -9.996359164106551898e-01 -1.965172146447002888e+00 4.862917242227669107e-02 9.988150064640489711e-01 1.945880712243015743e-03 2.852951334985300491e+01
9.984119394235476674e-01 -4.905939051167815257e-02 2.769070997885066804e-02 9.801618652604520321e+01 2.788385363896915201e-02 3.256793578435073725e-03 -9.996058643294505330e-01 -1.980378956533968449e+00 4.894987152946066178e-02 9.987905533685278447e-01 4.619586457592183941e-03 2.853783086510702560e+01
9.983976690010665234e-01 -4.891878522069288693e-02 2.844375126048629548e-02 9.887407140992581844e+01 2.877595834930754895e-02 6.100046245799585140e-03 -9.995672732021982920e-01 -1.995898569934070110e+00 4.872410855331899687e-02 9.987841317763967997e-01 7.497956878614393111e-03 2.854927500533267448e+01
9.983937430989570094e-01 -4.885399623410519032e-02 2.869182449430603826e-02 9.974249409697949886e+01 2.919387750795600714e-02 9.594109990760791087e-03 -9.995277237623454436e-01 -2.011403523385524750e+00 4.855565113253538373e-02 9.987598510680348873e-01 1.100493696721137511e-02 2.856437287954940984e+01
9.983560965004241172e-01 -4.965976311177570934e-02 2.861839457618418903e-02 1.006083034183830023e+02 2.933322098529535932e-02 1.372574678912802035e-02 -9.994754454321068682e-01 -2.026851631700992584e+00 4.924090501873087944e-02 9.986718739419685464e-01 1.515986379138221582e-02 2.858434428563668916e+01
9.982626761388622150e-01 -5.168297191604750290e-02 2.829310590943052983e-02 1.014984538462013006e+02 2.932386856476315237e-02 1.929561046595300311e-02 -9.993837051649094860e-01 -2.042888263240456581e+00 5.110518721689318727e-02 9.984771153264712096e-01 2.077763241697780025e-02 2.861232279157593439e+01
9.982087251977364017e-01 -5.297076006737037879e-02 2.781078058946068188e-02 1.024234335329383612e+02 2.919301982580744387e-02 2.550177171566721940e-02 -9.992484311885668768e-01 -2.059661740437150002e+00 5.222172471835889729e-02 9.982703833216965972e-01 2.700246748341469938e-02 2.864737558281376550e+01
9.981371014372586448e-01 -5.467132848928644984e-02 2.708085256494489890e-02 1.033614726569503546e+02 2.887627396096307392e-02 3.232180452120687192e-02 -9.990602893492586123e-01 -2.076483527198433876e+00 5.374465123674311562e-02 9.979811354898995290e-01 3.384029653728554132e-02 2.869143214365794847e+01
9.980874522547039662e-01 -5.583630510549767584e-02 2.652818659237528298e-02 1.042909459974616766e+02 2.873633598960060112e-02 3.912263096022378789e-02 -9.988211264989557137e-01 -2.093524869531393051e+00 5.473262871091513077e-02 9.976731562886294036e-01 4.065233788452019686e-02 2.874228366380884836e+01
