0.000000000000000000e+00 0.000000000000000000e+00 0.000000000000000000e+00 0.000000000000000000e+00 0.000000000000000000e+00 0.000000000000000000e+00 0.000000000000000000e+00 0.000000000000000000e+00 0.000000000000000000e+00 0.000000000000000000e+00 0.000000000000000000e+00 0.000000000000000000e+00
9.999986290936320188e-01 -1.125299088397165416e-03 -1.215834675936099465e-03 1.765717193484306335e-02 1.107613629163006763e-03 9.998950165669872048e-01 -1.444996033705294065e-02 -1.939848065376281738e-02 1.231967471539974213e-03 1.444859335083609198e-02 9.998948574874866324e-01 1.132174134254455566e+00
9.999980330470421563e-01 -6.285908355674013452e-04 -1.888824929126363839e-03 4.878287389874458313e-02 5.966321141126496030e-04 9.998574662021256776e-01 -1.687308889584123589e-02 -1.916112005710601807e-02 1.899161958135664463e-03 1.687192880160992559e-02 9.998558762234495134e-01 1.122266411781311035e+00
9.999955892572813809e-01 -7.132820517846243102e-04 -2.876119348716876453e-03 8.183044195175170898e-02 6.555937583816312531e-04 9.997995713274997476e-01 -2.000898004638123479e-02 -1.969107240438461304e-02 2.889815019443631172e-03 2.000700716696113268e-02 9.997956761128108383e-01 1.142859220504760742e+00
9.999926090273447699e-01 -1.048160021912027985e-03 -3.690590869271178579e-03 1.189805120229721069e-01 9.572698205520535630e-04 9.996982537596558194e-01 -2.454377247300199363e-02 -1.948975771665573120e-02 3.715203376486897469e-03 2.454005909463541357e-02 9.996919056735720233e-01 1.137962460517883301e+00
9.999901652391187667e-01 -1.194865728225068171e-03 -4.273232583795947420e-03 1.556663513183593750e-01 1.082330023112684780e-03 9.996550651407597465e-01 -2.624107186339169270e-02 -1.964620873332023621e-02 4.303113091737031937e-03 2.623618928212467782e-02 9.996465476366047653e-01 1.163317918777465820e+00
9.999916553547727460e-01 -1.255392637428476461e-03 -3.894533023117918540e-03 1.917627304792404175e-01 1.149965455580687079e-03 9.996359921729867093e-01 -2.695568667083546657e-02 -2.032335847616195679e-02 3.926955163478851318e-03 2.695098285654062842e-02 9.996290830884433376e-01 1.176199793815612793e+00
9.999936223054959328e-01 -1.035930507862388873e-03 -3.431679845239709800e-03 2.233705818653106689e-01 9.347688918406454883e-04 9.995687848495664607e-01 -2.935031688557549617e-02 -1.974015869200229645e-02 3.460604697465896606e-03 2.934692071619249276e-02 9.995633389395663926e-01 1.123347043991088867e+00
9.999904036538751484e-01 -7.158094662552340511e-04 -4.317488752025755439e-03 2.531319260597229004e-01 5.918124369683475106e-04 9.995892505467343092e-01 -2.865292026165337444e-02 -1.971910335123538971e-02 4.336225334554910660e-03 2.865009036619015070e-02 9.995800891434285518e-01 1.121021032333374023e+00
9.999819397937059762e-01 -5.492862488761291904e-04 -5.985623010130097961e-03 2.765634059906005859e-01 3.921113523052618954e-04 9.996559003295635293e-01 -2.622834295210966365e-02 -1.875165849924087524e-02 5.997970234602689743e-03 2.622552132606448261e-02 9.996380271840976661e-01 1.116168379783630371e+00
9.999784231198738382e-01 -5.025128279314669717e-04 -6.544109798699829575e-03 2.985354065895080566e-01 3.203494460202183092e-04 9.996132266930726207e-01 -2.780758992538811744e-02 -1.759666390717029572e-02 6.555552594363689423e-03 2.780489398344077046e-02 9.995918357123478870e-01 1.069965004920959473e+00
9.999772906303405762e-01 -3.680623925797965254e-04 -6.727290697105889859e-03 3.181506395339965820e-01 1.579699669711741306e-04 9.995130564561981457e-01 -3.120376163914195117e-02 -1.646705903112888336e-02 6.735499482601881027e-03 3.120198953282915522e-02 9.994903913445973842e-01 9.962168931961059570e-01
9.999818801879882812e-01 -1.088971875613103935e-04 -6.023392383149354067e-03 3.401252031326293945e-01 -1.143346544957291044e-04 9.993134992163370534e-01 -3.704806141505090356e-02 -1.471812371164560318e-02 6.023291498422622681e-03 3.704807830930434420e-02 9.992953663291928024e-01 9.083560705184936523e-01
9.999861717224121094e-01 -9.054704957156024803e-05 -5.258550324545416439e-03 3.699232041835784912e-01 -1.258826287173497871e-04 9.991532836482353019e-01 -4.114275976639137494e-02 -1.337729766964912415e-02 5.257823038846254349e-03 4.114285214104107524e-02 9.991394398477382310e-01 8.544114828109741211e-01
9.999901056301325752e-01 3.205852888514438160e-04 -4.440886521964435008e-03 3.800911009311676025e-01 -5.182349104929789840e-04 9.990058372045854673e-01 -4.457741229946302064e-02 -1.143664214760065079e-02 4.422180354595184326e-03 4.457927131223904382e-02 9.989960886859847733e-01 7.439574003219604492e-01
9.999927878392398384e-01 3.765116900329769931e-04 -3.776447526960389871e-03 3.887056112289428711e-01 -5.519543952411873344e-04 9.989151133538507477e-01 -4.656417680888648436e-02 -9.573953226208686829e-03 3.754818812012672424e-03 4.656592787396096611e-02 9.989081697468122911e-01 6.543757915496826172e-01
9.999943971661089392e-01 8.881280092062934610e-04 -3.236972809739611153e-03 3.947481513023376465e-01 -1.041373317037200263e-03 9.988634387887909138e-01 -4.765217802390316754e-02 -8.199432864785194397e-03 3.190972609445452690e-03 4.765528138164043526e-02 9.988587556228409881e-01 5.776072740554809570e-01
9.999946355871180970e-01 1.451140927992970731e-03 -2.931152754671937158e-03 4.024523794651031494e-01 -1.585884249495669862e-03 9.989168979129791071e-01 -4.650272038357822907e-02 -7.556070573627948761e-03 2.860496053472161293e-03 4.650711885068425921e-02 9.989138290084795813e-01 5.245427489280700684e-01
9.999947547977825479e-01 1.898622799885760042e-03 -2.617548011945345678e-03 4.135061204433441162e-01 -2.017716203583735934e-03 9.989268180726642576e-01 -4.627248890282491256e-02 -7.652889005839824677e-03 2.526884898543357849e-03 4.627752682599473033e-02 9.989253913077860147e-01 4.803705513477325439e-01
9.999946951935427819e-01 2.046794017736757159e-03 -2.528582350073394457e-03 4.257692992687225342e-01 -2.161905478576059414e-03 9.989209254375746028e-01 -4.639307348116705060e-02 -7.635786663740873337e-03 2.430896740406751633e-03 4.639829278459828288e-02 9.989200266510138704e-01 4.447700083255767822e-01
9.999962449108608098e-01 1.733996636362326784e-03 -2.118008423651704646e-03 4.388293623924255371e-01 -1.830441201853709454e-03 9.989204961955118200e-01 -4.641600793374477119e-02 -8.182358928024768829e-03 2.035236917436122894e-03 4.641970993916766375e-02 9.989199064809284323e-01 4.145231246948242188e-01
9.999983906750884444e-01 8.173066855311974122e-04 -1.570071217327832520e-03 4.598137438297271729e-01 -8.881268330815234036e-04 9.989571600413559294e-01 -4.564830005104193733e-02 -9.020971134305000305e-03 1.531125279143452644e-03 4.564962309637365934e-02 9.989563239127221550e-01 4.023745357990264893e-01
9.999989271166782601e-01 9.176254764115084799e-04 -1.150626207644037894e-03 4.835214018821716309e-01 -9.677208779922397142e-04 9.990168694117090853e-01 -4.432060409149057162e-02 -9.530151262879371643e-03 1.108825323171913624e-03 4.432167078751492184e-02 9.990167027608762851e-01 3.933691680431365967e-01
9.999987483026515633e-01 1.418269664134599092e-03 -6.523506461686444163e-04 5.018253922462463379e-01 -1.445296194872894291e-03 9.990529798998067923e-01 -4.348561081335914486e-02 -9.697278961539268494e-03 5.900585674680769444e-04 4.348650169613788030e-02 9.990538360379908056e-01 3.752683401107788086e-01
9.999991655349731445e-01 1.296018872668569912e-03 -1.779682700481622455e-04 5.177918672561645508e-01 -1.302413758821785450e-03 9.990948514138748848e-01 -4.251766061757129844e-02 -9.915556758642196655e-03 1.227034954354166985e-04 4.251785576343536377e-02 9.990956783294677734e-01 3.533061742782592773e-01
9.999991655351436748e-01 1.019896068205957762e-03 7.750649192472853924e-04 5.383040904998779297e-01 -9.890159081833022059e-04 9.992445994176760715e-01 -3.884904458238214869e-02 -1.076299045234918594e-02 -8.141014259308576584e-04 3.884824466171554747e-02 9.992447498160217378e-01 3.441595435142517090e-01
9.999987483027013013e-01 7.244563493754077859e-04 1.405308413421158930e-03 5.572912096977233887e-01 -6.760041131701130523e-04 9.994155435768065088e-01 -3.417732573152525849e-02 -1.182862371206283569e-02 -1.429247087799012661e-03 3.417633363614913655e-02 9.994148021895377099e-01 3.383384346961975098e-01
9.999992251396179199e-01 2.514425204957918079e-04 1.227945997257068192e-03 5.795803666114807129e-01 -2.142958778009670939e-04 9.995451489744883178e-01 -3.015802990248574178e-02 -1.315961405634880066e-02 -1.234970404766499996e-03 3.015774200553000828e-02 9.995443824477767691e-01 3.377924859523773193e-01
9.999994039535522461e-01 5.196644986193619219e-05 1.099237899251914122e-03 6.006298065185546875e-01 -2.682236519984532164e-05 9.997386329580481013e-01 -2.286176539590166826e-02 -1.442476734519004822e-02 -1.100138644687831402e-03 2.286172226861959977e-02 9.997380377419986530e-01 3.488976359367370605e-01
9.999999403953552246e-01 2.777943409186962040e-04 1.713675033709488875e-04 6.134811043739318848e-01 -2.747800317592918873e-04 9.998494974412781566e-01 -1.734588375024421689e-02 -1.468972954899072647e-02 -1.761603052727878094e-04 1.734583638608455658e-02 9.998495578765869141e-01 3.558130264282226562e-01
9.999997019767761230e-01 7.391854195730676461e-04 -2.329096425931898159e-04 6.293833255767822266e-01 -7.421880727633833885e-04 9.999130390298960336e-01 -1.316696402092166519e-02 -1.482344605028629303e-02 2.231565595138818026e-04 1.316713355481624603e-02 9.999133348464965820e-01 3.648368418216705322e-01
9.999993443489714195e-01 1.030879326136596415e-03 -5.305862990701842993e-04 6.467136740684509277e-01 -1.036241294221112996e-03 9.999473746270944874e-01 -1.020664584742615906e-02 -1.457558199763298035e-02 5.200365558266639709e-04 1.020718896154282351e-02 9.999477863373869013e-01 3.748344480991363525e-01
9.999989867212732975e-01 1.117593704383825631e-03 -8.603766428579398854e-04 6.666569113731384277e-01 -1.124286622063985774e-03 9.999687746727529136e-01 -7.818261595048663082e-03 -1.410363055765628815e-02 8.516121888533234596e-04 7.819221352616256837e-03 9.999690652002968250e-01 3.864465355873107910e-01
9.999990463259074147e-01 1.056762379912144214e-03 -9.331440229316703520e-04 6.985818743705749512e-01 -1.062739197064788144e-03 9.999787870864706996e-01 -6.427902518401203136e-03 -1.409289054572582245e-02 9.263314423151314259e-04 6.428887713567449369e-03 9.999788999643790532e-01 4.047537147998809814e-01
9.999983310706390682e-01 1.253568286890210416e-03 -1.355850181030987967e-03 7.174670100212097168e-01 -1.261731995023974984e-03 9.999809964052656097e-01 -6.037078261401249146e-03 -1.381412334740161896e-02 1.348256482742726803e-03 6.038778650357679023e-03 9.999808669253340554e-01 4.118922054767608643e-01
9.999989271166676019e-01 1.135418925486744767e-03 -9.113986328177140330e-04 7.288467884063720703e-01 -1.140216821043427142e-03 9.999854023242311651e-01 -5.281192557854239890e-03 -1.404209248721599579e-02 9.053889662027359009e-04 5.282226142996643281e-03 9.999856352864284759e-01 4.154786169528961182e-01
9.999988675120476955e-01 1.191432825737883750e-03 -9.107536497380424884e-04 7.343593835830688477e-01 -1.195713145956664447e-03 9.999882033910509893e-01 -4.713796834269349915e-03 -1.403807476162910461e-02 9.051266824826598167e-04 4.714880499739809716e-03 9.999884963081839828e-01 4.154273867607116699e-01
9.999979138384134103e-01 1.196788871376592255e-03 -1.675922967928862107e-03 7.503143548965454102e-01 -1.204514505297148153e-03 9.999886248126460542e-01 -4.616361213016462357e-03 -1.369011029601097107e-02 1.670379075221717358e-03 4.618370162090101871e-03 9.999879598763818933e-01 4.203817248344421387e-01
9.999971985828040033e-01 9.685533206674098701e-04 -2.150488421695093220e-03 7.604207992553710938e-01 -9.787298572106264971e-04 9.999883274465680705e-01 -4.736218588566183142e-03 -1.365099195390939713e-02 2.145875943824648857e-03 4.738310047565613692e-03 9.999864697716844830e-01 4.214573800563812256e-01
9.999975562099692183e-01 5.729756130356696269e-04 -2.140149108479276387e-03 7.643441557884216309e-01 -5.834218637224414250e-04 9.999879063505414667e-01 -4.883652235965285117e-03 -1.346372440457344055e-02 2.137325005605816841e-03 4.884888995367153708e-03 9.999858141215440810e-01 4.190558791160583496e-01
9.999992251396605525e-01 2.448580519445086234e-04 -1.203618983990500458e-03 7.794092297554016113e-01 -2.507978304169405925e-04 9.999877229328657524e-01 -4.937253326280121798e-03 -1.394103374332189560e-02 1.202395418658852577e-03 4.937551643659943146e-03 9.999870658008234159e-01 4.228593409061431885e-01
9.999998807907104492e-01 -1.033495323290958454e-05 -4.344637260314720343e-04 7.963957190513610840e-01 8.134053981714850501e-06 9.999871849834701676e-01 -5.065479590475313078e-03 -1.413826178759336472e-02 4.345104971434921026e-04 5.065475452336543061e-03 9.999870657936114071e-01 4.271494150161743164e-01
9.999998807907140019e-01 -3.312429344102939158e-04 2.983461842353714311e-04 8.022242188453674316e-01 3.330708515676336634e-04 9.999810463308241859e-01 -6.147786640250947447e-03 -1.437372900545597076e-02 -2.963041188195347786e-04 6.147885328657287651e-03 9.999810457240876360e-01 4.225670993328094482e-01
9.999991655351436748e-01 -8.168024905445133658e-04 9.992783464710440575e-04 8.034077286720275879e-01 8.243841146259867081e-04 9.999706807559430866e-01 -7.610345346597407155e-03 -1.500936411321163177e-02 -9.930329397320747375e-04 7.611163056532532778e-03 9.999705553192939078e-01 4.119775295257568359e-01
9.999986290936178079e-01 -9.951522327915980799e-04 1.306910636312134597e-03 7.861520648002624512e-01 1.011306041729664873e-03 9.999223514476704988e-01 -1.241835889678432475e-02 -1.537143439054489136e-02 -1.294451067224144936e-03 1.241966418174245135e-02 9.999220371889947501e-01 3.801783025264739990e-01
9.999988079074455527e-01 -9.425133579678121511e-04 1.188729775427072293e-03 7.761269211769104004e-01 9.604005142225674474e-04 9.998849205593860479e-01 -1.513757034780720788e-02 -1.591802760958671570e-02 -1.174325705505907536e-03 1.513869443300586148e-02 9.998846650943420400e-01 3.519341349601745605e-01
9.999994039536375112e-01 -7.068835639733792291e-04 8.763556378589127099e-04 7.562341690063476562e-01 7.248295905677021311e-04 9.997865091092227319e-01 -2.064966625761948879e-02 -1.555419899523258209e-02 -8.615716360509395599e-04 2.065028815556924080e-02 9.997863770293946573e-01 3.097108900547027588e-01
9.999999403953552246e-01 -3.199014210779741233e-04 7.145512394122438917e-05 7.506152987480163574e-01 3.216196491848677397e-04 9.996746783871741648e-01 -2.550215695449096695e-02 -1.434183493256568909e-02 -6.327370647341012955e-05 2.550217881798744202e-02 9.996747374534606934e-01 2.740091681480407715e-01
9.999998807907104492e-01 -1.800181420629409432e-04 5.129343470209391572e-04 7.665274143218994141e-01 1.940769203083135552e-04 9.996206787548510553e-01 -2.754162272833837050e-02 -1.409287936985492706e-02 -5.077817477285861969e-04 2.754171795645699028e-02 9.996205568765788030e-01 2.502879798412322998e-01
9.999991059303283691e-01 -1.168432975798285554e-04 1.341043622899261347e-03 7.853798866271972656e-01 1.533582483194302626e-04 9.996283706309799788e-01 -2.726103911398160620e-02 -1.463269069790840149e-02 -1.337359892204403877e-03 2.726121975966322442e-02 9.996274713024213554e-01 2.332283705472946167e-01
9.999994635581970215e-01 1.247935956209490424e-04 1.034100292508871328e-03 7.935097813606262207e-01 -9.792019249679415061e-05 9.996633503316356695e-01 -2.594665157937873015e-02 -1.545262895524501801e-02 -1.036990084685385227e-03 2.594653615242537015e-02 9.996628167050971570e-01 2.150564491748809814e-01
9.999986290931701660e-01 2.136843943323191945e-04 1.645984861887032739e-03 8.038772344589233398e-01 -1.722744749035921841e-04 9.996845054719993851e-01 -2.511732585013065275e-02 -1.638025045394897461e-02 -1.650832709856331348e-03 2.511700711000230957e-02 9.996831421408778340e-01 1.987767368555068970e-01
9.999954700469970703e-01 7.096544343968697044e-05 3.014550237873616159e-03 8.028032779693603516e-01 3.223118207121289380e-06 9.996973278529470708e-01 -2.460302931022019524e-02 -1.671629771590232849e-02 -3.015383612364530563e-03 2.460292757564985777e-02 9.996927990319193214e-01 1.770928949117660522e-01
9.999926090240478516e-01 1.711143160407651610e-04 3.847314493568310036e-03 8.162158131599426270e-01 -6.695245966441276675e-05 9.996339012962375259e-01 -2.705775826647422583e-02 -1.673178747296333313e-02 -3.850535722449421883e-03 2.705730057477540029e-02 9.996265200016125618e-01 1.531233787536621094e-01
9.999979138374328613e-01 -8.364712906115158442e-05 2.036106348553552107e-03 8.544235825538635254e-01 1.385844681133924228e-04 9.996355252037162353e-01 -2.699639981188575732e-02 -1.672240719199180603e-02 -2.033106051385402679e-03 2.699662514723233375e-02 9.996334321950008928e-01 1.407337486743927002e-01
9.999995827675078885e-01 -2.639567223887474856e-04 8.254727373387450197e-04 8.733975291252136230e-01 2.852320465919142012e-04 9.996649683528667785e-01 -2.588049489120133190e-02 -1.668743230402469635e-02 -8.183649042621254921e-04 2.588072052393086686e-02 9.996646643882911576e-01 1.246187835931777954e-01
9.999998211860727793e-01 -4.353210356866116129e-04 3.591400538910955050e-04 8.986384868621826172e-01 4.439309731483608717e-04 9.997038283192888342e-01 -2.433260422578608154e-02 -1.670548506081104279e-02 -3.484411863610148430e-04 2.433276031418074581e-02 9.997038841424021882e-01 1.107522994279861450e-01
9.999894499803332337e-01 -5.898614407431563905e-04 4.561674870933684484e-03 9.404153823852539062e-01 7.016212740625707434e-04 9.996986576538916536e-01 -2.453706606214067776e-02 -1.810417138040065765e-02 -4.545826930552721024e-03 2.454000738471417975e-02 9.996885092320759725e-01 9.680673480033874512e-02
9.999660849591407441e-01 -1.448504963361258422e-04 8.233317729303380253e-03 9.624130129814147949e-01 3.394478442838300136e-04 9.997205202622480025e-01 -2.363887097320292729e-02 -1.914744079113006592e-02 -8.227592334151268005e-03 2.364086413589383540e-02 9.996866678445428533e-01 7.757841795682907104e-02
9.999247193470779393e-01 -3.274634474215911014e-04 1.226433254115406705e-02 9.448384642601013184e-01 6.103913992090426177e-04 9.997336207147116127e-01 -2.307253714698147620e-02 -1.987290196120738983e-02 -1.225350983440876007e-02 2.307828592811267399e-02 9.996585449951993496e-01 5.401903763413429260e-02
9.999134541070162641e-01 -7.750724973103122022e-04 1.313065492616569130e-02 9.592055082321166992e-01 1.075032426863298252e-03 9.997382408244410712e-01 -2.285261417132010073e-02 -2.061897143721580505e-02 -1.310950610786676407e-02 2.286475307893542919e-02 9.996525870002628267e-01 3.295920416712760925e-02
9.999101758798332185e-01 -1.052543922549424409e-03 1.336473930519132582e-02 9.893056154251098633e-01 1.347406140937978947e-03 9.997554817860250242e-01 -2.207289680117179367e-02 -2.177794091403484344e-02 -1.333823800086975098e-02 2.208892124285721792e-02 9.996670701551408911e-01 1.348692458122968674e-02
9.999780058938156913e-01 -6.881426474757334957e-04 6.591139091547433895e-03 1.027153015136718750e+00 8.189184935520517350e-04 9.998024580477918866e-01 -1.985906149654441052e-02 -2.202410995960235596e-02 -6.576171144843101501e-03 1.986402320585012315e-02 9.997810764084320567e-01 1.456685480661690235e-03
9.999997019767903339e-01 -7.344026512646114604e-04 -2.901191223236280385e-04 1.051114916801452637e+00 7.289370553083956983e-04 9.998303015426406315e-01 -1.841014704106044494e-02 -2.093422971665859222e-02 3.035903209820389748e-04 1.840992907226501885e-02 9.998304844003591541e-01 -1.115056499838829041e-02
9.999886751220437020e-01 -9.793380376727201485e-04 -4.656236241401089451e-03 1.087580442428588867e+00 8.987657828632110435e-04 9.998503794804186606e-01 -1.727487217549243670e-02 -2.000413462519645691e-02 4.672457464039325714e-03 1.727049213442000131e-02 9.998399631554448774e-01 -2.288393862545490265e-02
9.999850392467379834e-01 -1.409208519992624165e-03 -5.287536908446018730e-03 1.109283924102783203e+00 1.327836950373445513e-03 9.998810998155027718e-01 -1.536140140994579455e-02 -1.987871527671813965e-02 5.308555904775857925e-03 1.535415098782744181e-02 9.998680369749024521e-01 -3.460534289479255676e-02
9.999933242852421245e-01 -1.409794712205118036e-03 -3.357645548405513956e-03 1.103570342063903809e+00 1.367527384183997441e-03 9.999201911216610839e-01 -1.255757515909815270e-02 -1.924421824514865875e-02 3.375081345438957214e-03 1.255290012298182489e-02 9.999154810645904945e-01 -4.365013539791107178e-02
9.999987483026515633e-01 -1.451679192005918100e-03 6.346453885173196406e-04 1.079981803894042969e+00 1.458273939798915286e-03 9.999436235651011362e-01 -1.051727232051392728e-02 -1.947394758462905884e-02 -6.193419103510677814e-04 1.051818484487770933e-02 9.999445080856048662e-01 -5.263985693454742432e-02
9.999969601652267670e-01 -1.441289580310029525e-03 1.996574262997765584e-03 1.072294712066650391e+00 1.458561904273181220e-03 9.999612821381865801e-01 -8.676704899990075881e-03 -2.009961754083633423e-02 -1.983991358429193497e-03 8.679590810712567439e-03 9.999603629853197617e-01 -5.938453599810600281e-02
9.999972581871929833e-01 -8.248955439067946803e-04 2.196607286776490735e-03 1.062924981117248535e+00 8.392267991549073880e-04 9.999783159307897851e-01 -6.531353607130226460e-03 -1.949333958327770233e-02 -2.191171981394290924e-03 6.533179222625973281e-03 9.999762774022542544e-01 -6.245314329862594604e-02
9.999995827675292048e-01 -6.773792474744671143e-04 -6.225438963320970107e-04 1.081055164337158203e+00 6.735555903774718967e-04 9.999810431435670610e-01 -6.121807409663401235e-03 -1.884444430470466614e-02 6.266788695938885212e-04 6.121385679295043847e-03 9.999811053309528575e-01 -6.908708065748214722e-02
9.999994039536375112e-01 -8.788325591858315005e-04 -6.737400146773682994e-04 1.050063967704772949e+00 8.751047667796968410e-04 9.999844399194813827e-01 -5.513448256372718848e-03 -1.820767670869827271e-02 6.785748992115259171e-04 5.512855098311564284e-03 9.999845624006269418e-01 -7.227175682783126831e-02
9.999985694890227705e-01 -1.063449669622834343e-03 1.277163417806346157e-03 9.971131086349487305e-01 1.069940199454111340e-03 9.999864170793051343e-01 -5.092106520291280435e-03 -1.727463304996490479e-02 -1.271730987355113029e-03 5.093465965474663903e-03 9.999861717332549915e-01 -7.417792081832885742e-02
9.999962449092620886e-01 -1.072057332409681986e-03 2.514690514683554871e-03 9.759846329689025879e-01 1.082397139163041033e-03 9.999909512846432147e-01 -4.114018214756318299e-03 -1.709952950477600098e-02 -2.510257298126816750e-03 4.116724744462924024e-03 9.999883771210065220e-01 -7.561607658863067627e-02
9.999982118613282012e-01 -1.023328313369580933e-03 1.580619510039451116e-03 9.526566267013549805e-01 1.027336920851329438e-03 9.999962490252276570e-01 -2.537379822575480150e-03 -1.655598543584346771e-02 -1.578017021529376507e-03 2.538999158498700393e-03 9.999955296556706230e-01 -7.282978296279907227e-02
9.999995827674865723e-01 -9.287934939356618175e-04 -4.226550694602531532e-05 9.284098744392395020e-01 9.287586435675621033e-04 9.999992251070910498e-01 -8.177624924149679399e-04 -1.605402678251266479e-02 4.302500747144222260e-05 8.177228737622499466e-04 9.999996423721313477e-01 -6.837426126003265381e-02
9.999997615814315566e-01 -5.496798365084074305e-04 -3.559451777881735414e-04 9.209960103034973145e-01 5.499610233143832627e-04 9.999995233174647780e-01 7.903736327121124424e-04 -1.583315432071685791e-02 3.555105649866163731e-04 -7.905692438628202090e-04 9.999996423721491112e-01 -6.299896538257598877e-02
9.999998807907140019e-01 -3.583279145491555088e-04 -3.986252373951804985e-04 9.233003854751586914e-01 3.593511723461780688e-04 9.999966625073812843e-01 2.569868119570719971e-03 -1.579482480883598328e-02 3.977030282840132713e-04 -2.570011034160185615e-03 9.999966621400879774e-01 -5.682888254523277283e-02
1.000000000000000000e+00 -1.809602545552656217e-04 2.149619042488855715e-04 9.311385750770568848e-01 1.800784957595169544e-04 9.999915955860283479e-01 4.094928230294885008e-03 -1.582296937704086304e-02 -2.157011185772716999e-04 -4.094889387488365173e-03 9.999915957450866699e-01 -5.006278678774833679e-02
9.999999403953552246e-01 1.198404241421317535e-04 3.693388643629256151e-04 9.468263387680053711e-01 -1.215878219514889003e-04 9.999887945390797395e-01 4.734763741974018156e-03 -1.606906577944755554e-02 -3.687673015519976616e-04 -4.734808296870673949e-03 9.999887347228053613e-01 -4.433286190032958984e-02
9.999998211860727793e-01 4.374347471417198031e-04 2.928313426402946252e-04 9.806717634201049805e-01 -4.388693807761724630e-04 9.999877816765613270e-01 4.917187519266730256e-03 -1.640262454748153687e-02 -2.906768349930644035e-04 -4.917315379988212998e-03 9.999878406531870212e-01 -4.082496836781501770e-02
9.999999403953552246e-01 3.724946958547157151e-04 -8.304300404247464524e-05 1.006035447120666504e+00 -3.721367684192955494e-04 9.999908207507872682e-01 4.269324749547468920e-03 -1.694481447339057922e-02 8.463254198431968689e-05 -4.269293509423732758e-03 9.999908804893493652e-01 -3.918935358524322510e-02
9.999998211860656738e-01 5.334409884084266541e-05 -5.897618681150571147e-04 1.054317712783813477e+00 -5.149101150568949348e-05 9.999950527190536453e-01 3.141663610688175644e-03 -1.775086484849452972e-02 5.899265524931252003e-04 -3.141632673150318578e-03 9.999948740014339421e-01 -4.037030413746833801e-02
9.999996423721597694e-01 -4.407681135049608748e-04 -6.821914063010095074e-04 1.089498877525329590e+00 4.423832106402805775e-04 9.999970800867304943e-01 2.369183720954863917e-03 -1.857008785009384155e-02 6.811451748944818974e-04 -2.369484764907281438e-03 9.999969601637843652e-01 -4.097807407379150391e-02
9.999997615814315566e-01 -6.235233837590122659e-04 -3.994451287693020331e-04 1.102951526641845703e+00 6.243256130657702518e-04 9.999977951285914379e-01 2.011356578929177769e-03 -1.928820833563804626e-02 3.981901099905371666e-04 -2.011605418526796196e-03 9.999979138375536536e-01 -4.060856997966766357e-02
9.999997615814208984e-01 -6.665892014984274106e-04 3.085469882464548944e-05 1.143485546112060547e+00 6.665232358500361443e-04 9.999975561651426315e-01 2.091140760176427027e-03 -1.990291476249694824e-02 -3.224855754524469376e-05 -2.091119764372706413e-03 9.999977946281433105e-01 -4.088791459798812866e-02
9.999998211860656738e-01 -5.458577100921427078e-04 -1.668249907983325258e-04 1.145892024040222168e+00 5.462042172439396381e-04 9.999976756078610141e-01 2.084172263339831299e-03 -2.027391269803047180e-02 1.656869426369667053e-04 -2.084263134747743607e-03 9.999978542327880859e-01 -3.909124061465263367e-02
9.999998211860656738e-01 -5.988572617764050801e-04 -1.114085965265048024e-04 1.161338567733764648e+00 5.990674253553152084e-04 9.999980331723026250e-01 1.896069458420298259e-03 -2.060589753091335297e-02 1.102729002013802528e-04 -1.896135858260095119e-03 9.999982118606567383e-01 -3.728767484426498413e-02
9.999997019767903339e-01 -4.207805880194132107e-04 -6.612361884103279712e-04 1.119535565376281738e+00 4.219047999869524057e-04 9.999985103580641965e-01 1.700971894962002634e-03 -1.970995590090751648e-02 6.605194066651165485e-04 -1.701250266730625071e-03 9.999983310702873496e-01 -3.462007641792297363e-02
9.999997615814315566e-01 -4.058013591370434139e-04 -5.857871201096870014e-04 1.123654484748840332e+00 4.068276466700042338e-04 9.999983910919787444e-01 1.752922019142309122e-03 -1.987658627331256866e-02 5.850748275406658649e-04 -1.753159834438237918e-03 9.999982714655786253e-01 -3.305495530366897583e-02
9.999997019767974393e-01 -5.544921672329320003e-04 -4.907048555944301671e-04 1.160037994384765625e+00 5.555300660358211684e-04 9.999975567858911951e-01 2.117489317106510931e-03 -2.069777436554431915e-02 4.895295714959502220e-04 -2.117761391146583128e-03 9.999976158144789906e-01 -3.055523522198200226e-02
9.999994635582609703e-01 -8.643794188206407924e-04 -6.033981724764062027e-04 1.181780338287353516e+00 8.659663924336646890e-04 9.999961866757789419e-01 2.634791941737723436e-03 -2.078462764620780945e-02 6.011183722876012325e-04 -2.635312959570271230e-03 9.999963641172868734e-01 -2.780446596443653107e-02
9.999995231628666659e-01 -8.943139493898692250e-04 -3.505785060292451890e-04 1.198691725730895996e+00 8.954707348624892094e-04 9.999941001739738322e-01 3.313511876089480362e-03 -2.169201336801052094e-02 3.476131241768598557e-04 -3.313824336896864509e-03 9.999944567683627383e-01 -2.388194389641284943e-02
9.999997019767761230e-01 -7.685522205730448923e-04 -7.030470954080529785e-05 1.177918195724487305e+00 7.688433397561311722e-04 9.999907018966022187e-01 4.238799488821091803e-03 -2.093113958835601807e-02 6.704631960019469261e-05 -4.238852299749851227e-03 9.999909996986389160e-01 -1.637536287307739258e-02
9.999993443490069467e-01 -9.332591457156215117e-04 7.114801491092274726e-04 1.172521948814392090e+00 9.296421888391886990e-04 9.999867644008596512e-01 5.067197725785102004e-03 -2.083605900406837463e-02 -7.161996909417212009e-04 -5.066532830677261678e-03 9.999869465858495232e-01 -8.689860813319683075e-03
9.999992251397671339e-01 -8.285023132457220623e-04 9.335007696886771364e-04 1.143956303596496582e+00 8.239989456239327215e-04 9.999880753568393121e-01 4.814272828064672036e-03 -2.003422938287258148e-02 -9.374782675877213478e-04 -4.813500068663684184e-03 9.999880194712247317e-01 -3.084371332079172134e-03
9.999994039536268531e-01 -6.290575540530592147e-04 8.981038936149588620e-04 1.111039876937866211e+00 6.256324422699854892e-04 9.999925472751580724e-01 3.808920911454317763e-03 -1.942833513021469116e-02 -9.004932362586259842e-04 -3.808356629550008199e-03 9.999923110038579921e-01 4.064724780619144440e-04
9.999981522562180203e-01 -4.831078199909245884e-04 1.852702000451101737e-03 1.085021257400512695e+00 4.776539464692985265e-04 9.999955270464931933e-01 2.943057151704414880e-03 -1.915628090500831604e-02 -1.854115631431341171e-03 -2.942166793466538532e-03 9.999939203337540050e-01 1.620106049813330173e-03
9.999979138376673404e-01 -4.876104247196571509e-04 1.988267462752080737e-03 1.030855655670166016e+00 4.845506701403965583e-04 9.999986872155297579e-01 1.539101268589873617e-03 -1.819835603237152100e-02 -1.989015378057956696e-03 -1.538134647024083645e-03 9.999968409561716953e-01 -2.142949524568393826e-04
9.999993443490069467e-01 -6.499780141576439732e-04 9.057880962645222141e-04 9.979034662246704102e-01 6.497198100438375534e-04 9.999997018091808521e-01 2.853340355144685795e-04 -1.743740588426589966e-02 -9.059733711183071136e-04 -2.847453555409121262e-04 9.999995231628666659e-01 -1.968420809134840965e-03
9.999991059304846885e-01 -6.620563577826943727e-04 -1.137565720229564243e-03 1.014167904853820801e+00 6.605159467984629551e-04 9.999988664943915140e-01 -1.353954851317730815e-03 -1.699389889836311340e-02 1.138460822403430939e-03 1.353202315368638720e-03 9.999984502798220376e-01 -5.724984221160411835e-03
9.999977946285056873e-01 -6.240346854891316939e-04 -2.020167506110663591e-03 1.042322278022766113e+00 6.200023003595511728e-04 9.999978517330690986e-01 -1.996074164367648857e-03 -1.703645661473274231e-02 2.021408639848232269e-03 1.994817200367315913e-03 9.999960064927861936e-01 -9.499141946434974670e-03
9.999985098841790432e-01 -7.085063060307137056e-04 -1.575742233760107393e-03 1.062757015228271484e+00 7.060211394973106569e-04 9.999985081295963418e-01 -1.577138307032015978e-03 -1.793793961405754089e-02 1.576857292093336582e-03 1.576023415496459468e-03 9.999974966064861803e-01 -9.838537313044071198e-03
9.999990463258967566e-01 -1.069155258267186952e-03 8.612120260803966115e-04 1.032562494277954102e+00 1.070002409740283822e-03 9.999989280229967248e-01 -9.838087739750451567e-04 -1.783727854490280151e-02 -8.601592853665351868e-04 9.847293811512947137e-04 9.999991655351436748e-01 -1.133516710251569748e-02
9.999992251397671339e-01 -8.797172814945233496e-04 9.087414187836461267e-04 1.003567337989807129e+00 8.801086044043122947e-04 9.999995235075221922e-01 -4.302897007567105660e-04 -1.712489314377307892e-02 -9.083624463528394699e-04 4.310891329049951204e-04 9.999994635582467595e-01 -1.046577282249927521e-02
9.999992847443870403e-01 -8.041312685349586223e-04 8.966187233557796395e-04 9.579079151153564453e-01 8.041891406505505269e-04 9.999997020235861234e-01 -6.420181700449354941e-05 -1.677208580076694489e-02 -8.965667802840471268e-04 6.492281883448830504e-05 9.999995827674865723e-01 -9.596275165677070618e-03
9.999997019767761230e-01 -7.484962653146982415e-04 2.286701061153764594e-04 9.222007989883422852e-01 7.484274683520197868e-04 9.999996423206262142e-01 3.009270626001160501e-04 -1.593721099197864532e-02 -2.288952819071710110e-04 -3.007558407261967659e-04 9.999999403953552246e-01 -8.327567949891090393e-03
9.999996423721633221e-01 -6.380416957644866049e-04 -5.659271934473570145e-04 8.936244249343872070e-01 6.384470638987997659e-04 9.999995830263110896e-01 7.164413387989697346e-04 -1.515305694192647934e-02 5.654697888530790806e-04 -7.168023613038677910e-04 9.999995827675292048e-01 -5.933907348662614822e-03
9.999781847038811122e-01 -6.189595569841192888e-04 -6.578891535132518065e-03 8.695867061614990234e-01 6.241521326675186776e-04 9.999995264122361061e-01 7.872556945270674190e-04 -1.435305736958980560e-02 6.578400731086730957e-03 -7.913447242058647968e-04 9.999780654971708316e-01 -1.188397174701094627e-03
9.999607801460719259e-01 -3.235982506830565892e-04 -8.847865169431439261e-03 8.561618328094482422e-01 3.292204638904103198e-04 9.999997634366771804e-01 6.339841266026677823e-04 -1.243926864117383957e-02 8.847657591104507446e-03 -6.368721670009201696e-04 9.999606609414506408e-01 1.641790913708973676e-05
9.999899268150329590e-01 2.605229895074511392e-05 -4.488672879980225815e-03 8.551997542381286621e-01 -2.672548725662568514e-05 1.000000000017998714e+00 -1.499150559615577115e-04 -1.213865727186203003e-02 4.488668870180845261e-03 1.500335077021588970e-04 9.999899268150329590e-01 -3.439956344664096832e-03
9.999971389773776309e-01 4.486050472683322386e-04 2.341374087953364876e-03 8.562710881233215332e-01 -4.499402890188221316e-04 9.999997025780971160e-01 5.697828683261216319e-04 -1.300142984837293625e-02 -2.341117942705750465e-03 -5.708347372318858803e-04 9.999970793728962803e-01 -4.934236872941255569e-03
9.999685287494308739e-01 3.101397220749409840e-04 7.923756016117337181e-03 8.616743683815002441e-01 -3.119924005956960233e-04 9.999999409764528391e-01 2.325799766459795944e-04 -1.458318904042243958e-02 -7.923683151602745056e-03 -2.350448138634594897e-04 9.999685883522033691e-01 -8.317526429891586304e-03
9.999963641168818640e-01 2.576969891724391836e-04 2.680960612694031388e-03 8.560618162155151367e-01 -2.566637256255083210e-04 9.999998805257434009e-01 -3.857451749607017431e-04 -1.492670550942420959e-02 -2.681059762835502625e-03 3.850556876332233980e-04 9.999963641168818640e-01 -9.166074916720390320e-03
1.000000000000000000e+00 1.361568030552392659e-04 1.759600248277404927e-05 8.560854196548461914e-01 -1.361473696306347847e-04 9.999998807894239228e-01 -5.348233580156712798e-04 -1.490904577076435089e-02 -1.766881905496120453e-05 5.348209524527192116e-04 9.999998807907104492e-01 -9.945769794285297394e-03
9.999960064888000488e-01 -1.616486612383635107e-04 -2.820412386760268349e-03 8.512198925018310547e-01 1.605752612934725765e-04 9.999999402230944634e-01 -3.808032933149063052e-04 -1.441468205302953720e-02 2.820473629981279373e-03 3.803488743095786995e-04 9.999959468843933053e-01 -9.277074597775936127e-03
9.999839067487563682e-01 -5.848175827426440243e-04 -5.638161257235829033e-03 8.549295067787170410e-01 5.894296827402764616e-04 9.999994662822183633e-01 8.163880325978365706e-04 -1.343515794724225998e-02 5.637681111693382263e-03 -8.196982022134619017e-04 9.999837279376677657e-01 -4.986924119293689728e-03
9.999772906370196779e-01 -7.905686114789111903e-04 -6.700891667869068695e-03 8.492831587791442871e-01 8.045887345846380878e-04 9.999975078993471600e-01 2.089835113224138789e-03 -1.292525790631771088e-02 6.699222605675458908e-03 -2.095179008769210149e-03 9.999753833311331164e-01 2.763226802926510572e-04
9.999944567695990827e-01 -7.373579955161609426e-04 -3.235572184787891513e-03 8.414899110794067383e-01 7.434444854955146731e-04 9.999979183648690650e-01 1.880317482762040903e-03 -1.359517686069011688e-02 3.234179224818944931e-03 -1.882712609606762566e-03 9.999929666612956680e-01 9.143999777734279633e-04
9.999954104431409974e-01 -5.512943875459046803e-04 -2.961105092404043952e-03 8.472407460212707520e-01 5.560064960658736566e-04 9.999985721097007785e-01 1.590755570673458479e-03 -1.403786055743694305e-02 2.960223937407135963e-03 -1.592394740679528575e-03 9.999943375642672549e-01 1.837329124100506306e-03
9.999967813503509717e-01 -9.400141215031198238e-04 -2.370822970576884781e-03 8.480206727981567383e-01 9.441054753239960795e-04 9.999980965158397073e-01 1.725180780380938892e-03 -1.417358871549367905e-02 2.369196619838476181e-03 -1.727413436328831264e-03 9.999957084697506104e-01 3.194412449374794960e-03
9.999987483028505153e-01 -1.078818156913474886e-03 -1.141092113062021785e-03 8.517072796821594238e-01 1.080218459969112255e-03 9.999986306061280361e-01 1.227243315655572684e-03 -1.504579279571771622e-02 1.139766653068363667e-03 -1.228474439264673479e-03 9.999985694890334287e-01 2.970438916236162186e-03
9.999994635581970215e-01 -1.012866815107697554e-03 -1.634121403783567118e-04 8.553096652030944824e-01 1.013108179904520512e-03 9.999983909185942155e-01 1.483866961836701132e-03 -1.523688435554504395e-02 1.619089161977171898e-04 -1.484031789004802704e-03 9.999989271163940430e-01 4.380838945508003235e-03
9.999995231628666659e-01 -9.102312468273529968e-04 -3.235115988608900902e-04 8.588550090789794922e-01 9.110939611587515197e-04 9.999960072733872218e-01 2.676693444833333317e-03 -1.520681474357843399e-02 3.210738941561430693e-04 -2.676986929655844616e-03 9.999963641168818640e-01 8.316923864185810089e-03
9.999995827674865723e-01 -8.938413934928515119e-04 2.234098634215442379e-04 8.578850626945495605e-01 8.931938791647553444e-04 9.999954098624084242e-01 2.881991854911311862e-03 -1.551962923258543015e-02 -2.259848988614976406e-04 -2.881791209802031517e-03 9.999958276748657227e-01 1.144361123442649841e-02
9.999999403953552246e-01 -4.189601972021779410e-04 1.671509349798883223e-04 8.684229254722595215e-01 4.183707060292363167e-04 9.999938008696088731e-01 3.511257258322151697e-03 -1.550497673451900482e-02 -1.686209579929709435e-04 -3.511186921969056129e-03 9.999938607215881348e-01 1.509727910161018372e-02
9.999997615814208984e-01 -1.376626460675755073e-04 -6.866659076613066152e-04 8.658089637756347656e-01 1.405184404247167285e-04 9.999913577276334786e-01 4.160618859971904927e-03 -1.544812135398387909e-02 6.860871799290180206e-04 -4.160714275070365176e-03 9.999911189099890407e-01 1.997078582644462585e-02
9.999982714653015137e-01 1.714536814441196787e-05 -1.866600331672267502e-03 8.901506662368774414e-01 -6.640842347010317281e-06 9.999841450947301036e-01 5.627485281021153175e-03 -1.603663712739944458e-02 1.866667298600077629e-03 -5.627463157670875571e-03 9.999824166571968931e-01 2.797794714570045471e-02
9.999994039535522461e-01 1.363327834428326030e-04 -1.117201927778689336e-03 9.249795079231262207e-01 -1.293628403988972275e-04 9.999805679838358330e-01 6.236450554859041678e-03 -1.677351072430610657e-02 1.118030399084091187e-03 -6.236302208867117169e-03 9.999799728509373153e-01 3.505223244428634644e-02
9.999987483025307711e-01 3.253937555074431663e-04 -1.522840027224573421e-03 9.380393028259277344e-01 -3.149495780133265699e-04 9.999764528751088344e-01 6.853570954570735625e-03 -1.682176813483238220e-02 1.525034313090145588e-03 -6.853082895319384527e-03 9.999753237050583721e-01 4.405605792999267578e-02
9.999995231628417969e-01 1.453669606791482827e-04 -9.884246364655286179e-04 9.294735193252563477e-01 -1.386137367503093021e-04 9.999766936473641898e-01 6.828950022809231364e-03 -1.704130321741104126e-02 9.893942624330520630e-04 -6.828809626072462891e-03 9.999762177578475075e-01 5.085103586316108704e-02
