0.000000000000000000e+00 0.000000000000000000e+00 0.000000000000000000e+00 0.000000000000000000e+00 0.000000000000000000e+00 0.000000000000000000e+00 0.000000000000000000e+00 0.000000000000000000e+00 0.000000000000000000e+00 0.000000000000000000e+00 0.000000000000000000e+00 0.000000000000000000e+00
9.999986290936320188e-01 -1.125291932933760678e-03 -1.215841210244719044e-03 1.765715144574642181e-02 1.107606411418646242e-03 9.998950165670474899e-01 -1.444993518955840425e-02 -1.939846016466617584e-02 1.231973874382674694e-03 1.444856820514606177e-02 9.998948574874866324e-01 1.132174134254455566e+00
9.999980330470421563e-01 -6.286196676691192852e-04 -1.888833862016492610e-03 4.878289997577667236e-02 5.966607522306099920e-04 9.998574662010898395e-01 -1.687310944494049836e-02 -1.916116289794445038e-02 1.899171387776732445e-03 1.687194929066992977e-02 9.998558762234495134e-01 1.122266530990600586e+00
9.999955892572813809e-01 -7.133177104636228161e-04 -2.876086524817525730e-03 8.183046430349349976e-02 6.556301962253319182e-04 9.997995713258991390e-01 -2.000893542712461892e-02 -1.969109475612640381e-02 2.889782888814806938e-03 2.000696246366406861e-02 9.997956761128108383e-01 1.142859339714050293e+00
9.999926090273447699e-01 -1.048182895250174274e-03 -3.690587068147875311e-03 1.189805045723915100e-01 9.572928706264027809e-04 9.996982537577169259e-01 -2.454374834111761397e-02 -1.948977448046207428e-02 3.715200116857886314e-03 2.454003488041589520e-02 9.996919056735720233e-01 1.137962698936462402e+00
9.999901652391187667e-01 -1.194862835301257944e-03 -4.273264387938939361e-03 1.556662917137145996e-01 1.082326530685295829e-03 9.996550651405063936e-01 -2.624101786595163868e-02 -1.964618079364299774e-02 4.303144756704568863e-03 2.623613526591439538e-02 9.996465476366047653e-01 1.163317918777465820e+00
9.999916553547727460e-01 -1.255361352484410343e-03 -3.894573462158035064e-03 1.917625665664672852e-01 1.149933092370061805e-03 9.996359921751852839e-01 -2.695568658929133402e-02 -2.032336778938770294e-02 3.926994744688272476e-03 2.695098285654062842e-02 9.996290830884433376e-01 1.176199674606323242e+00
9.999936223054959328e-01 -1.035891739001051698e-03 -3.431717798976756210e-03 2.233703285455703735e-01 9.347290780378908481e-04 9.995687848526489949e-01 -2.935030188107070823e-02 -1.974015682935714722e-02 3.460641484707593918e-03 2.934690581512011676e-02 9.995633389395663926e-01 1.123346686363220215e+00
9.999904036538751484e-01 -7.158206298514668137e-04 -4.317461417836875211e-03 2.531316578388214111e-01 5.918244276335721255e-04 9.995892505457312227e-01 -2.865290912178005550e-02 -1.971908845007419586e-02 4.336198326200246811e-03 2.865007919042450446e-02 9.995800891434285518e-01 1.121020793914794922e+00
9.999819397937059762e-01 -5.492741115621891605e-04 -5.985627992889063810e-03 2.765633165836334229e-01 3.920992453297286739e-04 9.996559003314814396e-01 -2.622831680431077922e-02 -1.875165849924087524e-02 5.997974891215562820e-03 2.622549524950179567e-02 9.996380271840976661e-01 1.116168498992919922e+00
9.999784231198738382e-01 -5.025399864599946163e-04 -6.544119761716719365e-03 2.985350787639617920e-01 3.203765120001443589e-04 9.996132266881061490e-01 -2.780756030386521624e-02 -1.759666763246059418e-02 6.555563304573297501e-03 2.780486418175964758e-02 9.995918357123478870e-01 1.069965243339538574e+00
9.999772906303405762e-01 -3.680346552916262393e-04 -6.727283642225079241e-03 3.181504905223846436e-01 1.579425517854796124e-04 9.995130564620129388e-01 -3.120374841480692482e-02 -1.646707393229007721e-02 6.735491566359996796e-03 3.120197649460920708e-02 9.994903913445973842e-01 9.962169528007507324e-01
9.999818801879882812e-01 -1.089342827014852522e-04 -6.023438074494142508e-03 3.401249945163726807e-01 -1.142993230857647369e-04 9.993134992086568635e-01 -3.704806907292852725e-02 -1.471815630793571472e-02 6.023338530212640762e-03 3.704808575974993801e-02 9.992953663291928024e-01 9.083561897277832031e-01
9.999861717224121094e-01 -9.054713590162313808e-05 -5.258570823624519885e-03 3.699230551719665527e-01 -1.258833271996218084e-04 9.991532836484851021e-01 -4.114274858427395543e-02 -1.337728835642337799e-02 5.257843527942895889e-03 4.114284096532472290e-02 9.991394398477382310e-01 8.544116020202636719e-01
9.999901056301325752e-01 3.205557650916786338e-04 -4.440855377847760521e-03 3.800909817218780518e-01 -5.182040607342591754e-04 9.990058371978323137e-01 -4.457741990176011804e-02 -1.143665239214897156e-02 4.422150552272796631e-03 4.457927876274681012e-02 9.989960886859847733e-01 7.439574003219604492e-01
9.999927878392398384e-01 3.765128763566943145e-04 -3.776451780473381349e-03 3.887053728103637695e-01 -5.519557922152237839e-04 9.989151133542104599e-01 -4.656418052662565643e-02 -9.573983959853649139e-03 3.754823002964258194e-03 4.656593159922506331e-02 9.989081697468122911e-01 6.543756127357482910e-01
9.999943971661089392e-01 8.880945676661700094e-04 -3.236969735644538038e-03 3.947480022907257080e-01 -1.041339556764914187e-03 9.988634387833649209e-01 -4.765211107777310440e-02 -8.199423551559448242e-03 3.190971212461590767e-03 4.765521432675479119e-02 9.988587556228409881e-01 5.776073336601257324e-01
9.999946355871180970e-01 1.451156751688061292e-03 -2.931135394200284038e-03 4.024522304534912109e-01 -1.585899383425265485e-03 9.989168979138726145e-01 -4.650276879781774925e-02 -7.556074298918247223e-03 2.860477892681956291e-03 4.650716727925896521e-02 9.989138290084795813e-01 5.245428681373596191e-01
9.999947547977825479e-01 1.898622374353409366e-03 -2.617540147042316055e-03 4.135060012340545654e-01 -2.017715505094053174e-03 9.989268180720334289e-01 -4.627252617337117985e-02 -7.652909494936466217e-03 2.526876982301473618e-03 4.627756407877781086e-02 9.989253913077860147e-01 4.803705215454101562e-01
9.999946951935427819e-01 2.046805986074734518e-03 -2.528560530196148712e-03 4.257692098617553711e-01 -2.161916421583698344e-03 9.989209254365668533e-01 -4.639307350286499959e-02 -7.635776884853839874e-03 2.430874388664960861e-03 4.639829278459828288e-02 9.989200266510138704e-01 4.447701573371887207e-01
9.999962449108608098e-01 1.734009707698610115e-03 -2.118017895343945935e-03 4.388294816017150879e-01 -1.830454706002869469e-03 9.989204961975532981e-01 -4.641601161539663650e-02 -8.182392455637454987e-03 2.035245765000581741e-03 4.641971366445019065e-02 9.989199064809284323e-01 4.145234227180480957e-01
9.999983906750884444e-01 8.172679087080875031e-04 -1.570083313205783470e-03 4.598137140274047852e-01 -8.880886489014833129e-04 9.989571600392487261e-01 -4.564830009715556414e-02 -9.021002799272537231e-03 1.531139132566750050e-03 4.564962309637365934e-02 9.989563239127221550e-01 4.023746550083160400e-01
9.999989271166782601e-01 9.175972829072701238e-04 -1.150663276186624688e-03 4.835210740566253662e-01 -9.676943353146838511e-04 9.990168694120273862e-01 -4.432058545742333794e-02 -9.530118666589260101e-03 1.108863623812794685e-03 4.432165216107453176e-02 9.990167027608762851e-01 3.933690190315246582e-01
9.999987483026515633e-01 1.418230945956524842e-03 -6.523352218147591411e-04 5.018253326416015625e-01 -1.445256846501152825e-03 9.990529798979400633e-01 -4.348561830696236197e-02 -9.697282686829566956e-03 5.900448304601013660e-04 4.348650914671714496e-02 9.990538360379908056e-01 3.752683401107788086e-01
9.999991655349731445e-01 1.295972956941651407e-03 -1.779738947523673293e-04 5.177917480468750000e-01 -1.302368124015629292e-03 9.990948514140564063e-01 -4.251766433860687533e-02 -9.915561415255069733e-03 1.227110624313354492e-04 4.251785948872566223e-02 9.990956783294677734e-01 3.533062636852264404e-01
9.999991655351436748e-01 1.019885825777407931e-03 7.750956296816228748e-04 5.383042097091674805e-01 -9.890044994858432359e-04 9.992445994168919210e-01 -3.884902225128276931e-02 -1.076298207044601440e-02 -8.141316939145326614e-04 3.884822230998175030e-02 9.992447498160217378e-01 3.441597819328308105e-01
9.999987483027013013e-01 7.244440660615147432e-04 1.405304894057759048e-03 5.572909712791442871e-01 -6.759920059889110155e-04 9.994155435775217144e-01 -3.417729218395240687e-02 -1.182860974222421646e-02 -1.429243129678070545e-03 3.417630010857042322e-02 9.994148021895377099e-01 3.383384346961975098e-01
9.999992251396179199e-01 2.513993169535148897e-04 1.227966514085368499e-03 5.795804858207702637e-01 -2.142520474662616692e-04 9.995451489759907826e-01 -3.015805220423654204e-02 -1.315960567444562912e-02 -1.234989613294601440e-03 3.015776435725447957e-02 9.995443824477767691e-01 3.377926647663116455e-01
9.999994039535522461e-01 5.197783535138694733e-05 1.099234960576976183e-03 6.006297469139099121e-01 -2.683377389458424522e-05 9.997386329577616637e-01 -2.286180266128069738e-02 -1.442480739206075668e-02 -1.100135967135429382e-03 2.286175952150037993e-02 9.997380377419986530e-01 3.488978445529937744e-01
9.999999403953552246e-01 2.778111260919797804e-04 1.713414136970277369e-04 6.134811043739318848e-01 -2.747972612269222736e-04 9.998494974413468794e-01 -1.734591541115970345e-02 -1.468973234295845032e-02 -1.761345192790031433e-04 1.734586805105209351e-02 9.998495578765869141e-01 3.558131456375122070e-01
9.999997019767761230e-01 7.392190812889151046e-04 -2.329520032027773734e-04 6.293831467628479004e-01 -7.422222988680005074e-04 9.999130390304132865e-01 -1.316700868567292557e-02 -1.482341066002845764e-02 2.231984399259090424e-04 1.316717825829982758e-02 9.999133348464965820e-01 3.648369014263153076e-01
9.999993443489714195e-01 1.030849978191781613e-03 -5.305861391956449109e-04 6.467137336730957031e-01 -1.036211957563509811e-03 9.999473746269520458e-01 -1.020666821429067582e-02 -1.457562204450368881e-02 5.200366722419857979e-04 1.020721131328194975e-02 9.999477863373869013e-01 3.748346269130706787e-01
9.999989867212732975e-01 1.117560046051515764e-03 -8.604265193086763205e-04 6.666567921638488770e-01 -1.124253327293850413e-03 9.999687746729410964e-01 -7.818228970725588436e-03 -1.410360075533390045e-02 8.516623638570308685e-04 7.819188756337802637e-03 9.999690652002968250e-01 3.864465355873107910e-01
9.999990463259074147e-01 1.056808606262637975e-03 -9.331367783176552173e-04 6.985816955566406250e-01 -1.062785297512996996e-03 9.999787870866104766e-01 -6.427817267646116807e-03 -1.409291196614503860e-02 9.263239917345345020e-04 6.428802497587426945e-03 9.999788999643790532e-01 4.047537744045257568e-01
9.999983310706390682e-01 1.253533796802010908e-03 -1.355858337058991978e-03 7.174670100212097168e-01 -1.261697536119522900e-03 9.999809964050251354e-01 -6.037064327456846333e-03 -1.381412707269191742e-02 1.348264864645898342e-03 6.038764680531549800e-03 9.999808669253340554e-01 4.118924438953399658e-01
9.999989271166676019e-01 1.135404263004613761e-03 -9.113926506293724451e-04 7.288468480110168457e-01 -1.140202152718997053e-03 9.999854023241545598e-01 -5.281220983223996676e-03 -1.404214277863502502e-02 9.053830290213227272e-04 5.282254548323317422e-03 9.999856352864284759e-01 4.154787659645080566e-01
9.999988675120476955e-01 1.191409981326948565e-03 -9.107212236833976205e-04 7.343590259552001953e-01 -1.195690095732560021e-03 9.999882033907068202e-01 -4.713737754748371402e-03 -1.403808221220970154e-02 9.050944354385137558e-04 4.714821360780996340e-03 9.999884963081839828e-01 4.154273867607116699e-01
9.999979138384134103e-01 1.196793433252045817e-03 -1.675896434750380080e-03 7.503141164779663086e-01 -1.204518929073312983e-03 9.999886248125138266e-01 -4.616351924378941755e-03 -1.369013637304306030e-02 1.670352532528340816e-03 4.618360848877123281e-03 9.999879598763818933e-01 4.203818440437316895e-01
9.999971985828040033e-01 9.685211082169637841e-04 -2.150502246417157395e-03 7.604207992553710938e-01 -9.786977266564925171e-04 9.999883274463217120e-01 -4.736226094418670429e-03 -1.365101058036088943e-02 2.145889913663268089e-03 4.738317498128891136e-03 9.999864697716844830e-01 4.214577376842498779e-01
9.999975562099692183e-01 5.729766534883190109e-04 -2.140175654908196921e-03 7.643437385559082031e-01 -5.834230278730229147e-04 9.999879063506257326e-01 -4.883649424024447822e-03 -1.346373744308948517e-02 2.137351548299193382e-03 4.884886201405758133e-03 9.999858141215440810e-01 4.190559089183807373e-01
9.999992251396605525e-01 2.448071052096730481e-04 -1.203618723351000024e-03 7.794091105461120605e-01 -2.507468405424512214e-04 9.999877229325523365e-01 -4.937217997333681607e-03 -1.394105795770883560e-02 1.202395418658852577e-03 4.937516253427420843e-03 9.999870658008234159e-01 4.228595495223999023e-01
9.999998807907104492e-01 -1.030980142713040087e-05 -4.344298307424774783e-04 7.963958382606506348e-01 8.109082898159758468e-06 9.999871849835266779e-01 -5.065459555914012327e-03 -1.413825526833534241e-02 4.344764747656881809e-04 5.065455428903575807e-03 9.999870657936114071e-01 4.271498322486877441e-01
9.999998807907140019e-01 -3.312404121645826896e-04 2.983692126910014644e-04 8.022239208221435547e-01 3.330684650536784586e-04 9.999810463308650421e-01 -6.147766609846745840e-03 -1.437372714281082153e-02 -2.963271690532565117e-04 6.147865305223126908e-03 9.999810457240876360e-01 4.225673675537109375e-01
9.999991655351436748e-01 -8.168021195681591292e-04 9.993038412692070716e-04 8.034077882766723633e-01 8.243839400030872344e-04 9.999706807561036248e-01 -7.610347654059379519e-03 -1.500939764082431793e-02 -9.930584346875548363e-04 7.611165384837859094e-03 9.999705553192939078e-01 4.119779169559478760e-01
9.999986290936178079e-01 -9.951187012540874816e-04 1.306917233987418738e-03 7.861520648002624512e-01 1.011272630560181018e-03 9.999223514472577179e-01 -1.241838687262928134e-02 -1.537139434367418289e-02 -1.294458052143454552e-03 1.241969212139637513e-02 9.999220371889947501e-01 3.801786303520202637e-01
9.999988079074455527e-01 -9.424740166688791703e-04 1.188725450423217672e-03 7.761268019676208496e-01 9.603611076643148170e-04 9.998849205586270994e-01 -1.513756667236676456e-02 -1.591804064810276031e-02 -1.174321980215609074e-03 1.513869070771822756e-02 9.998846650943420400e-01 3.519344627857208252e-01
9.999994039536375112e-01 -7.068916726376817377e-04 8.763978277751710046e-04 7.562342286109924316e-01 7.248385545442770361e-04 9.997865091100007762e-01 -2.064964945564014970e-02 -1.555424183607101440e-02 -8.616136619821190834e-04 2.065027139176889293e-02 9.997863770293946573e-01 3.097111880779266357e-01
9.999999403953552246e-01 -3.198946164418454692e-04 7.146962706549923308e-05 7.506155371665954590e-01 3.216132172383368015e-04 9.996746783872842990e-01 -2.550216812605204247e-02 -1.434186752885580063e-02 -6.328837480396032333e-05 2.550218999385833740e-02 9.996747374534606934e-01 2.740095257759094238e-01
9.999998807907104492e-01 -1.799788582975874254e-04 5.129665693732151418e-04 7.665275335311889648e-01 1.940385323605173240e-04 9.996206787544907879e-01 -2.754160970284961346e-02 -1.409286446869373322e-02 -5.078150425106287003e-04 2.754170491794249997e-02 9.996205568765788030e-01 2.502883672714233398e-01
9.999991059303283691e-01 -1.168306366583194388e-04 1.341107558526705591e-03 7.853797078132629395e-01 1.533473052889623711e-04 9.996283706308450867e-01 -2.726101676701852411e-02 -1.463272515684366226e-02 -1.337424153462052345e-03 2.726119740794141766e-02 9.996274713024213554e-01 2.332285791635513306e-01
9.999994635581970215e-01 1.247772693745070362e-04 1.034105027062330682e-03 7.935094833374023438e-01 -9.790377794522200916e-05 9.996633503320692116e-01 -2.594662362310705059e-02 -1.545263919979333878e-02 -1.036994392052292824e-03 2.594650821276311969e-02 9.996628167050971570e-01 2.150566577911376953e-01
9.999986290931701660e-01 2.137046549197207761e-04 1.645988310017453904e-03 8.038768768310546875e-01 -1.722946147266583850e-04 9.996845054711424039e-01 -2.511734264785578027e-02 -1.638023369014263153e-02 -1.650836667977273464e-03 2.511702387378567103e-02 9.996831421408778340e-01 1.987769156694412231e-01
9.999954700469970703e-01 7.099172297662242892e-05 3.014585455591460572e-03 8.028030395507812500e-01 3.197623367132140793e-06 9.996973278510581373e-01 -2.460299958463698852e-02 -1.671626418828964233e-02 -3.015419468283653259e-03 2.460289777346247320e-02 9.996927990319193214e-01 1.770930886268615723e-01
9.999926090240478516e-01 1.710885203535911746e-04 3.847288638819439544e-03 8.162159919738769531e-01 -6.692743055521088724e-05 9.996339012988971762e-01 -2.705774326719632278e-02 -1.673177629709243774e-02 -3.850509179756045341e-03 2.705728567372434057e-02 9.996265200016125618e-01 1.531238108873367310e-01
9.999979138374328613e-01 -8.363503766327384792e-05 2.036067826742271776e-03 8.544233441352844238e-01 1.385713714170087874e-04 9.996355252028586991e-01 -2.699641474495359864e-02 -1.672235690057277679e-02 -2.033067867159843445e-03 2.699664004836244136e-02 9.996334321950008928e-01 1.407339870929718018e-01
9.999995827675078885e-01 -2.639717026657593967e-04 8.254657845515077971e-04 8.733977675437927246e-01 2.852468313324987848e-04 9.996649683531226849e-01 -2.588048184268215007e-02 -1.668743230402469635e-02 -8.183575700968503952e-04 2.588070748541948518e-02 9.996646643882911576e-01 1.246192231774330139e-01
9.999998211860727793e-01 -4.353480859051648785e-04 3.591290681562317130e-04 8.986384868621826172e-01 4.439577486707851212e-04 9.997038283193904196e-01 -2.433260608427089203e-02 -1.670547202229499817e-02 -3.484295448288321495e-04 2.433276217682578402e-02 9.997038841424021882e-01 1.107526868581771851e-01
9.999894499803332337e-01 -5.899262425749737283e-04 4.561669931357254307e-03 9.404153227806091309e-01 7.016858838999467940e-04 9.996986576609513397e-01 -2.453705459722588245e-02 -1.810410991311073303e-02 -4.545820411294698715e-03 2.453999620895852551e-02 9.996885092320759725e-01 9.680704027414321899e-02
9.999660849591407441e-01 -1.448788694180511746e-04 8.233328610883860685e-03 9.624129533767700195e-01 3.394758994265389962e-04 9.997205202675950586e-01 -2.363880182109001291e-02 -1.914745755493640900e-02 -8.227602578699588776e-03 2.364079522035655856e-02 9.996866678445428533e-01 7.757888734340667725e-02
9.999247193470779393e-01 -3.274959882159988534e-04 1.226430999481220932e-02 9.448385238647460938e-01 6.104232946116394665e-04 9.997336207233349370e-01 -2.307252745721133022e-02 -1.987288519740104675e-02 -1.225348655134439468e-02 2.307827661558636834e-02 9.996585449951993496e-01 5.401951447129249573e-02
9.999134541070162641e-01 -7.750922145109404894e-04 1.313063207776690548e-02 9.592052102088928223e-01 1.075051517335112727e-03 9.997382408294869238e-01 -2.285260649554732293e-02 -2.061894536018371582e-02 -1.310948282480239868e-02 2.286474562899520890e-02 9.996525870002628267e-01 3.295959532260894775e-02
9.999101758798332185e-01 -1.052593802401343174e-03 1.336476365325108863e-02 9.893054366111755371e-01 1.347456195074647756e-03 9.997554818009993793e-01 -2.207287002526454184e-02 -2.177789062261581421e-02 -1.333826128393411636e-02 2.208889516814416254e-02 9.996670701551408911e-01 1.348739396780729294e-02
9.999780058938156913e-01 -6.881397656179025647e-04 6.591135745718357426e-03 1.027153015136718750e+00 8.189153504063705069e-04 9.998024580471678302e-01 -1.985903171756780647e-02 -2.202409505844116211e-02 -6.576167885214090347e-03 1.986399340417255299e-02 9.997810764084320567e-01 1.457196427509188652e-03
9.999997019767903339e-01 -7.344120134697159448e-04 -2.901344398378770005e-04 1.051115155220031738e+00 7.289461357029569655e-04 9.998303015423833928e-01 -1.841014146716711541e-02 -2.093422971665859222e-02 3.036058042198419571e-04 1.840992348432990422e-02 9.998304844003591541e-01 -1.115001924335956573e-02
9.999886751220437020e-01 -9.793754226233256522e-04 -4.656255191373239941e-03 1.087580323219299316e+00 8.988030353598540356e-04 9.998503794772887199e-01 -1.727482952628468099e-02 -2.000414580106735229e-02 4.672477021813392639e-03 1.727044929404886187e-02 9.998399631554448774e-01 -2.288326248526573181e-02
9.999850392467379834e-01 -1.409192770122255113e-03 -5.287513348888483837e-03 1.109284162521362305e+00 1.327821350939756284e-03 9.998810998169761488e-01 -1.536144134244804040e-02 -1.987875252962112427e-02 5.308532156050205231e-03 1.535419103413482311e-02 9.998680369749024521e-01 -3.460463881492614746e-02
9.999933242852421245e-01 -1.409792423101735061e-03 -3.357618133076355205e-03 1.103570580482482910e+00 1.367525521549506351e-03 9.999201911223233319e-01 -1.255755090087954870e-02 -1.924423873424530029e-02 3.375053871423006058e-03 1.255287590873344072e-02 9.999154810645904945e-01 -4.364949092268943787e-02
9.999987483026515633e-01 -1.451660667270428164e-03 6.346612862320605286e-04 1.079982042312622070e+00 1.458255546181355666e-03 9.999436235651740779e-01 -1.051721084108546422e-02 -1.947396062314510345e-02 -6.193580920808017254e-04 1.051812337759877591e-02 9.999445080856048662e-01 -5.263926833868026733e-02
9.999969601652267670e-01 -1.441288535853452743e-03 1.996587292925144398e-03 1.072294592857360840e+00 1.458560972952438473e-03 9.999612821383355721e-01 -8.676704882820952119e-03 -2.009963802993297577e-02 -1.984004396945238113e-03 8.679590810712567439e-03 9.999603629853197617e-01 -5.938385054469108582e-02
9.999972581871929833e-01 -8.249342897512968896e-04 2.196601509246134693e-03 1.062925219535827637e+00 8.392655653646496905e-04 9.999783159313612169e-01 -6.531380535613887268e-03 -1.949336379766464233e-02 -2.191165927797555923e-03 6.533206230916244195e-03 9.999762774022542544e-01 -6.245251744985580444e-02
9.999995827675292048e-01 -6.773770014022982566e-04 -6.225455249567707176e-04 1.081055283546447754e+00 6.735533202791021967e-04 9.999810431435596225e-01 -6.121829761075013414e-03 -1.884442940354347229e-02 6.266804994083940983e-04 6.121408031032837815e-03 9.999811053309528575e-01 -6.908639520406723022e-02
9.999994039536375112e-01 -8.788538270802797757e-04 -6.737923120649568724e-04 1.050064086914062500e+00 8.751257215326296857e-04 9.999844399191286648e-01 -5.513484172393547274e-03 -1.820768602192401886e-02 6.786273443140089512e-04 5.512890954222138262e-03 9.999845624006269418e-01 -7.227114588022232056e-02
9.999985694890227705e-01 -1.063483544540601029e-03 1.277173890664476787e-03 9.971131086349487305e-01 1.069974192699718607e-03 9.999864170796515239e-01 -5.092158154472355321e-03 -1.727461256086826324e-02 -1.271741231903433800e-03 5.093517653834422898e-03 9.999861717332549915e-01 -7.417734712362289429e-02
9.999962449092620886e-01 -1.072110475139180421e-03 2.514692567623265894e-03 9.759849309921264648e-01 1.082450224382094928e-03 9.999909512851292703e-01 -4.113992002466711206e-03 -1.709954068064689636e-02 -2.510259160771965981e-03 4.116698667513213339e-03 9.999883771210065220e-01 -7.561555504798889160e-02
9.999982118613282012e-01 -1.023339280346153256e-03 1.580633933801825703e-03 9.526566863059997559e-01 1.027347863877883793e-03 9.999962490252468639e-01 -2.537341373441386570e-03 -1.655593141913414001e-02 -1.578031457029283047e-03 2.538960741490584039e-03 9.999955296556706230e-01 -7.282927632331848145e-02
9.999995827674865723e-01 -9.288039285199007960e-04 -4.228423933210856498e-05 9.284099340438842773e-01 9.287690627388656139e-04 9.999992251070763949e-01 -8.177646057459599148e-04 -1.605405099689960480e-02 4.304375033825635910e-05 8.177249692380428314e-04 9.999996423721313477e-01 -6.837378442287445068e-02
9.999997615814315566e-01 -5.496997547171177502e-04 -3.559418042939296607e-04 9.209960699081420898e-01 5.499809303332291177e-04 9.999995233174642228e-01 7.903496459397101178e-04 -1.583314314484596252e-02 3.555071889422833920e-04 -7.905452623079532726e-04 9.999996423721491112e-01 -6.299839168787002563e-02
9.999998807907140019e-01 -3.583297796553681566e-04 -3.985894463738750117e-04 9.233006238937377930e-01 3.593529476797301114e-04 9.999966625073508641e-01 2.569873719663752932e-03 -1.579479314386844635e-02 3.976672305725514889e-04 -2.570016622095300241e-03 9.999966621400879774e-01 -5.682837963104248047e-02
1.000000000000000000e+00 -1.809728477356460597e-04 2.149389787980560010e-04 9.311383366584777832e-01 1.800911850295960903e-04 9.999915955860344541e-01 4.094917518702682370e-03 -1.582296192646026611e-02 -2.156782429665327072e-04 -4.094878677278757095e-03 9.999915957450866699e-01 -5.006224662065505981e-02
9.999999403953552246e-01 1.197924780663543200e-04 3.693579653180739100e-04 9.468265175819396973e-01 -1.215399752570699154e-04 9.999887945390083521e-01 4.734786574672468842e-03 -1.606910303235054016e-02 -3.687866264954209328e-04 -4.734831114272392005e-03 9.999887347228053613e-01 -4.433238133788108826e-02
9.999998211860727793e-01 4.374382589711512813e-04 2.928764008757993179e-04 9.806715250015258789e-01 -4.388731060662488803e-04 9.999877816766603589e-01 4.917159558737786880e-03 -1.640262827277183533e-02 -2.907218877226114273e-04 -4.917287440312639868e-03 9.999878406531870212e-01 -4.082444682717323303e-02
9.999999403953552246e-01 3.724607481222627831e-04 -8.308039079171471381e-05 1.006035327911376953e+00 -3.721026587300002575e-04 9.999908207507394176e-01 4.269355494165613663e-03 -1.694480702280998230e-02 8.466979488730430603e-05 -4.269324243068695068e-03 9.999908804893493652e-01 -3.918880224227905273e-02
9.999998211860656738e-01 5.333935900892993712e-05 -5.897762031548383016e-04 1.054317831993103027e+00 -5.148623847834807310e-05 9.999950527190607508e-01 3.141643585174331687e-03 -1.775086484849452972e-02 5.899408715777099133e-04 -3.141612649718544814e-03 9.999948740014339421e-01 -4.036971554160118103e-02
9.999996423721597694e-01 -4.407959059138991369e-04 -6.822019344682212372e-04 1.089498877525329590e+00 4.424110047917401145e-04 9.999970800867761245e-01 2.369149704117843105e-03 -1.857011578977108002e-02 6.811556522734463215e-04 -2.369450771641412601e-03 9.999969601637843652e-01 -4.097749292850494385e-02
9.999997615814315566e-01 -6.235350740180480239e-04 -3.994429622230568906e-04 1.102951526641845703e+00 6.243373128049165000e-04 9.999977951286066480e-01 2.011391500241732980e-03 -1.928820647299289703e-02 3.981878980994224548e-04 -2.011640343121262609e-03 9.999979138375536536e-01 -4.060792177915573120e-02
9.999997615814208984e-01 -6.666146988289048435e-04 3.085568828080114312e-05 1.143485426902770996e+00 6.665487308055162430e-04 9.999975561651393008e-01 2.091148212275787798e-03 -1.990287937223911285e-02 -3.224960528314113617e-05 -2.091127214953303337e-03 9.999977946281433105e-01 -4.088721051812171936e-02
9.999998211860656738e-01 -5.458554055308728094e-04 -1.668099933297404781e-04 1.145892143249511719e+00 5.462018889375030994e-04 9.999976756078472473e-01 2.084217906726207759e-03 -2.027394436299800873e-02 1.656719250604510307e-04 -2.084308769553899765e-03 9.999978542327880859e-01 -3.909054771065711975e-02
9.999998211860656738e-01 -5.988652528432330787e-04 -1.114304982134181073e-04 1.161338567733764648e+00 5.990754580125212669e-04 9.999980331723291593e-01 1.896070142914931325e-03 -2.060592919588088989e-02 1.102947862818837166e-04 -1.896136556752026081e-03 9.999982118606567383e-01 -3.728696331381797791e-02
9.999997019767903339e-01 -4.207914147611376021e-04 -6.612281828285665550e-04 1.119535565376281738e+00 4.219156266093010421e-04 9.999985103580764090e-01 1.700992380295336800e-03 -1.970993354916572571e-02 6.605113740079104900e-04 -1.701270755822381631e-03 9.999983310702873496e-01 -3.461932390928268433e-02
9.999997615814315566e-01 -4.058013157194687568e-04 -5.857453270617590064e-04 1.123654603958129883e+00 4.068275302547032235e-04 9.999983910919489905e-01 1.752922501874240807e-03 -1.987653225660324097e-02 5.850330344401299953e-04 -1.753160300099441959e-03 9.999982714655786253e-01 -3.305428475141525269e-02
9.999997019767974393e-01 -5.545095259240856531e-04 -4.906958191994786282e-04 1.160037994384765625e+00 5.555474119167055913e-04 9.999975567859019643e-01 2.117502352173499837e-03 -2.069776877760887146e-02 4.895204911008477211e-04 -2.117774429661073432e-03 9.999976158144789906e-01 -3.055448830127716064e-02
9.999994635582609703e-01 -8.643895113509014218e-04 -6.034442596902585190e-04 1.181780815124511719e+00 8.659765787725030861e-04 9.999961866758763085e-01 2.634745795241797296e-03 -2.078462392091751099e-02 6.011644727550446987e-04 -2.635266859111071169e-03 9.999963641172868734e-01 -2.780370414257049561e-02
9.999995231628666659e-01 -8.943500811715875999e-04 -3.505260437675429596e-04 1.198691964149475098e+00 8.955067071947896140e-04 9.999941001738723578e-01 3.313554285865619609e-03 -2.169202454388141632e-02 3.475605044513940811e-04 -3.313866712071483756e-03 9.999944567683627383e-01 -2.388126403093338013e-02
9.999997019767761230e-01 -7.685375258672281443e-04 -7.033779670760186963e-05 1.177918076515197754e+00 7.688287878409028053e-04 9.999907018967079120e-01 4.238837182886263932e-03 -2.093115076422691345e-02 6.707943975925445557e-05 -4.238890018314123154e-03 9.999909996986389160e-01 -1.637465879321098328e-02
9.999993443490069467e-01 -9.332874369356579944e-04 7.115005925634534933e-04 1.172522068023681641e+00 9.296703613403539679e-04 9.999867644006467104e-01 5.067218254206170940e-03 -2.083603851497173309e-02 -7.162202964536845684e-04 -5.066553319769018238e-03 9.999869465858495232e-01 -8.688980713486671448e-03
9.999992251397671339e-01 -8.284876098436984738e-04 9.335173193473205334e-04 1.143956303596496582e+00 8.239841026765927501e-04 9.999880753567914615e-01 4.814336623344542439e-03 -2.003420330584049225e-02 -9.374947985634207726e-04 -4.813563864233427747e-03 9.999880194712247317e-01 -3.083508461713790894e-03
9.999994039536268531e-01 -6.290617036030084165e-04 8.981005214459064027e-04 1.111039996147155762e+00 6.256366332198226576e-04 9.999925472751696187e-01 3.808889248154176226e-03 -1.942835561931133270e-02 -9.004898602142930031e-04 -3.808324964595682927e-03 9.999923110038579921e-01 4.072708834428340197e-04
9.999981522562180203e-01 -4.831410746365676794e-04 1.852726115778692692e-03 1.085021853446960449e+00 4.776871247786692448e-04 9.999955270462757007e-01 2.943060018754936787e-03 -1.915629208087921143e-02 -1.854139845818281174e-03 -2.942169587429432909e-03 9.999939203337540050e-01 1.620926428586244583e-03
9.999979138376673404e-01 -4.876597606453986515e-04 1.988219891607502943e-03 1.030855298042297363e+00 4.846000883473085968e-04 9.999986872154184026e-01 1.539096687253918485e-03 -1.819835416972637177e-02 -1.988967880606651306e-03 -1.538129990420369908e-03 9.999968409561716953e-01 -2.135506802005693316e-04
9.999993443490069467e-01 -6.500270257160897010e-04 9.057713145741172825e-04 9.979034662246704102e-01 6.497688208738777726e-04 9.999997018091677514e-01 2.853401226196805520e-04 -1.743740960955619812e-02 -9.059566073119640350e-04 -2.847514091351213694e-04 9.999995231628666659e-01 -1.967656426131725311e-03
9.999991059304846885e-01 -6.621096228506130176e-04 -1.137527498423297366e-03 1.014167904853820801e+00 6.605693231885242933e-04 9.999988664943827432e-01 -1.353902499978991078e-03 -1.699395477771759033e-02 1.138422638177871704e-03 1.353149928508164124e-03 9.999984502798220376e-01 -5.724191665649414062e-03
9.999977946285056873e-01 -6.240721456835878443e-04 -2.020133891088501509e-03 1.042322039604187012e+00 6.200397860172124354e-04 9.999978517329337624e-01 -1.996094708446008361e-03 -1.703646965324878693e-02 2.021375112235546112e-03 1.994837689422435112e-03 9.999960064927861936e-01 -9.498399682343006134e-03
9.999985098841790432e-01 -7.085460115083130764e-04 -1.575731100413445707e-03 1.062757015228271484e+00 7.060608370723642224e-04 9.999985081294920919e-01 -1.577154427131360111e-03 -1.793789863586425781e-02 1.576846232637763023e-03 1.576039480790762670e-03 9.999974966064861803e-01 -9.837782010436058044e-03
9.999990463258967566e-01 -1.069169000705095509e-03 8.611949407742488898e-04 1.032562494277954102e+00 1.070016146743346663e-03 9.999989280230026090e-01 -9.838220518090538737e-04 -1.783720962703227997e-02 -8.601421723142266273e-04 9.847426524932367808e-04 9.999991655351436748e-01 -1.133440062403678894e-02
9.999992251397671339e-01 -8.796928971399104900e-04 9.087508858805664388e-04 1.003567337989807129e+00 8.800842736122020671e-04 9.999995235075598288e-01 -4.303441969101443163e-04 -1.712488383054733276e-02 -9.083718759939074516e-04 4.311436152528783095e-04 9.999994635582467595e-01 -1.046512089669704437e-02
9.999992847443870403e-01 -8.041022924990628463e-04 8.966588722032701585e-04 9.579079151153564453e-01 8.041601532475101122e-04 9.999997020235752432e-01 -6.418621104744353062e-05 -1.677206903696060181e-02 -8.966069435700774193e-04 6.490721918787217826e-05 9.999995827674865723e-01 -9.595653973519802094e-03
9.999997019767761230e-01 -7.485408495452043794e-04 2.286764528481093300e-04 9.222007989883422852e-01 7.484720554202795029e-04 9.999996423206252150e-01 3.009063556335571984e-04 -1.593724265694618225e-02 -2.289016265422105789e-04 -3.007351187989115715e-04 9.999999403953552246e-01 -8.326883427798748016e-03
9.999996423721633221e-01 -6.380108012483569953e-04 -5.659285516275111864e-04 8.936247229576110840e-01 6.384161556363815437e-04 9.999995830262897734e-01 7.164152783573739117e-04 -1.515301689505577087e-02 5.654711858369410038e-04 -7.167762842764414943e-04 9.999995827675292048e-01 -5.933289416134357452e-03
9.999781847038811122e-01 -6.189511028432839821e-04 -6.578822134789143183e-03 8.695865869522094727e-01 6.241435181200960525e-04 9.999995264120909999e-01 7.872397291928880537e-04 -1.435302570462226868e-02 6.578331347554922104e-03 -7.913286592390496310e-04 9.999780654971708316e-01 -1.187818706966936588e-03
9.999607801460719259e-01 -3.235802668916770144e-04 -8.847861432686690564e-03 8.561616539955139160e-01 3.292024784275308924e-04 9.999997634365750399e-01 6.339842869645108360e-04 -1.243925187736749649e-02 8.847653865814208984e-03 -6.368721670009201696e-04 9.999606609414506408e-01 1.698318556009326130e-05
9.999899268150329590e-01 2.600008502748850370e-05 -4.488695689893731564e-03 8.551995754241943359e-01 -2.667333371780475360e-05 1.000000000017965185e+00 -1.499278623100170141e-04 -1.213863492012023926e-02 4.488691687583923340e-03 1.500460804302675144e-04 9.999899268150329590e-01 -3.439449705183506012e-03
9.999971389773776309e-01 4.486000246674277220e-04 2.341384797345055606e-03 8.562713265419006348e-01 -4.499352831737087055e-04 9.999997025780978932e-01 5.697874154235219556e-04 -1.300143171101808548e-02 -2.341128652915358543e-03 -5.708392774169887551e-04 9.999970793728962803e-01 -4.933735821396112442e-03
9.999685287494308739e-01 3.101288887590712847e-04 7.923762542255591984e-03 8.616744875907897949e-01 -3.119818071341783072e-04 9.999999409765077951e-01 2.326100937051362176e-04 -1.458321325480937958e-02 -7.923689670860767365e-03 -2.350748480730371903e-04 9.999685883522033691e-01 -8.317010477185249329e-03
9.999963641168818640e-01 2.577009829086599835e-04 2.680964322087440576e-03 8.560618758201599121e-01 -2.566675673173896000e-04 9.999998805257004353e-01 -3.858013566061415495e-04 -1.492674741894006729e-02 -2.681063488125801086e-03 3.851118578251239155e-04 9.999963641168818640e-01 -9.165508672595024109e-03
1.000000000000000000e+00 1.361682546376073201e-04 1.756829342192962179e-05 8.560855388641357422e-01 -1.361588365398347378e-04 9.999998807894259212e-01 -5.347945998612551807e-04 -1.490909978747367859e-02 -1.764111220836639404e-05 5.347921978682279587e-04 9.999998807907104492e-01 -9.945211932063102722e-03
9.999960064888000488e-01 -1.616500892850019982e-04 -2.820425423258046769e-03 8.512195944786071777e-01 1.605766582717556290e-04 9.999999402230880241e-01 -3.808125543668370075e-04 -1.441465690732002258e-02 2.820486668497323990e-03 3.803581292907039224e-04 9.999959468843933053e-01 -9.276541881263256073e-03
9.999839067487563682e-01 -5.848076085204336003e-04 -5.638184048277841004e-03 8.549293875694274902e-01 5.894195547684610847e-04 9.999994662820809177e-01 8.163574590236017661e-04 -1.343519333750009537e-02 5.637703929096460342e-03 -8.196675854710774867e-04 9.999837279376677657e-01 -4.986397456377744675e-03
9.999772906370196779e-01 -7.905512342063468218e-04 -6.700852057037222365e-03 8.492832779884338379e-01 8.045713308840740652e-04 9.999975078990813726e-01 2.089843643564982204e-03 -1.292522531002759933e-02 6.699183024466037750e-03 -2.095187390484531953e-03 9.999753833311331164e-01 2.767294063232839108e-04
9.999944567695990827e-01 -7.373600034990622065e-04 -3.235522843233763855e-03 8.414899110794067383e-01 7.434464645456051457e-04 9.999979183648596281e-01 1.880337303656944795e-03 -1.359512656927108765e-02 3.234129864722490311e-03 -1.882732400107667292e-03 9.999929666612956680e-01 9.148552780970931053e-04
9.999954104431409974e-01 -5.513307820444016171e-04 -2.961112119357255969e-03 8.472408056259155273e-01 5.560428174860784778e-04 9.999985721098314517e-01 1.590727053936208260e-03 -1.403789687901735306e-02 2.960230922326445580e-03 -1.592366335466291472e-03 9.999943375642672549e-01 1.837893039919435978e-03
9.999967813503509717e-01 -9.400255640531718316e-04 -2.370804851831284123e-03 8.480206727981567383e-01 9.441169422010724233e-04 9.999980965159096513e-01 1.725204286244746369e-03 -1.417358592152595520e-02 2.369178459048271179e-03 -1.727436952157962446e-03 9.999957084697506104e-01 3.194985445588827133e-03
9.999987483028505153e-01 -1.078801174391273016e-03 -1.141057311211016601e-03 8.517069816589355469e-01 1.080201463343269386e-03 9.999986306060889563e-01 1.227268518322128165e-03 -1.504581421613693237e-02 1.139731844887137413e-03 -1.228499584957701285e-03 9.999985694890334287e-01 2.971008419990539551e-03
9.999994635581970215e-01 -1.012874232239698372e-03 -1.634301797968330469e-04 8.553096652030944824e-01 1.013115630485117435e-03 9.999983909186298536e-01 1.483908619071196361e-03 -1.523689460009336472e-02 1.619269023649394512e-04 -1.484073465690016747e-03 9.999989271163940430e-01 4.381492733955383301e-03
9.999995231628666659e-01 -9.101860088708864501e-04 -3.235190467058956924e-04 8.588547110557556152e-01 9.110487338089175158e-04 9.999960072733581340e-01 2.676663650124257946e-03 -1.520681008696556091e-02 3.210814902558922768e-04 -2.676957127335233277e-03 9.999963641168818640e-01 8.317515254020690918e-03
9.999995827674865723e-01 -8.938639412757027301e-04 2.234575862791583984e-04 8.578848838806152344e-01 8.932162891142070293e-04 9.999954098622706455e-01 2.881992833983066087e-03 -1.551961340010166168e-02 -2.260326873511075974e-04 -2.881792141124606133e-03 9.999958276748657227e-01 1.144414022564888000e-02
9.999999403953552246e-01 -4.189418752642329845e-04 1.671870806961562022e-04 8.684226870536804199e-01 4.183522542007267475e-04 9.999938008695654634e-01 3.511275431097645762e-03 -1.550495345145463943e-02 -1.686570467427372932e-04 -3.511205082759261131e-03 9.999938607215881348e-01 1.509787421673536301e-02
9.999997615814208984e-01 -1.376990365011987894e-04 -6.866534244283604722e-04 8.658093214035034180e-01 1.405547619964669925e-04 9.999913577277274035e-01 4.160594622440750949e-03 -1.544810831546783447e-02 6.860745488665997982e-04 -4.160690060689198333e-03 9.999911189099890407e-01 1.997140608727931976e-02
9.999982714653015137e-01 1.711761979717764393e-05 -1.866565562515886453e-03 8.901504278182983398e-01 -6.613368378548950544e-06 9.999841450950205379e-01 5.627443319990294880e-03 -1.603663153946399689e-02 1.866632374003529549e-03 -5.627421248227459927e-03 9.999824166571968931e-01 2.797850593924522400e-02
9.999994039535522461e-01 1.363546020409361903e-04 -1.117201792677637463e-03 9.249796867370605469e-01 -1.293846682587293517e-04 9.999805679836848427e-01 6.236442663020909036e-03 -1.677347719669342041e-02 1.118030399084091187e-03 -6.236294292629951386e-03 9.999799728509373153e-01 3.505279123783111572e-02
9.999987483025307711e-01 3.254159342548567052e-04 -1.522873763940805472e-03 9.380391240119934082e-01 -3.149715804829228416e-04 9.999764528748231740e-01 6.853534677216273178e-03 -1.682178676128387451e-02 1.525068189948797226e-03 -6.853046573782273221e-03 9.999753237050583721e-01 4.405656084418296814e-02
9.999995231628417969e-01 1.454049375992612705e-04 -9.884639607290269039e-04 9.294733405113220215e-01 -1.386514552965956160e-04 9.999766936470733114e-01 6.828938889743864198e-03 -1.704134233295917511e-02 9.894338436424732208e-04 -6.828798450206896575e-03 9.999762177578475075e-01 5.085152015089988708e-02
