1.000000000 0.000000000 0.000000000 0.000000000 0.000000000 1.000000000 0.000000000 0.000000000 0.000000000 0.000000000 1.000000000 0.000000000
1.000000000 -0.000148419 0.000085261 -0.012895652 0.000148298 0.999998987 0.001414396 -0.013115929 -0.000085471 -0.001414384 0.999998987 1.318634868
0.999998569 -0.001652199 -0.000424037 -0.016261332 0.001652997 0.999996841 0.001887513 -0.040880568 0.000420917 -0.001888212 0.999998152 2.621637344
0.999995589 -0.002913831 -0.000493721 -0.018963547 0.002914271 0.999995351 0.000893017 -0.057562388 0.000491116 -0.000894452 0.999999464 3.937830925
0.999994576 -0.003273883 -0.000315680 -0.028339814 0.003274223 0.999994040 0.001082752 -0.079185553 0.000312134 -0.001083780 0.999999344 5.259173870
0.999993145 -0.003677706 -0.000227955 -0.034594927 0.003678140 0.999991357 0.001930968 -0.098485708 0.000220852 -0.001931793 0.999998093 6.573702335
0.999986768 -0.005148126 0.000086556 -0.042687494 0.005147845 0.999982297 0.002984832 -0.115506947 -0.000101921 -0.002984347 0.999995470 7.906795025
0.999988019 -0.004877759 -0.000146319 -0.052276954 0.004878249 0.999981761 0.003564932 -0.132977203 0.000128927 -0.003565603 0.999993563 9.249706268
0.999992549 -0.003833793 -0.000470907 -0.061080653 0.003834665 0.999990821 0.001864695 -0.155129179 0.000463754 -0.001866487 0.999998152 10.576583862
0.999998033 -0.001848262 -0.000674346 -0.064895630 0.001848368 0.999998271 0.000156239 -0.180769771 0.000674056 -0.000157485 0.999999821 11.925198555
0.999997616 0.002163808 -0.000294621 -0.088158384 -0.002164123 0.999997079 -0.001072500 -0.198085427 0.000292299 0.001073135 0.999999344 13.257463455
0.999988973 0.004700807 -0.000165219 -0.101088211 -0.004701001 0.999988258 -0.001198571 -0.220808193 0.000159583 0.001199334 0.999999285 14.601921082
0.999985337 0.005412770 0.000010735 -0.111256666 -0.005412770 0.999985278 -0.000055409 -0.246927351 -0.000011035 0.000055350 0.999999940 15.943705559
0.999994814 0.003226352 0.000099867 -0.114106365 -0.003226616 0.999991000 0.002765333 -0.265511006 -0.000090944 -0.002765641 0.999996185 17.290031433
0.999999046 -0.001296586 0.000353127 -0.113833681 0.001294973 0.999988914 0.004533270 -0.287037581 -0.000359001 -0.004532809 0.999989688 18.661659241
0.999994218 -0.003415735 0.000075981 -0.115881771 0.003415552 0.999991655 0.002289210 -0.303953350 -0.000083800 -0.002288938 0.999997377 20.019830704
0.999986827 -0.005110000 0.000257542 -0.123666495 0.005109889 0.999986768 0.000429096 -0.326880068 -0.000259731 -0.000427774 0.999999881 21.388257980
0.999996185 -0.002462999 0.001217736 -0.142261088 0.002464439 0.999996245 -0.001182314 -0.344602019 -0.001214819 0.001185310 0.999998569 22.731882095
0.999998033 0.000342729 0.001914635 -0.148782700 -0.000344148 0.999999583 0.000740821 -0.363501549 -0.001914380 -0.000741479 0.999997914 24.110078812
0.999997020 0.000805481 0.002285778 -0.152936950 -0.000815777 0.999989450 0.004506946 -0.383549064 -0.002282124 -0.004508798 0.999987245 25.487791061
0.999995053 -0.001916987 0.002481737 -0.149319619 0.001901051 0.999977648 0.006407704 -0.397826105 -0.002493965 -0.006402955 0.999976397 26.871459961
0.999981940 -0.005773756 0.001652337 -0.140681356 0.005766774 0.999974549 0.004199056 -0.406824142 -0.001676539 -0.004189452 0.999989867 28.244808197
0.999978542 -0.006258156 0.001925873 -0.153022215 0.006254240 0.999978364 0.002032977 -0.427956700 -0.001938554 -0.002020888 0.999996066 29.602931976
0.999974132 -0.006642703 0.002758050 -0.153098598 0.006643746 0.999977887 -0.000369062 -0.447139204 -0.002755537 0.000387376 0.999996126 30.999332428
0.999988019 -0.003484939 0.003445933 -0.162678555 0.003488451 0.999993384 -0.001013672 -0.471578956 -0.003442378 0.001025681 0.999993563 32.389904022
0.999991298 -0.002326556 0.003476723 -0.165036708 0.002338498 0.999991357 -0.003434873 -0.492157787 -0.003468702 0.003442974 0.999988079 33.767894745
0.999990642 -0.001603114 0.004025565 -0.173759609 0.001613079 0.999995589 -0.002473277 -0.518988729 -0.004021583 0.002479747 0.999988854 35.167415619
0.999991655 -0.001121979 0.003936284 -0.182253510 0.001127374 0.999998450 -0.001368677 -0.542695105 -0.003934742 0.001373103 0.999991357 36.543704987
0.999993503 -0.000067250 0.003589527 -0.183881626 0.000065957 0.999999940 0.000360124 -0.570611894 -0.003589550 -0.000359885 0.999993443 37.954971313
0.999986649 0.003245717 0.004022113 -0.201486230 -0.003247228 0.999994695 0.000369072 -0.589369118 -0.004020894 -0.000382127 0.999991834 39.340499878
0.999979615 0.004863304 0.004116506 -0.200970411 -0.004863364 0.999988139 0.000004744 -0.607637107 -0.004116434 -0.000024764 0.999991536 40.761814117
0.999968410 0.006884650 0.003975989 -0.206199646 -0.006887834 0.999975920 0.000787456 -0.630956292 -0.003970472 -0.000814817 0.999991715 42.158309937
0.999963224 0.007851535 0.003439869 -0.206823125 -0.007853140 0.999969006 0.000453203 -0.647899389 -0.003436204 -0.000480200 0.999993980 43.569198608
0.999969900 0.007086058 0.003155370 -0.212043226 -0.007086999 0.999974847 0.000287155 -0.666996181 -0.003153255 -0.000309508 0.999994993 44.993480682
0.999975026 0.006667722 0.002351918 -0.214760929 -0.006667426 0.999977827 -0.000134030 -0.688472331 -0.002352759 0.000118345 0.999997318 46.401729584
0.999983847 0.005520902 0.001442503 -0.214401856 -0.005521161 0.999984741 0.000175076 -0.713728607 -0.001441515 -0.000183038 0.999998927 47.826103210
0.999981225 0.006115686 0.000331690 -0.218681410 -0.006116111 0.999980450 0.001295447 -0.733424842 -0.000323761 -0.001297451 0.999999166 49.249530792
0.999980986 0.006133739 -0.000497186 -0.232239664 -0.006133191 0.999980569 0.001097932 -0.756473124 0.000503911 -0.001094861 0.999999285 50.663772583
0.999978542 0.006351435 -0.001596071 -0.249047756 -0.006348722 0.999978423 0.001699004 -0.776561737 0.001606828 -0.001688834 0.999997377 52.066528320
0.999972641 0.006960650 -0.002494604 -0.260401398 -0.006954441 0.999972701 0.002489517 -0.798827291 0.002511864 -0.002472101 0.999993742 53.493415833
0.999979615 0.005501333 -0.003236846 -0.268905669 -0.005489545 0.999978304 0.003639334 -0.821167946 0.003256797 -0.003621491 0.999988139 54.926643372
0.999986351 0.003554121 -0.003822351 -0.281801969 -0.003540210 0.999987125 0.003639850 -0.837772131 0.003835238 -0.003626268 0.999985993 56.359695435
0.999989867 0.001443824 -0.004255865 -0.291513860 -0.001430486 0.999994099 0.003135459 -0.856062710 0.004260367 -0.003129340 0.999985993 57.785396576
0.999992013 0.000319905 -0.003972101 -0.312932342 -0.000305942 0.999993801 0.003515213 -0.879134238 0.003973200 -0.003513970 0.999985933 59.180915833
0.999993682 -0.001019076 -0.003386108 -0.324053824 0.001032915 0.999991059 0.004087675 -0.895997226 0.003381912 -0.004091147 0.999985874 60.608043671
0.999993682 -0.001764432 -0.003058280 -0.328903913 0.001778973 0.999987066 0.004758635 -0.917529285 0.003049844 -0.004764046 0.999984026 62.028514862
0.999990940 -0.003445903 -0.002491549 -0.339337677 0.003457401 0.999983430 0.004625552 -0.938915908 0.002475568 -0.004634124 0.999986172 63.432266235
0.999986827 -0.004796090 -0.001795707 -0.352965623 0.004802447 0.999982119 0.003552655 -0.953660607 0.001778636 -0.003561232 0.999992013 64.843292236
0.999988317 -0.004535657 -0.001657905 -0.348589092 0.004541130 0.999984205 0.003311953 -0.971581221 0.001642857 -0.003319443 0.999993086 66.260635376
0.999991536 -0.004000206 -0.000956703 -0.352269322 0.004003353 0.999986529 0.003310195 -0.986683011 0.000943448 -0.003313997 0.999994040 67.703590393
0.999999702 -0.000690475 -0.000384722 -0.363533169 0.000692186 0.999989808 0.004466473 -0.997828007 0.000381634 -0.004466738 0.999989867 69.119590759
0.999997437 0.002270539 0.000107311 -0.373700678 -0.002271119 0.999980867 0.005755564 -1.014894724 -0.000094241 -0.005755792 0.999983370 70.544830322
0.999977529 0.006667190 0.000807554 -0.388054907 -0.006671991 0.999959171 0.006095711 -1.028901815 -0.000766879 -0.006100961 0.999981105 71.936775208
0.999952674 0.009653497 0.001203675 -0.402418345 -0.009660323 0.999936521 0.005800198 -1.045125008 -0.001147606 -0.005811552 0.999982476 73.346504211
0.999915600 0.012817108 0.002117318 -0.422657728 -0.012827762 0.999904692 0.005096748 -1.059836864 -0.002051790 -0.005123478 0.999984741 74.732696533
0.999895394 0.014199967 0.002756139 -0.426819921 -0.014213583 0.999886572 0.004984501 -1.078312397 -0.002685047 -0.005023153 0.999983788 76.128631592
0.999892592 0.014393863 0.002754570 -0.429883361 -0.014407476 0.999883771 0.004987375 -1.090303898 -0.002682463 -0.005026525 0.999983788 77.548706055
0.999901712 0.013694381 0.003014279 -0.439238280 -0.013707879 0.999895930 0.004503239 -1.105462909 -0.002952297 -0.004544117 0.999985278 78.944908142
0.999920726 0.012284316 0.002768632 -0.444668204 -0.012293769 0.999918580 0.003423450 -1.119648576 -0.002726352 -0.003457215 0.999990225 80.346015930
0.999927819 0.011759346 0.002462521 -0.447520077 -0.011768096 0.999924362 0.003569560 -1.141927361 -0.002420359 -0.003598282 0.999990582 81.726409912
0.999930859 0.011592173 0.001963060 -0.448334247 -0.011599024 0.999926567 0.003515506 -1.158755541 -0.001922164 -0.003538033 0.999991894 83.110664368
0.999941230 0.010763453 0.001301473 -0.443986267 -0.010767366 0.999937415 0.003037489 -1.174819350 -0.001268698 -0.003051325 0.999994457 84.475997925
0.999940574 0.010893592 0.000446259 -0.457503736 -0.010895019 0.999935091 0.003331142 -1.188104272 -0.000409942 -0.003335806 0.999994338 85.866416931
0.999943852 0.010597194 -0.000432007 -0.454949468 -0.010595263 0.999934852 0.004249815 -1.215642452 0.000477015 -0.004244999 0.999990880 87.210021973
0.999966443 0.008034699 -0.001548895 -0.467330396 -0.008026472 0.999953985 0.005246993 -1.229863048 0.001590981 -0.005234385 0.999985039 88.625427246
0.999976933 0.006115869 -0.002928904 -0.474924922 -0.006099549 0.999966025 0.005549120 -1.243643284 0.002962743 -0.005531128 0.999980330 90.012344360
0.999985874 0.003765135 -0.003751374 -0.485464215 -0.003743705 0.999976754 0.005703366 -1.261374235 0.003772761 -0.005689242 0.999976695 91.378456116
0.999988317 0.002404537 -0.004217742 -0.494357914 -0.002382593 0.999983609 0.005200164 -1.283704638 0.004230176 -0.005190053 0.999977589 92.767326355
0.999989450 0.001413398 -0.004367203 -0.510869086 -0.001392931 0.999988019 0.004686115 -1.298100710 0.004373775 -0.004679983 0.999979496 94.116828918
0.999987602 0.001653742 -0.004696240 -0.523170948 -0.001633448 0.999989331 0.004321958 -1.322678447 0.004703338 -0.004314233 0.999979615 95.470611572
0.999989867 0.001571834 -0.004217393 -0.548365533 -0.001553893 0.999989748 0.004253781 -1.346539140 0.004224036 -0.004247185 0.999981999 96.824020386
0.999988079 0.002703063 -0.004073297 -0.561801136 -0.002690442 0.999991536 0.003100609 -1.361787677 0.004081642 -0.003089613 0.999986887 98.184501648
0.999985814 0.003741620 -0.003790160 -0.584371448 -0.003728955 0.999987423 0.003343149 -1.381100655 0.003802621 -0.003328968 0.999987185 99.522750854
0.999984205 0.004352117 -0.003551315 -0.598161161 -0.004335261 0.999979377 0.004740195 -1.397645116 0.003571871 -0.004724725 0.999982476 100.859313965
0.999978483 0.005618302 -0.003378052 -0.617697120 -0.005597588 0.999965668 0.006110019 -1.416491747 0.003412264 -0.006090977 0.999975622 102.203414917
0.999984443 0.004620990 -0.003145004 -0.629061103 -0.004605631 0.999977529 0.004873509 -1.433427215 0.003167453 -0.004858948 0.999983191 103.545745850
0.999981701 0.005277986 -0.002929225 -0.652776420 -0.005271459 0.999983549 0.002231475 -1.452167153 0.002940954 -0.002215993 0.999993145 104.899002075
0.999984264 0.004666897 -0.003104301 -0.660387039 -0.004664104 0.999988735 0.000906357 -1.466924429 0.003108497 -0.000891864 0.999994695 106.253547668
0.999993861 0.002117187 -0.002783820 -0.671040654 -0.002110409 0.999994814 0.002435529 -1.501297832 0.002788962 -0.002429639 0.999993145 107.623039246
0.999997377 -0.000572687 -0.002229620 -0.677600145 0.000582158 0.999990761 0.004249013 -1.517626405 0.002227166 -0.004250299 0.999988496 108.974815369
0.999998033 -0.001597728 -0.001199195 -0.683691323 0.001603278 0.999987960 0.004641676 -1.536743283 0.001191765 -0.004643590 0.999988496 110.354721069
0.999996424 -0.002608884 -0.000696974 -0.686419666 0.002611068 0.999991715 0.003151778 -1.555116296 0.000688746 -0.003153587 0.999994814 111.670570374
0.999999523 -0.000958748 0.000133153 -0.694290996 0.000958610 0.999998987 0.001027072 -1.579332113 -0.000134138 -0.001026944 0.999999464 113.036102295
0.999997795 0.001125747 0.001758795 -0.702763140 -0.001124105 0.999998927 -0.000934701 -1.601369619 -0.001759845 0.000932722 0.999998033 114.371978760
0.999984980 0.004558882 0.003021908 -0.717347383 -0.004555897 0.999989152 -0.000993917 -1.626160264 -0.003026407 0.000980135 0.999994874 115.696777344
0.999975145 0.005305498 0.004632620 -0.721213341 -0.005309759 0.999985456 0.000907769 -1.648618698 -0.004627737 -0.000932344 0.999988794 117.044387817
0.999973416 0.005282880 0.005020695 -0.711135268 -0.005298981 0.999980807 0.003198947 -1.668998957 -0.005003699 -0.003225466 0.999982238 118.375915527
0.999969244 0.005056506 0.005983585 -0.717540681 -0.005076582 0.999981523 0.003344596 -1.683655262 -0.005966561 -0.003374869 0.999976516 119.731491089
0.999958217 0.005788093 0.007066832 -0.710140109 -0.005805211 0.999980211 0.002404027 -1.697012186 -0.007052777 -0.002444951 0.999972165 121.086349487
0.999936998 0.007654003 0.008209534 -0.716731071 -0.007673083 0.999967873 0.002295238 -1.723889112 -0.008191701 -0.002358086 0.999963641 122.401412964
0.999910593 0.009167610 0.009739009 -0.715975583 -0.009189142 0.999955416 0.002168493 -1.743087888 -0.009718695 -0.002257793 0.999950171 123.746315002
0.999894261 0.010077849 0.010480787 -0.708153427 -0.010089102 0.999948502 0.001021306 -1.766733766 -0.010469954 -0.001126940 0.999944508 125.045074463
0.999866426 0.011315735 0.011791538 -0.707079589 -0.011321878 0.999935746 0.000454367 -1.786925435 -0.011785640 -0.000587808 0.999930382 126.390945435
0.999873042 0.010202453 0.012239479 -0.697523236 -0.010200139 0.999947906 -0.000251492 -1.800721288 -0.012241407 0.000126616 0.999925077 127.739562988
0.999864578 0.009941012 0.013114742 -0.687170208 -0.009952471 0.999950111 0.000808798 -1.819481730 -0.013106048 -0.000939213 0.999913692 129.093292236
0.999860287 0.008249052 0.014543411 -0.683990061 -0.008269613 0.999964893 0.001354146 -1.836692333 -0.014531731 -0.001474225 0.999893308 130.433410645
0.999876916 0.007609616 0.013718699 -0.657418251 -0.007634007 0.999969304 0.001726442 -1.857232332 -0.013705143 -0.001830959 0.999904335 131.776824951
0.999872088 0.005544096 0.014996180 -0.657088816 -0.005565064 0.999983549 0.001356915 -1.866851330 -0.014988414 -0.001440196 0.999886572 133.129776001
0.999922574 0.003812552 0.011842038 -0.603501499 -0.003836874 0.999990582 0.002031799 -1.890049934 -0.011834180 -0.002077078 0.999927819 134.471939087
0.999937177 0.002139927 0.011002058 -0.592159748 -0.002159975 0.999996066 0.001810629 -1.910874605 -0.010998140 -0.001834279 0.999937832 135.814743042
0.999966741 0.000903655 0.008104159 -0.563265502 -0.000908000 0.999999464 0.000532370 -1.916960239 -0.008103673 -0.000539711 0.999967039 137.129058838
0.999983430 -0.000021076 0.005747132 -0.546514153 0.000014153 0.999999285 0.001204711 -1.933960199 -0.005747152 -0.001204610 0.999982774 138.481536865
0.999989152 -0.001906591 0.004251612 -0.531023741 0.001901548 0.999997497 0.001189968 -1.954685688 -0.004253869 -0.001181870 0.999990165 139.817718506
0.999995828 -0.002071725 0.002025288 -0.524222136 0.002068708 0.999996722 0.001490788 -1.976415277 -0.002028370 -0.001486592 0.999996841 141.156051636
0.999995112 -0.002749353 0.001479180 -0.532253563 0.002748682 0.999996126 0.000455206 -1.995440364 -0.001480425 -0.000451138 0.999998808 142.506759644
0.999994338 -0.003191206 0.001065927 -0.545572817 0.003190826 0.999994934 0.000357891 -2.019115925 -0.001067064 -0.000354488 0.999999404 143.839492798
0.999986053 -0.005265950 -0.000391973 -0.548312366 0.005265014 0.999983370 -0.002351244 -2.043002605 0.000404348 0.002349147 0.999997139 145.188583374
0.999936044 -0.011190576 -0.001625846 -0.545288324 0.011186037 0.999933541 -0.002775915 -2.069735527 0.001656802 0.002757550 0.999994814 146.544891357
0.999833643 -0.018091531 -0.002280541 -0.551459253 0.018090783 0.999836266 -0.000349174 -2.093125105 0.002286485 0.000307859 0.999997318 147.885437012
0.999682367 -0.024889139 -0.003960658 -0.553884685 0.024892956 0.999689698 0.000917402 -2.114479065 0.003936596 -0.001015703 0.999991715 149.237365723
0.999583364 -0.028429305 -0.004990973 -0.547338128 0.028417781 0.999593318 -0.002364429 -2.136905432 0.005056163 0.002221612 0.999984682 150.599243164
0.999617279 -0.027268706 -0.004664668 -0.559746981 0.027242353 0.999612987 -0.005623222 -2.166044474 0.004816202 0.005493992 0.999973297 151.981674194
0.999721825 -0.023380777 -0.003076136 -0.592759669 0.023356367 0.999697149 -0.007745941 -2.193762302 0.003256312 0.007671939 0.999965250 153.295928955
0.999716222 -0.023721406 -0.002184699 -0.610136151 0.023705525 0.999694288 -0.007029310 -2.234574318 0.002350776 0.006975526 0.999972880 154.626388550
0.999642789 -0.026702249 -0.001133919 -0.619092166 0.026697466 0.999635518 -0.004043147 -2.258241892 0.001241467 0.004011431 0.999991179 156.031600952
0.999489307 -0.031857837 -0.002486393 -0.591866016 0.031844951 0.999480009 -0.005061628 -2.245303154 0.002646353 0.004979864 0.999984145 157.390975952
0.999394953 -0.034775250 -0.000651497 -0.618976831 0.034775138 0.999395132 -0.000169232 -2.310916662 0.000656988 0.000146474 0.999999702 158.700744629
0.999353468 -0.035949077 -0.000730981 -0.620507777 0.035948776 0.999353468 -0.000420630 -2.330881119 0.000745630 0.000394080 0.999999583 160.042831421
0.999417067 -0.034132496 0.000677173 -0.636163890 0.034132201 0.999417245 0.000439747 -2.356152534 -0.000691788 -0.000416378 0.999999702 161.427444458
0.999569833 -0.029231435 0.002359746 -0.660548329 0.029232822 0.999572575 -0.000556859 -2.375198126 -0.002342460 0.000625602 0.999997079 162.758956909
0.999638319 -0.026792001 0.002306012 -0.635742426 0.026798163 0.999637246 -0.002682456 -2.407094479 -0.002233307 0.002743283 0.999993742 164.150909424
0.999708176 -0.023917554 0.003405909 -0.644164145 0.023928419 0.999708593 -0.003184649 -2.431502581 -0.003328748 0.003265218 0.999989152 165.505432129
0.999749124 -0.022016052 0.004115602 -0.660690367 0.022023804 0.999755681 -0.001847387 -2.460951328 -0.004073925 0.001937565 0.999989748 166.850814819
0.999793828 -0.019962646 0.003714861 -0.662878871 0.019971181 0.999797940 -0.002275815 -2.486761808 -0.003668679 0.002349536 0.999990523 168.212814331
0.999835551 -0.017800327 0.003468930 -0.668317199 0.017816845 0.999829769 -0.004790274 -2.511294603 -0.003383072 0.004851292 0.999982536 169.567352295
0.999894917 -0.014214383 0.002855471 -0.671888709 0.014236039 0.999868870 -0.007712774 -2.535341263 -0.002745464 0.007752614 0.999966204 170.938613892
0.999961138 -0.008357338 0.002775144 -0.679958701 0.008381915 0.999924660 -0.008966411 -2.570902348 -0.002700000 0.008989323 0.999955893 172.302551270
0.999987364 -0.003867189 0.003212661 -0.695660949 0.003891885 0.999962628 -0.007716939 -2.600257397 -0.003182698 0.007729345 0.999965072 173.672805786
0.999991894 -0.000842083 0.003924286 -0.710472584 0.000865783 0.999981344 -0.006041510 -2.626986265 -0.003919125 0.006044859 0.999974012 175.033523560
0.999992609 0.000536542 0.003812184 -0.709653080 -0.000521704 0.999992311 -0.003892153 -2.654644728 -0.003814243 0.003890136 0.999985158 176.420928955
0.999990106 -0.003410034 0.002854757 -0.706989706 0.003417876 0.999990463 -0.002746402 -2.684426308 -0.002845364 0.002756132 0.999992132 177.797683716
0.999990165 -0.004226103 0.001360727 -0.705088615 0.004230011 0.999986887 -0.002882241 -2.704028130 -0.001348529 0.002887968 0.999994934 179.212295532
0.999990642 -0.004315879 -0.000333450 -0.712801576 0.004313410 0.999965549 -0.007080564 -2.733715773 0.000363998 0.007079059 0.999974906 180.605422974
0.999992907 -0.003330200 -0.001736454 -0.709216237 0.003310883 0.999933839 -0.011010854 -2.764462948 0.001773008 0.011005028 0.999937892 182.031997681
0.999996841 0.001376943 -0.002105090 -0.730329335 -0.001401399 0.999931037 -0.011660734 -2.798046112 0.002088888 0.011663647 0.999929786 183.425369263
0.999987185 0.004569094 -0.002176479 -0.750133991 -0.004591539 0.999935150 -0.010421165 -2.839204073 0.002128722 0.010431025 0.999943316 184.810150146
0.999974787 0.006897153 -0.001653641 -0.779144824 -0.006908508 0.999951899 -0.006962226 -2.873560429 0.001605542 0.006973475 0.999974370 186.211059570
0.999965131 0.008221978 -0.001422141 -0.780538261 -0.008229077 0.999953330 -0.005059802 -2.902190685 0.001380473 0.005071328 0.999986172 187.597991943
0.999972939 0.007256587 -0.001156148 -0.785996079 -0.007261327 0.999965131 -0.004151094 -2.927857399 0.001125985 0.004159377 0.999990702 189.029159546
0.999985576 0.005305935 -0.000748075 -0.799943864 -0.005308661 0.999979079 -0.003691439 -2.946450949 0.000728473 0.003695357 0.999992847 190.476364136
0.999996603 0.002371868 -0.001079009 -0.786735773 -0.002375001 0.999992907 -0.002911775 -2.987110615 0.001072095 0.002914327 0.999995172 191.942413330
0.999999583 -0.000212900 -0.000861478 -0.794438481 0.000210323 0.999995530 -0.002990240 -3.008087397 0.000862111 0.002990058 0.999995172 193.368728638
0.999993742 -0.003509060 -0.000385040 -0.789123893 0.003508379 0.999992251 -0.001755498 -3.035837412 0.000391197 0.001754136 0.999998331 194.826690674
0.999965549 -0.008295154 0.000120806 -0.791571259 0.008295211 0.999965429 -0.000482815 -3.058427811 -0.000116797 0.000483801 0.999999881 196.264556885
0.999940753 -0.010876349 0.000488483 -0.786476016 0.010876406 0.999940813 -0.000115417 -3.083489418 -0.000487199 0.000120724 0.999999821 197.697357178
0.999960005 -0.008880924 0.001045652 -0.797666311 0.008885376 0.999951124 -0.004335817 -3.110293150 -0.001007095 0.004344935 0.999989986 199.141677856
0.999997556 -0.001899512 0.001144280 -0.807781458 0.001910308 0.999952972 -0.009508462 -3.133681297 -0.001126164 0.009510624 0.999954164 200.558227539
0.999964535 0.007949857 0.002775115 -0.831571877 -0.007922638 0.999921739 -0.009685043 -3.168058634 -0.002851893 0.009662714 0.999949217 201.999771118
0.999863029 0.016038083 0.004093094 -0.853015900 -0.016013961 0.999854624 -0.005859345 -3.200212955 -0.004186471 0.005792995 0.999974430 203.433883667
0.999837935 0.017320229 0.004914804 -0.862079978 -0.017301727 0.999843061 -0.003783193 -3.227183580 -0.004979559 0.003697545 0.999980748 204.871292114
0.999879122 0.015004169 0.004076929 -0.845763385 -0.014990904 0.999882281 -0.003264798 -3.252258062 -0.004125434 0.003203287 0.999986351 206.334686279
0.999933779 0.011176154 0.002753796 -0.839805603 -0.011167521 0.999932766 -0.003130090 -3.279961109 -0.002788593 0.003099130 0.999991357 207.791168213
0.999950528 0.009740253 0.002005333 -0.842082739 -0.009732512 0.999945223 -0.003835064 -3.309555769 -0.002042578 0.003815358 0.999990582 209.239990234
0.999946177 0.010217037 0.001761941 -0.846404195 -0.010209473 0.999938846 -0.004249251 -3.336071968 -0.001805249 0.004231034 0.999989450 210.711685181
0.999935210 0.011288015 0.001469611 -0.848671257 -0.011282082 0.999928355 -0.003985512 -3.365995169 -0.001514494 0.003968673 0.999991000 212.173538208
0.999930203 0.011758848 0.001157756 -0.852688253 -0.011755078 0.999925792 -0.003209847 -3.396391869 -0.001195415 0.003196014 0.999994218 213.631256104
0.999932170 0.011588049 0.001094941 -0.856516540 -0.011584594 0.999928057 -0.003111338 -3.429566622 -0.001130916 0.003098443 0.999994516 215.109832764
0.999936938 0.011196523 0.000760631 -0.860530555 -0.011193269 0.999928713 -0.004154140 -3.462201595 -0.000807088 0.004145364 0.999991059 216.584503174
0.999951482 0.009847105 0.000225874 -0.864981294 -0.009845998 0.999941587 -0.004461810 -3.482877254 -0.000269797 0.004459369 0.999990046 218.050033569
0.999948204 0.010177466 -0.000008756 -0.876833498 -0.010177403 0.999938130 -0.004484212 -3.510798216 -0.000036882 0.004484069 0.999989927 219.523498535
0.999945164 0.010472979 0.000077562 -0.892411292 -0.010472519 0.999934852 -0.004530986 -3.542646170 -0.000125010 0.004529925 0.999989748 221.000335693
0.999944568 0.010526452 -0.000320259 -0.898991287 -0.010527877 0.999932885 -0.004834039 -3.568812847 0.000269352 0.004837144 0.999988258 222.490539551
0.999935329 0.011353817 -0.000683655 -0.913396537 -0.011357105 0.999922931 -0.005019204 -3.601307631 0.000626615 0.005026644 0.999987125 223.987670898
0.999924600 0.012266617 -0.000607292 -0.930397749 -0.012269262 0.999914348 -0.004561088 -3.633774519 0.000551291 0.004568196 0.999989390 225.473937988
0.999925613 0.012171471 -0.000784251 -0.956280112 -0.012175380 0.999912381 -0.005190559 -3.657794476 0.000721006 0.005199722 0.999986231 226.981964111
0.999937117 0.011182767 -0.000884474 -0.967722654 -0.011187371 0.999922931 -0.005383020 -3.687206984 0.000824208 0.005392577 0.999985158 228.474075317
0.999951065 0.009850871 -0.000916196 -0.975162566 -0.009855272 0.999939263 -0.004931160 -3.727658510 0.000867564 0.004939947 0.999987423 229.994216919
0.999964058 0.008463903 -0.000376864 -0.994823992 -0.008465573 0.999953210 -0.004672983 -3.760696411 0.000337295 0.004676005 0.999989033 231.490890503
0.999972641 0.007379949 -0.000292552 -1.003871083 -0.007380986 0.999965847 -0.003721935 -3.791655540 0.000265074 0.003723993 0.999993026 232.999710083
0.999972463 0.007414302 -0.000114144 -1.013869643 -0.007414622 0.999967694 -0.003117508 -3.823898077 0.000091026 0.003118269 0.999995172 234.506591797
0.999972522 0.007403287 0.000058192 -1.022646904 -0.007403020 0.999965668 -0.003713285 -3.850399017 -0.000085680 0.003712752 0.999993086 236.037017822
0.999968827 0.007891810 0.000209668 -1.029907703 -0.007890828 0.999959528 -0.004324177 -3.879079819 -0.000243785 0.004322388 0.999990582 237.548492432
0.999954581 0.009495690 0.000840694 -1.041983128 -0.009492580 0.999948382 -0.003628619 -3.910310030 -0.000875107 0.003620474 0.999993086 239.055496216
0.999950528 0.009805626 0.001638022 -1.049134016 -0.009803080 0.999950707 -0.001556381 -3.936404228 -0.001653203 0.001540246 0.999997437 240.572052002
0.999949694 0.009774021 0.002244214 -1.053008676 -0.009771038 0.999951482 -0.001336281 -3.959621191 -0.002257165 0.001314286 0.999996603 242.086975098
0.999942601 0.010335238 0.002801591 -1.058423996 -0.010327531 0.999942899 -0.002751784 -3.990037203 -0.002829872 0.002722693 0.999992311 243.608169556
0.999941826 0.010363367 0.002982643 -1.052824974 -0.010351777 0.999938965 -0.003875253 -4.020917892 -0.003022622 0.003844152 0.999988079 245.132415771
0.999936402 0.010710364 0.003535673 -1.060217500 -0.010699130 0.999937713 -0.003181383 -4.056547642 -0.003569526 0.003143352 0.999988675 246.671981812
0.999940753 0.010439239 0.003120868 -1.052351475 -0.010431957 0.999942839 -0.002340412 -4.083671570 -0.003145123 0.002307717 0.999992371 248.224014282
0.999935627 0.010892509 0.003158177 -1.060175300 -0.010886378 0.999938846 -0.001951777 -4.112903118 -0.003179244 0.001917271 0.999993086 249.761093140
0.999933362 0.011176329 0.002866579 -1.061419368 -0.011170963 0.999935806 -0.001881188 -4.140803814 -0.002887419 0.001849040 0.999994099 251.298995972
0.999913037 0.012864576 0.002905961 -1.058315873 -0.012859106 0.999915540 -0.001893050 -4.163396358 -0.002930069 0.001855517 0.999993980 252.854537964
0.999891758 0.014380115 0.003104074 -1.061479807 -0.014373683 0.999894440 -0.002084025 -4.190454960 -0.003133715 0.002039182 0.999993026 254.401626587
0.999880135 0.015024121 0.003746425 -1.067158818 -0.015017603 0.999885738 -0.001761654 -4.216249943 -0.003772464 0.001705181 0.999991417 255.964370728
0.999910951 0.013016002 0.002937714 -1.063545108 -0.013011840 0.999914289 -0.001431944 -4.250683308 -0.002956101 0.001393591 0.999994636 257.507598877
0.999926448 0.011898611 0.002354292 -1.056806445 -0.011896727 0.999928951 -0.000812525 -4.274439812 -0.002363793 0.000784457 0.999996901 259.041748047
0.999953687 0.009135474 0.003019649 -1.067994714 -0.009135070 0.999958277 -0.000147274 -4.297183037 -0.003020869 0.000119682 0.999995410 260.544555664
0.999965787 0.007850099 0.002593901 -1.066830516 -0.007847088 0.999968469 -0.001168584 -4.318305969 -0.002602993 0.001148189 0.999995947 262.081665039
0.999975741 0.006405308 0.002742073 -1.079520583 -0.006400494 0.999977887 -0.001760649 -4.349421501 -0.002753290 0.001743055 0.999994695 263.587249756
0.999984443 0.004761219 0.002894663 -1.074925661 -0.004760325 0.999988556 -0.000315547 -4.372145653 -0.002896132 0.000301762 0.999995828 265.126403809
0.999990821 0.002575322 0.003416943 -1.087898374 -0.002580210 0.999995649 0.001426890 -4.391756535 -0.003413254 -0.001435693 0.999993086 266.646026611
0.999994874 0.001625047 0.002732742 -1.080161214 -0.001627178 0.999998331 0.000777789 -4.416988850 -0.002731473 -0.000782231 0.999995947 268.183593750
0.999993265 0.001354603 0.003407873 -1.083481312 -0.001351919 0.999998748 -0.000789599 -4.435225487 -0.003408938 0.000784986 0.999993861 269.749938965
0.999992430 0.002027754 0.003315910 -1.079252362 -0.002024959 0.999997616 -0.000845960 -4.466100216 -0.003317617 0.000839239 0.999994159 271.291931152
0.999985516 0.003498268 0.004125659 -1.063684702 -0.003494356 0.999993443 -0.000955107 -4.486676216 -0.004128974 0.000940676 0.999991059 272.867889404
0.999972820 0.005322492 0.005114228 -1.072564244 -0.005313390 0.999984264 -0.001791698 -4.509006023 -0.005123684 0.001764475 0.999985397 274.401672363
0.999955475 0.007217684 0.006077645 -1.076229692 -0.007204210 0.999971569 -0.002236149 -4.537611008 -0.006093612 0.002192264 0.999979019 275.953796387
0.999945223 0.008394738 0.006273114 -1.060081720 -0.008377618 0.999961138 -0.002750521 -4.568252563 -0.006295960 0.002697816 0.999976456 277.504638672
0.999948144 0.008350354 0.005830190 -1.049153447 -0.008330890 0.999959588 -0.003354913 -4.601460934 -0.005857970 0.003306168 0.999977291 279.062469482
0.999937594 0.008289132 0.007488849 -1.056139231 -0.008254479 0.999955118 -0.004646534 -4.623509884 -0.007527028 0.004584428 0.999961138 280.621429443
0.999939382 0.008493230 0.007007875 -1.029971123 -0.008464534 0.999955714 -0.004114470 -4.662917137 -0.007042510 0.004054901 0.999966979 282.225494385
0.999936938 0.007809214 0.008069744 -1.032959819 -0.007782588 0.999964178 -0.003325482 -4.685469627 -0.008095425 0.003262469 0.999961913 283.818847656
0.999948978 0.006606041 0.007643163 -1.022290826 -0.006581821 0.999973178 -0.003189740 -4.716299534 -0.007664031 0.003139271 0.999965727 285.387359619
0.999958038 0.005980757 0.006939781 -1.000588655 -0.005943456 0.999967873 -0.005383097 -4.752007961 -0.006971753 0.005341625 0.999961436 286.953887939
0.999969661 0.004336385 0.006471987 -0.989420056 -0.004288815 0.999963760 -0.007345998 -4.788229465 -0.006503609 0.007318018 0.999952078 288.523040771
0.999974072 0.004018584 0.005974534 -0.988182127 -0.003974702 0.999965191 -0.007338817 -4.821488380 -0.006003818 0.007314881 0.999955237 290.087585449
0.999983132 0.003020755 0.004945047 -0.988565862 -0.002984044 0.999968052 -0.007414367 -4.854373932 -0.004967287 0.007399487 0.999960303 291.653472900
0.999988079 0.002807842 0.003972757 -0.997812808 -0.002776317 0.999964714 -0.007918791 -4.888620853 -0.003994854 0.007907669 0.999960780 293.190185547
0.999988377 0.002976472 0.003793128 -1.006550908 -0.002944625 0.999960601 -0.008374127 -4.919922352 -0.003817904 0.008362859 0.999957740 294.773925781
0.999993026 0.002237496 0.002995695 -1.002611995 -0.002216030 0.999971986 -0.007149771 -4.965512753 -0.003011608 0.007143083 0.999969959 296.345062256
0.999995708 0.002176483 0.001963320 -1.008679152 -0.002162506 0.999972522 -0.007093440 -5.006424427 -0.001978705 0.007089165 0.999972880 297.905944824
0.999998152 0.001763923 0.000734652 -1.010666728 -0.001759871 0.999983430 -0.005480269 -5.044386387 -0.000744306 0.005478966 0.999984741 299.464569092
0.999994099 0.003429016 0.000072680 -1.022227526 -0.003428685 0.999985456 -0.004145911 -5.077332497 -0.000086896 0.004145639 0.999991417 301.045013428
0.999992430 0.003769814 0.000988554 -1.032252908 -0.003765691 0.999984324 -0.004139805 -5.106102467 -0.001004145 0.004136050 0.999990940 302.645050049
0.999990880 0.003989612 0.001520404 -1.030704498 -0.003983226 0.999983311 -0.004180257 -5.140204430 -0.001537057 0.004174164 0.999990106 304.249298096
0.999992907 0.002939277 0.002348447 -1.044391751 -0.002928606 0.999985456 -0.004534339 -5.167373657 -0.002361741 0.004527428 0.999986887 305.838134766
0.999996543 0.000953257 0.002439952 -1.038589835 -0.000940027 0.999984860 -0.005417529 -5.201524734 -0.002445079 0.005415217 0.999982357 307.455657959
0.999996364 -0.000782957 0.002550067 -1.029497981 0.000801817 0.999972224 -0.007403229 -5.233042717 -0.002544200 0.007405248 0.999969363 309.066741943
0.999995768 -0.001130355 0.002659297 -1.039028764 0.001152472 0.999964654 -0.008330088 -5.268535614 -0.002649787 0.008333116 0.999961793 310.666687012
0.999999702 -0.000470772 0.000527238 -1.046186209 0.000475882 0.999952555 -0.009735138 -5.300179958 -0.000522629 0.009735385 0.999952495 312.287322998
0.999998450 0.000889444 -0.001527587 -1.052925467 -0.000902534 0.999962628 -0.008589933 -5.343926907 0.001519890 0.008591299 0.999961913 313.897644043
0.999995410 0.002220542 -0.002071239 -1.064326048 -0.002232443 0.999980867 -0.005761481 -5.374310493 0.002058405 0.005766078 0.999981284 315.528625488
0.999998927 0.000085141 -0.001409043 -1.064500332 -0.000088133 0.999997735 -0.002123614 -5.413217545 0.001408859 0.002123735 0.999996781 317.179565430
0.999998450 -0.000744108 -0.001605220 -1.070248842 0.000741907 0.999998748 -0.001371114 -5.442745686 0.001606238 0.001369921 0.999997795 318.800994873
0.999997318 -0.001733043 -0.001503174 -1.078099728 0.001728953 0.999994755 -0.002718181 -5.467630863 0.001507877 0.002715575 0.999995172 320.419830322
0.999994695 -0.003088833 -0.000998015 -1.093362927 0.003086177 0.999991715 -0.002652212 -5.497108936 0.001006199 0.002649118 0.999996006 322.035858154
0.999995589 -0.002905329 -0.000652466 -1.108054757 0.002903765 0.999992907 -0.002385127 -5.528411388 0.000659391 0.002383222 0.999996960 323.653564453
0.999995530 -0.002982176 -0.000021662 -1.106329918 0.002982121 0.999993145 -0.002206433 -5.564217091 0.000028242 0.002206359 0.999997556 325.327484131
0.999998212 -0.001830847 0.000408145 -1.115550876 0.001832118 0.999993324 -0.003135845 -5.593701363 -0.000402401 0.003136587 0.999994934 326.946624756
0.999998510 -0.000890076 0.001481934 -1.131690741 0.000895467 0.999992907 -0.003641381 -5.628800392 -0.001478683 0.003642702 0.999992251 328.562225342
0.999995410 -0.002149041 0.002144876 -1.133871675 0.002152695 0.999996364 -0.001702422 -5.659932137 -0.002141210 0.001707032 0.999996185 330.201263428
0.999992847 -0.003023061 0.002264523 -1.140376329 0.003024647 0.999995291 -0.000697371 -5.690161705 -0.002262403 0.000704216 0.999997199 331.809539795
0.999989271 -0.004144153 0.002069591 -1.138326287 0.004148708 0.999988973 -0.002201210 -5.713151932 -0.002060446 0.002209773 0.999995410 333.449432373
0.999994099 -0.003053533 0.001565266 -1.133373618 0.003057085 0.999992728 -0.002271236 -5.744089603 -0.001558319 0.002276008 0.999996126 335.088806152
0.999998450 -0.001371884 0.001125077 -1.138916969 0.001376448 0.999990821 -0.004066872 -5.778076172 -0.001119487 0.004068414 0.999991059 336.706146240
0.999999344 0.000797232 0.000855359 -1.150452495 -0.000791033 0.999973536 -0.007223665 -5.812098503 -0.000861095 0.007222983 0.999973536 338.325561523
0.999998569 0.001691915 0.000061034 -1.159328103 -0.001691467 0.999975979 -0.006724483 -5.848739624 -0.000072409 0.006724370 0.999977410 339.948608398
0.999996662 0.002597135 -0.000422670 -1.177654862 -0.002598190 0.999993443 -0.002514334 -5.894769669 0.000416137 0.002515423 0.999996662 341.542663574
0.999993980 0.003247010 -0.001207547 -1.190962672 -0.003245697 0.999994099 0.001086874 -5.933537960 0.001211068 -0.001082948 0.999998569 343.147705078
0.999991775 0.003203942 -0.002460691 -1.191339612 -0.003204152 0.999994874 -0.000081892 -5.961720467 0.002460416 0.000089776 0.999996960 344.777099609
0.999988258 0.002622000 -0.004071646 -1.205074906 -0.002628200 0.999995351 -0.001517890 -5.989744186 0.004067647 0.001528574 0.999990582 346.369354248
0.999981642 0.001278988 -0.005913338 -1.214895844 -0.001278072 0.999999166 0.000158514 -6.024842262 0.005913536 -0.000150954 0.999982417 347.967071533
0.999975681 -0.000447702 -0.006953058 -1.228644609 0.000452909 0.999999642 0.000747329 -6.056009769 0.006952719 -0.000750460 0.999975562 349.568206787
0.999975324 -0.000345052 -0.007020286 -1.249584317 0.000347218 0.999999881 0.000307353 -6.086889744 0.007020179 -0.000309783 0.999975264 351.173553467
0.999973893 -0.001630840 -0.007035487 -1.266023040 0.001629836 0.999998689 -0.000148401 -6.119965553 0.007035719 0.000136931 0.999975264 352.781524658
0.999971926 -0.001619980 -0.007315766 -1.279009461 0.001617568 0.999998569 -0.000335670 -6.146599293 0.007316301 0.000323827 0.999973178 354.373138428
0.999972939 -0.002543637 -0.006896685 -1.302599072 0.002542423 0.999996722 -0.000184897 -6.176371098 0.006897134 0.000167358 0.999976218 355.972381592
0.999967635 -0.003772780 -0.007108156 -1.312126160 0.003770585 0.999992847 -0.000322129 -6.207893848 0.007109321 0.000295316 0.999974668 357.576416016
0.999964893 -0.004187286 -0.007256949 -1.331357360 0.004182216 0.999991000 -0.000713597 -6.239257336 0.007259872 0.000683222 0.999973416 359.172485352
0.999963582 -0.004776313 -0.007075914 -1.350480199 0.004774905 0.999988675 -0.000215636 -6.269825459 0.007076863 0.000181841 0.999974966 360.766204834
0.999964178 -0.004782730 -0.007001908 -1.366415620 0.004776467 0.999988317 -0.000910979 -6.298600674 0.007006183 0.000877502 0.999975026 362.368072510
0.999954820 -0.006693804 -0.006753048 -1.383100629 0.006681635 0.999976039 -0.001822961 -6.332178593 0.006765089 0.001777758 0.999975562 363.964202881
0.999945402 -0.008000427 -0.006722214 -1.400024652 0.007999181 0.999967992 -0.000211975 -6.357616901 0.006723693 0.000158191 0.999977350 365.552642822
0.999927759 -0.009705186 -0.007088822 -1.404334545 0.009710141 0.999952614 0.000664699 -6.385145664 0.007082036 -0.000733484 0.999974668 367.150085449
0.999921679 -0.010360810 -0.007010446 -1.417691588 0.010358093 0.999946237 -0.000423858 -6.406215191 0.007014461 0.000351210 0.999975264 368.768402100
0.999947906 -0.008599075 -0.005483773 -1.456252217 0.008591083 0.999961972 -0.001479403 -6.421998501 0.005496286 0.001432215 0.999983847 370.371063232
0.999949694 -0.008070370 -0.005954241 -1.459433436 0.008072166 0.999967396 0.000277230 -6.470550060 0.005951809 -0.000325279 0.999982238 371.990234375
0.999961674 -0.006831879 -0.005498684 -1.479619384 0.006838166 0.999975979 0.001125174 -6.496678829 0.005490867 -0.001162732 0.999984264 373.600555420
0.999963939 -0.006718074 -0.005199571 -1.493168712 0.006720808 0.999977350 0.000508680 -6.517071247 0.005196036 -0.000543607 0.999986351 375.220153809
0.999963462 -0.007057096 -0.004824331 -1.513318300 0.007057965 0.999975026 0.000162887 -6.547254562 0.004823061 -0.000196931 0.999988377 376.830505371
0.999962032 -0.007110551 -0.005051281 -1.526949763 0.007111690 0.999974668 0.000207583 -6.576564312 0.005049677 -0.000243499 0.999987304 378.439941406
0.999962807 -0.007269165 -0.004635764 -1.530090451 0.007270874 0.999973476 0.000352126 -6.608444214 0.004633083 -0.000385819 0.999989212 380.075164795
0.999974430 -0.005618455 -0.004407663 -1.543870807 0.005619397 0.999984086 0.000201547 -6.629965782 0.004406461 -0.000226310 0.999990284 381.684783936
0.999984801 -0.003448493 -0.004297344 -1.559611082 0.003451499 0.999993801 0.000692169 -6.653513432 0.004294930 -0.000706991 0.999990523 383.317962646
0.999991119 -0.001644246 -0.003893018 -1.578444600 0.001642716 0.999998569 -0.000396425 -6.672900200 0.003893664 0.000390027 0.999992371 384.938415527
